1.56679468687
2.10809045168
0.0
0.111460624849
0.260004438606
-0.477717502405
0.0167835363371
0.101475849226
0.282152209341
0.101475849226
0.374939880184
0.292628643887
0.436333874981
0.336007463919
0.151202572289
0.0590085622029
0.98102156681
-0.0245896010853
0.611804254896
-0.0523484704596
0.0369210736564
0.0
0.0
0.0
0.0
1.35346232445
0.0311150178923
0.281282466589
0.337466626963
0.0600029985417
-0.0164726093953
0.775563898784
0.304314755517
0.0
-0.176219522148
0.17188488723
0.0653590011026
0.893701230954
0.586066228656
0.0343781823944
0.153504028871
0.856046133272
-0.0548642007643
0.0
0.0187212137714
0.324906651111
0.125465665091
0.0
1.44602740106
0.301931434599
0.443242314129
0.027524657951
0.582853466493
0.390168942049
0.043748546629
0.44547223004
0.119904894447
0.136023413557
0.0
0.0
0.0
-0.406767868968
-0.145337521461
0.150759811792
0.0
0.00447353366675
0.329212287192
0.0631053296054
0.758982847015
0.0913632669489
0.0854773358762
0.0
-0.0148876556732
0.120182015895
0.0696945301346
0.0297852628214
0.0
0.0901816300143
0.0
0.632853469101
0.788749922775
0.122246371757
-0.767266872964
0.224619938951
0.0176084591823
0.0
0.0
0.0
0.0
-0.000252803798287
0.122476902572
0.0
0.116672971538
0.767433509659
0.0
-0.535736061372
0.0
0.0
0.0
-0.105519180325
-0.0587540713149
0.0640998117537
-0.0136656220717
0.0915551758365
0.281280180382
-0.00582593150154
0.0
0.0
0.139834173156
0.0
0.048338302356
0.0
0.0610300778042
0.032888849231
0.0
0.612323066262
0.0
0.627964010464
0.0203224951897
0.0
0.0
0.0
0.655121889075
0.25352435341
0.0
0.0
0.0
0.0
0.0
1.61532415231
2.10801938011
-0.171795754378
0.128533011776
0.0687910349602
0.0
0.0310202286253
0.0
0.0
-0.318145397171
0.0497000706443
0.0
0.0
0.571727944562
0.130155041926
0.0102184662613
0.0
0.0
0.0
0.957586079367
0.110113268551
0.00168021950912
0.0
0.0
-0.463238631745
0.0847785432998
-0.0238959585042
0.167558040766
0.00821496875556
0.0
0.0
0.0
-0.848056458741
-0.0496852579719
-0.891415267466
0.0
0.0
0.300595212451
0.0
0.0335650705037
0.0
-0.45698783345
0.00896966499063
0.0
0.271677454994
0.0
0.0
0.0
0.0
0.0
1.02802256615
-0.271503257417
0.308281310751
0.20644180126
-0.0905685445652
0.0
-0.00644624976257
0.0
0.163780472269
-0.37836884233
0.0
-0.734681386191
0.0
-0.0607142351672
-0.48774430796
0.0
0.0
0.0
0.0
0.0
0.0
-0.0570571575311
0.200154924412
3.28212865706
0.46266923249
0.0
0.0
0.0687910349602
0.499238014277
0.0419740880051
0.0
0.0
0.0
-0.65766463726
0.0
-0.274775653833
0.0707173124506
0.0
-1.58830342106
-0.190689782426
0.0
-0.37500468141
0.0828472077439
0.0795743551351
-0.00115654524633
0.0737742092864
0.0
0.0
0.0
0.647715947141
-0.345015414947
0.342950736917
0.0
0.0
0.0
-0.174331612337
0.28001293531
-0.0134222350179
0.444808005496
0.0
0.0
-0.0199975640553
0.212518440028
0.645767172909
0.0
-0.193002179315
0.0
-0.220127340683
-0.0875307522097
-0.341691611454
0.0961049225011
-0.128820652994
0.188440130297
0.0
0.0
-0.195991249132
0.0737742092864
0.0
0.0
0.0
0.0
0.0
0.0
0.313528062454
-0.262219617443
0.497165575706
0.0
0.0737765331013
0.00496903429408
-0.225684495821
-0.540809791934
-0.0903206979473
-0.380018446276
-0.447268494968
0.0265612295851
0.23796819788
0.0950089939278
0.0
0.0
-0.205607933265
0.0712563374923
-0.283555267652
0.0
-0.158058228117
0.0
0.263578282067
0.0
0.163780472269
0.34561871207
0.0
0.0
0.279567066565
0.824689521322
-0.458125037638
0.0639843138182
0.0
0.0
0.0
0.0
-0.248554799363
0.0
0.0
-0.190665638686
0.124155400199
0.0
-0.508204698013
-0.0609286432638
0.0
-0.0386401271992
0.0
0.974304990203
0.0
-0.175279062102
0.0310202286253
0.77036109266
0.0
-0.137670670876
0.020380383975
-0.069154566918
0.0
0.0
0.0
-0.0886490462329
0.419125218572
0.31164447651
0.00629358145437
0.0
0.0
0.0
0.0
0.00572062034652
0.0
0.0
-0.240530939347
-0.340454086577
0.0
0.158599430002
0.0545859228255
0.0
0.052606157069
0.0
0.0
1.02295031482
-0.342204210321
0.0
-0.135248377795
0.0
-0.397058169298
0.500711303596
-0.132979479767
-0.000488253801868
0.0
0.721359400852
0.131783686885
-0.0824688128303
0.465730800435
-0.000669778699449
0.0
0.0935337297772
0.0
0.0
-0.325633067979
0.089900550464
-0.265372461193
0.283029940873
0.235929418351
0.375252062933
0.0
-0.222622506516
0.0
0.315656968762
0.0847785432998
0.0361584209062
-0.266641701772
0.0
0.0
0.0320392667063
0.0
-0.194736430526
0.0102184662613
0.0
0.0
0.763556964611
1.35271738371
-0.0588398291653
0.30040118831
0.0
0.0
0.0661943852503
0.0
0.111079980845
0.0647068860131
0.0
-0.188921570221
0.0
0.0
-0.126850238142
-0.00338093589986
0.0
0.0351369962635
0.0
0.0
0.155546140289
0.0
0.0
0.141718090552
-0.451194799285
0.0
0.0
-0.0365460824398
-0.0566360223923
0.0
1.2377179632
0.00393409509341
0.0
-0.0584293596491
-0.121241035497
0.0
0.236737683087
-0.562846767119
0.129017041031
0.0
0.0
0.0
0.0
0.112292632465
-0.125550814689
0.0
0.0930491531164
0.0291998488346
0.264597377256
0.0241321199287
0.0663946482897
-0.183813921015
-1.14228416245
0.0429932280568
0.0270160983431
0.140113250662
0.182594851909
-0.526412292791
-0.0803909371936
0.175175475711
-0.0620665183243
0.117519272235
0.316630707296
0.0735930835831
0.0114540505973
1.0702713029
0.0746261425732
-0.0538949530474
0.154091879343
-0.0795395178294
-0.0817865677764
-0.00811951368687
0.0
-0.180134380952
0.215940735151
0.302717689286
0.119870435011
0.113783418354
-0.0915753085617
0.61076149037
-0.0683738390672
0.110305827149
0.0286680097546
0.121004505956
-0.0705470050093
0.288873980865
-0.0243374737055
0.481056356112
0.291465869602
0.875586051117
0.0599102881075
0.195303039686
0.158374634108
0.0399870316528
0.247851214701
0.171350840574
-0.0456985187998
-0.733081655406
-0.162594383875
-0.0550744793493
-0.110570801583
-0.16302553482
-0.224460220668
0.105958385643
-0.19990992116
-0.426959267973
0.0676170754334
0.068734873852
-0.205835463868
0.279255217423
-0.258746017268
-0.489045228143
-0.0053811521831
0.185008633225
-0.493517878298
0.0881303073863
-0.398917545873
-0.412928687789
0.13065878351
-0.263456569493
-0.260778072679
-1.26660238887
-0.57774898431
-0.153951891419
-0.340675294405
-0.187273291918
0.0993833349215
-0.0687352445952
-0.387248773735
0.0
0.0
0.0
0.0
-0.178149161705
0.0
0.0293173163805
0.0194015818785
-0.0210397507961
0.0
-0.0172854271798
0.0
0.0
0.0
0.0
0.0
0.0
-0.299973470738
1.16592396686
0.54671754443
-0.151049596844
-0.349240480462
0.479661749121
-0.215441223077
0.210655376994
-0.100992241526
-0.35572659293
-0.448429888701
-0.149911482102
0.39254464915
0.280865357309
0.0
-0.00998979393561
0.0
0.0
-0.38712899293
1.18136825727
0.249703022109
0.870373949116
0.820284228463
0.898622518645
-0.589996322761
0.0
0.0
-0.182449900262
0.0
0.0
0.0
0.0
0.0
0.0
0.0
0.0
0.0
0.0
0.0
0.0
0.0
0.0
0.0
0.0
0.0
0.0
0.0
0.0
0.0
0.0
0.0
0.0
0.0
0.0
0.0
0.0
0.0
0.0
0.0
0.0
0.0
0.0
-0.161952707662
-0.0487092048952
-0.0870454438264
-0.347062668644
1.12013543519
0.0
-0.258900733613
-0.0532178612142
-0.159831769163
0.0901432035479
0.0
-0.230900854249
-0.165426899932
-0.078809913094
-0.20378475228
-0.084824601768
0.546055408591
-0.0706539908211
-0.317290805939
0.141678159405
-0.272461634976
0.129555643702
0.0
0.0
0.0
0.0
-0.022606555352
1.14467452114
-0.796402911775
-0.100539888752
-0.00288243526718
-0.0827391603258
0.0
0.00506280596748
0.0
-0.138026175261
-0.104449161999
-0.744618910602
-0.204553286106
0.0
0.364816551225
0.263770322012
0.0
0.00164033167105
-0.573401472052
-0.181046664195
0.0
0.0
0.479753053286
1.91175743515
0.178632932126
-0.000615699806099
0.0256719483103
0.0
0.0
-0.0808315964629
-0.137682390776
0.0564245171117
0.171333847617
-0.286676058586
0.376788655634
0.0998726662131
-0.200030671102
0.185799104976
0.413843226966
0.0
-0.294807339299
0.0
0.29887963754
0.733507901944
-0.474516172256
-0.0769476993811
-0.00618901844085
0.0
-0.58068026058
-0.469570907357
0.0
-0.0726962170594
0.0
-0.194188179881
0.0
0.0
0.688266692752
-0.332302806852
0.0
-0.391018459437
0.0
0.0
0.0
-0.203363793231
0.0
-0.0952895236825
-0.258404488264
0.22721370319
0.41674293118
0.0
-0.471930405311
-0.20380415421
0.0
-0.181325098196
-0.100234066085
0.00821496875556
0.486068832967
-0.0959727837655
0.00168676405633
0.0
0.0
0.0335650705037
0.0
-0.234065077322
0.0
0.0
0.597808987739
0.0
0.0
0.369455206102
2.01435929486
0.0112188554859
-0.166481576817
-0.14322315421
0.0
0.0361164046233
0.0
0.0509716437002
0.0
0.0
0.0
0.0
0.0
0.0
-1.11516434112
0.0
0.0
0.203359127054
0.0
-0.00372642524315
0.0
-0.0122919138945
0.246416727025
-0.349461417452
-0.434066316963
-0.0195359919377
0.0
0.497368035936
0.0
0.0
0.90845478258
0.0
-0.244126564484
0.0960322862275
0.0
0.0
0.155775705124
0.489561676485
-0.589505008638
-0.000252803798287
0.0
0.479063284057
-0.184411497676
0.697935629268
-0.475302371466
0.0
0.0
-0.325336037241
0.215582877694
-0.0180293741022
0.123852237891
0.0
0.0
0.0
0.0
0.378341033054
0.149592510525
0.0
0.0510310750579
0.313077512579
-0.0270922146455
0.0
0.226889949068
0.288830908275
0.0
-0.529644090656
0.0
-0.0375105817637
-0.255142164833
-0.0679970811966
0.0
0.131627048048
1.39972110285
-0.181054485737
-0.0966238962804
-0.546250140497
0.0687910349602
0.516911396036
-0.169294021742
0.193287906314
-0.0571189301086
0.0
0.0
-0.225649815433
0.0
0.0495847608361
0.0
0.0
0.355262632578
-0.0518266637052
0.40607395297
0.0
-0.191189254657
0.0
0.128750471042
-0.136589627711
0.0
-0.469370395547
0.0
0.0
-0.143046560451
-0.119945781077
0.0582720094418
0.0
0.0
-0.0334829836785
-0.154684972878
-0.436738117947
0.0
0.0
0.0
-0.0266745198304
-0.0316481603555
0.0296493324893
0.0
0.0
0.0
0.0
0.0
0.0172636637095
0.558912695943
-1.40092997558
0.0419011195601
-0.133267722925
0.0
0.0
0.654012526792
0.0
0.479070635898
-0.496629989957
0.0
0.0554389333123
-0.240788002545
-0.294225647517
0.0516715166839
-0.179403615738
0.0
-0.141189110642
0.171436762888
-0.0577660151963
-0.102939938391
-0.412866175171
0.366371390218
0.565479615428
-0.0629779951875
0.456850877512
-0.0533631305171
0.327560944537
-1.61445064691
0.971744072693
-0.142422104872
0.0
0.119572234099
0.255940006277
-0.0672801192399
-0.0341163810791
0.00226314766114
0.0
0.337271275774
-0.220292289453
1.05260647692
0.0
0.317545302473
-0.305155495508
0.0
0.0256719483103
0.0
0.0
-0.654713647284
-0.299489403103
-0.00330721198652
-0.516936115484
0.0744552106322
0.12925262483
0.142917175818
0.491103203397
-0.147311654459
0.0
0.187508963656
0.0
0.206585266623
0.336167582291
0.313251481718
0.0
0.518701975516
0.0
0.288073568558
0.0687910349602
0.0361952244768
0.0
0.216953278968
-0.0145723462203
-0.435693854962
0.435884467673
0.0
1.02173092054
1.95922150143
-0.0380148927362
-0.115457103509
-0.563762527094
-0.0437653761049
0.0
0.0520123141157
0.0
0.216430645105
0.0
0.0
-0.264215594825
-0.045931491184
0.163170950014
-0.07573004609
0.105966857641
0.0
0.0
0.785083462684
0.439949239924
0.525271621394
0.433810467755
-0.16904640915
0.184545747568
0.389323830408
0.182665197789
-0.0689311627519
0.22816417833
0.0484204850698
-0.012190847558
0.0
0.1911389548
0.739612643238
0.0
0.339713887883
0.0
0.0
0.0
0.213713729471
-0.0192114958596
0.0
0.999216144708
0.0
-0.0591192856187
-0.127087616487
0.0162168396518
0.0
0.0
0.0
-0.0832590855658
-0.00171359931045
0.349375659748
-0.232852322638
-0.0258566799301
0.0
0.0783798751866
0.292419045749
0.0
0.0105941610146
-0.0138731149286
0.128973826069
0.0
0.567579023605
1.9656045235
0.0
0.0
0.0332255301796
0.187396286189
-0.061140920855
-0.135551801234
-0.0217605203699
-0.148551788303
0.25892943549
0.0
0.0
-0.204068888015
-0.648365701323
-0.604696980936
-0.877129771247
-0.12666346591
0.0
0.0
0.0
0.0
0.0
0.0
0.0
0.0
0.788890803877
-0.428203637623
-0.796859391635
0.0968484767989
-0.0689592548537
0.0
0.0
0.0
0.0
0.0583203621849
0.175985619717
0.0
0.674645925411
0.253955406771
0.0423106598868
0.0
0.415067774323
-0.306611305087
-0.0539540254549
0.0
0.0
0.0
0.0
0.15397424283
-0.235331589381
0.19044547711
0.0
0.125486349475
0.0
0.191936609574
0.0
0.327599906015
0.0666423310176
0.0
0.380734418969
0.063397348385
-0.176873635013
-0.127210859745
0.254580157888
0.127633095917
0.0
0.0256719483103
0.0
-0.409103640114
1.29444797955
-0.0346300843707
0.0
0.0434436856874
0.0320360509439
0.18398531362
-0.408186622743
-0.195719126392
-0.620464238789
0.501736375454
0.0
0.0
0.756350706353
-0.25567076417
0.449842980031
0.07592230908
0.53678703319
0.299072638272
0.216522552799
0.00838703221217
0.029818005496
0.0
0.583757896416
-0.117502743933
-0.114174237105
-0.754505147012
-0.0867951308405
-0.344218174216
-0.299507890541
0.0540380872075
0.0
-0.119711431559
0.309282104035
0.107493760607
0.0
0.124472124556
0.103821998619
0.297440317022
0.0
0.407641173421
0.324760774351
-0.0467250068321
0.897661016746
0.0
0.0
0.590900643974
0.162637778138
0.0191583863008
-0.00421407223683
-0.0130853576635
-0.228511357496
0.0
0.245508138417
0.103821998619
0.110154773693
0.388464134408
0.318517461611
0.34836128514
-0.289306353875
0.553394739279
0.0
-0.126172337687
0.0
0.0258070018884
0.0
0.0774739130836
-0.194716005768
0.321327082339
0.0661943852503
0.0
0.0
-0.0458935098411
0.0
0.00147318739412
0.0
0.0
0.389293975935
-1.71828441114
0.485671885226
0.0181791397315
0.187330108061
-0.0286776901718
0.680946835085
0.0563993865998
0.0
0.103821998619
0.637696768051
-0.0616886970372
0.0
0.0183063267894
-0.263773498572
0.123640177188
0.0
-0.0227437398403
-0.0661891365829
0.000424063516357
0.103821998619
0.067002620589
-1.84713864029
-0.0790318241691
0.0
-0.0895679071577
-1.02661649268
-0.190436018633
-0.00557687651295
-0.145262477052
-0.0675087317963
0.0
0.0
-0.000502962414281
0.0
0.0293173163805
0.0
0.0
0.0
0.0
0.0
0.0
0.0
0.0648598069453
2.08028813017
-0.193094032198
-0.139573237495
0.00794292310869
0.154972875969
0.0
0.0
0.0
0.0
0.0986899531017
0.122548865387
-0.022128188175
-0.0260083229099
-0.202249008431
0.191839625679
-0.0382903636076
0.113794113464
0.163780472269
0.173441577601
0.0
1.07352558224
-0.0499826424656
-2.41305357183
0.103821998619
0.0
-0.0609295948359
-0.0457817352627
-0.422266682838
0.774388428707
0.183255520133
0.43787045464
0.572536226208
0.0
0.0
0.147876838111
-0.0999043142414
-0.150431930604
0.0
-0.00134273136073
0.285041716618
0.181331688297
0.169694615161
0.0539260147216
0.0
-0.0311986095844
0.601291939685
-0.0098366558766
0.0
0.000543692560248
0.0686190248779
0.103821998619
-0.159222864013
0.55752081505
0.088263888403
0.0042889879454
0.0
0.753804995538
-0.986307438741
0.0
-0.226858864833
0.0
0.0
0.264410352131
0.141261519925
0.283457181014
0.0933336416775
0.00941189895823
0.0701566141359
0.0
-0.225350087446
0.0
0.0
0.308132408106
0.836538608038
0.245278144694
0.0
0.0
-0.0380952654983
0.175512776734
0.0380233680906
0.0459118907158
0.102571296782
0.0
-0.0111425289144
0.0
0.0
0.450531709002
0.0
0.0
0.68603934733
0.598529189716
0.710393741375
0.0956430364664
0.0826035868457
0.0
0.732731010659
0.0229139291969
0.0
-0.0356032475261
0.0155793077457
0.0335423162032
0.366832893551
0.0862230784327
-0.140612805769
-0.0112840193785
0.0
0.769450634844
0.318954838545
0.0
0.386426424374
0.108547745981
0.135075188075
0.0
0.316043293355
0.337073404389
0.0283229868102
0.0
0.68052566371
0.177622046129
0.321418803837
0.0
0.162312153151
1.31127516671
-0.260352671686
0.0
0.0
-0.0384729249667
0.00331173790473
0.329280913575
0.0
-0.0219225951469
-0.00053455026053
-0.0811189917633
-0.0280031907338
-0.061647858957
0.163780472269
-0.479463385146
0.0
0.0
-0.304112298479
0.0
0.0
0.0
0.0
0.0
0.0
0.0
0.0
0.140929415329
0.0364164211307
-0.018072284176
-0.0036272777012
0.000636329333986
0.0
0.0
0.0
0.0999596647112
0.244255266625
-0.0805745595228
-0.0543873790946
0.0
0.0526142778372
-0.0460392751344
0.363952984194
0.0
-0.0659542634975
-0.592268059582
-0.573917589669
0.0
0.206553364119
-0.158762856682
0.251185197791
-0.245985726764
-0.0102253597842
0.0
0.41031811167
0.0783726718715
0.780854383721
0.135048506747
0.254341554995
0.0980364319086
0.0
2.17612740926
0.204524456128
0.0
0.0719364264328
-0.129109386083
0.0
0.0047498113226
0.0
0.0
-1.52726194874
0.812660074299
0.0
0.139699601657
0.34985064904
0.164289341585
0.288622494045
-0.082995330231
-0.0472647111861
-0.155784017856
0.119721587441
-0.0205598019839
0.0
0.0219471543506
1.26110278779
0.372744239398
0.0
0.0176084591823
-0.0965651648639
0.0918774992836
0.179110887067
0.00340246645493
0.295863821788
0.0466088063152
0.171335110839
0.347498791943
0.235292024107
0.0
0.100810728991
0.0517831661136
0.172187270688
0.179179586334
0.217768445884
-0.175205389261
0.174828916197
0.0
1.48955279437
1.01878442017
0.206259971679
0.103813924595
-0.405033258869
-0.266463865054
0.0
0.0
0.0707985021667
0.301859331304
-0.0861110897086
0.091200696764
-0.0251801966444
0.0
1.06809100355
0.538851479971
0.0
0.487437830411
0.0
0.333893655369
0.378072834271
0.0
0.26955924303
0.0515461941815
0.0
-0.0340812539146
0.0
1.44297441218
-0.0116418891791
0.123759611153
0.0488176080048
0.233000342655
0.474020076357
0.0
0.0831067701956
0.0
-0.0073832067255
-0.00139560897566
0.0
0.0
-0.608265089276
0.0
0.0
0.0
0.0
0.0
0.0
0.0
-0.249838875245
1.05616966515
-0.0311581392304
0.200543530297
0.0
0.0
0.258037385469
0.0
0.220006042853
0.0
0.0
0.0
0.203557269225
0.154080874604
0.11505922035
0.0
0.917460125326
-0.0964896325478
0.378049138893
0.0
-0.255803646746
0.0146899787778
0.0197976537911
0.212328969504
0.173551602391
-2.21210840503
-0.138554932065
0.0
0.127216862838
0.865215354262
0.108015232229
0.353391477454
-0.0680526119971
0.0569664028785
0.545317937134
0.0
0.0154666545464
-0.141273427871
0.121370447654
0.301068036484
0.378045809427
0.274608208448
0.0
1.01662550096
-0.168130311676
0.0291627539944
0.0115782193199
-0.0339746952322
0.564939804928
0.168154271666
0.0376359048086
0.0
0.907123514267
0.227735793871
1.17726729264
-0.162406824686
-0.135290986827
0.000636329333986
0.140392543826
0.00805593750442
0.067448001747
0.0
0.0
-0.835366074039
1.27567032102
0.0
0.0
0.0441190616112
0.165775132443
-0.183972732972
0.310067559165
0.0369511633949
-0.106404027037
0.249244376789
-0.822417984963
-0.0017001662702
0.0
0.812348382643
0.0827803214773
0.0594357845094
0.258535385074
0.0
0.0440286224171
0.644874116384
0.13390719974
-0.0209475759653
0.0409745332005
0.174505343677
0.336984635106
0.202428913743
0.0137525219442
0.146535758961
0.26156071555
1.00229547138
0.247243699394
0.0621818370592
0.0413492788328
0.432395174241
0.11427618444
-0.107331906852
0.386001702941
0.0847648334575
0.0
0.0011441240693
-0.00142506975477
-0.120500857928
0.0
0.0
0.0
0.0
0.0220649937104
2.73259328206
0.0738388536275
0.0
-0.0063926535916
0.0
-1.09600335332
-0.258423386731
0.277211372775
0.0326841426486
0.157718583034
0.00547764798524
-1.13096804602
0.264306073789
0.0
0.92131397938
-0.720294917299
0.0
0.214646239789
0.187312944178
0.0561942553536
0.0137134457372
0.164043385705
-0.111555555798
0.255897638347
0.00226413668518
0.0
0.332538197532
0.0
0.882500645232
-0.281459076234
0.0
0.0
-0.0880453613653
0.0908366241816
0.045272899962
0.123156282597
0.0
0.138421629605
0.657951995146
0.363432306682
0.758456884182
-0.0238959585042
-0.0625835472474
0.0
0.0453922479482
0.0704275306992
0.017876818052
0.0
0.0
0.556090868847
0.176675540014
-0.0977744373472
0.527807665047
-0.326493145425
0.129529647078
0.0531329545626
0.0558746917014
-0.0545860545557
0.0
1.70991529098
0.217860985378
-0.065959257978
0.0360349288405
-0.336947268785
0.0937012752263
0.191977799607
0.0
-0.0286550950645
0.0
0.362381844826
0.309168558794
0.0
0.0
0.381708232348
0.212613919938
0.0
0.997448827276
-0.0767429235759
0.000846024234059
0.884619535349
0.20834256393
0.144728073405
-0.0409863885061
0.464383254142
0.0
0.759581601974
-0.156670309263
0.0744531927389
0.280974610772
0.0
0.194834580957
0.832481476499
0.0497000706443
0.060607808453
-0.0403272679587
0.0
1.34099196735
0.760449383541
0.0714755746719
0.0483547761892
0.13265726711
0.0
0.0
-0.350644750113
0.0
0.0
-0.0868853981675
0.0
-0.293130844774
0.0
0.0
0.0
1.70753322382
0.983482450627
-0.0663527474771
0.0
-0.0977872462576
0.997446619259
0.169811115069
0.0728503112609
0.0
0.163780472269
0.0
-0.182299572644
-0.120943614414
2.09737498382
-0.0120168951338
0.0545045499724
-0.0631869591676
0.138994381757
-0.138122065452
-0.035169160456
0.0255165355675
0.15519110412
0.752242621102
0.15109262983
0.323886741594
0.172281205503
0.0
0.269716292683
0.0
0.072346495228
0.0448257946891
0.0
0.284397102368
0.36039628535
0.208830113928
0.0
0.051598898244
-0.587902118817
0.0
0.0
-0.0525186075199
0.18373746229
0.0687910349602
-0.176639223928
0.0941085510967
1.19600009252
-1.18894528487
0.0
0.0997701049023
0.0
0.257931460813
0.27098552434
0.152975482687
0.0061783236615
0.0149300617437
0.240703638824
0.506934787976
0.0
0.502367907452
0.173754579956
0.0
0.200613565022
0.0284613488883
0.205415631544
0.0606862499268
0.0380233680906
0.169933216054
0.320099387546
0.0626609917593
0.0
1.73197759199
-1.68237322973
0.0442358090808
-0.0837620885216
0.113915993207
0.846495013501
0.120216591739
1.03329642855
-2.2873311883
-0.0900940610414
0.0
0.0
0.0
0.0
0.0
0.0
0.0
0.0
0.0
0.0
-0.0906438710047
0.0
-0.0946367029604
-0.0055908831982
0.174036610495
0.0
-0.0321578634718
0.0
-0.0806679936225
0.0
0.0
0.0
0.449888020145
-0.324321013235
0.0
0.0
0.0291738847584
0.0
0.0
0.0
0.0
0.0
0.0
0.95430424803
0.0
0.0
0.0
0.0483929834913
0.00516481072911
0.0
0.0
0.0
-0.00179755724498
-0.0604500061557
0.0102556502065
-0.136046060023
0.128511852644
0.0923036674989
0.0
0.0324328401233
0.0
0.317579216136
0.0
0.0
0.0
0.0
0.0
0.0
0.0
0.0
0.0
0.096796921215
0.0
0.0
0.0607182403975
0.0
0.0
0.0
0.0125662779478
0.0
0.0
-0.101132076656
0.0
0.0
-0.101132076656
0.886161038241
0.0
0.0
0.0
0.211665689987
0.0
0.0
0.0
0.0117725344886
0.0
0.416224293846
0.283276376986
0.149522391023
0.0589201265718
0.0
0.0
0.0
0.219782806193
0.0
0.0
0.319128234014
0.0
0.0
0.0788803384869
0.0
0.392693212229
0.123505258881
0.0
-0.0301104049799
0.00750777373485
0.0
1.17046212989
-0.128995804637
0.0
0.0
0.0
0.0
0.0
0.0
0.0
0.0
0.0
0.0
0.0
0.0
0.0
0.0
0.0
0.0
0.0
0.0
0.0
0.0
0.0
0.0
0.0
0.0
0.0
0.0
0.0
0.0
0.0
0.0
0.0
0.0
0.0
0.0
0.0
0.0
0.0
0.0
0.0291738847584
0.381809607245
0.0
0.0859160714478
0.0
-0.0561779851041
0.0
0.0
0.0800347732772
0.126682058743
0.0
0.0
0.0
0.0
1.81990644768
0.0143500182253
-0.306346635746
0.317534558691
0.0
0.312311191467
0.0
0.0
0.269321494845
0.324875738903
0.0
0.0
0.0111599546018
0.0
0.0
0.382082179565
0.0
0.0
0.0
0.0499919640787
0.205641159205
-0.311956722264
0.0
-0.0428701770185
0.0
-0.00482875486061
-0.523399093056
0.00953202424446
0.246540780318
0.0
0.0
0.488726433584
0.453801673229
-0.066061762621
0.0
0.0
0.0
0.18377421071
0.0
0.280253941876
0.555190721227
0.0
0.0
0.0574494042695
0.0
0.0
0.0
0.0
0.0
0.0
0.0
-0.00128255606501
0.0
0.0177964987864
0.0
0.0
-0.149576912821
2.26114283781
0.309303388305
0.0
0.0
0.0
0.0
0.0
0.0
0.35973495872
0.0
0.0
0.0
1.87474420413
0.0
0.0
0.0
0.0
-0.476077964032
0.0283929589163
0.0937711159983
0.0184332110802
0.0
0.0
0.0
0.607274436853
0.0
0.0
0.0
0.0
0.0
0.0
0.0
0.0
0.0
0.0
0.0
0.111275390429
0.0
0.226174904886
0.0
-0.0103415395354
0.0
0.0
0.0859160714478
0.436335644977
0.134211486807
0.363699331647
0.0
0.00713869086722
0.0
0.0
0.0
0.0
0.811302022899
0.0
0.0
0.144214841239
0.0
0.0
0.0
0.350047992724
0.0
0.0
0.0
0.0
0.0
0.0
0.0455534832185
0.0
0.0
0.0
0.0
0.0
-0.23948054535
-0.0830496353267
0.0
0.0
0.855290674834
0.436784136773
-0.0622717526936
0.0
0.271286989575
0.00436664225919
0.374852613751
0.0
0.0
0.228761392701
0.0
0.185064587895
0.0143500182253
0.0
0.363699331647
0.00370171961891
0.00370171961891
0.507286186758
0.0
0.0
0.0
0.0
0.0
0.0
0.0820006871489
0.0
0.0
0.0
0.797456853466
0.121005275562
1.86603492991
0.959811446151
0.0
0.0
0.0
0.0
0.0
0.0
0.0234244874636
0.0933089856314
-0.0351086193806
-0.223801548484
0.0707757308078
0.0
-0.065705002106
0.0
0.0
0.0
0.00331016344328
0.0
0.15775603124
-0.0215021813853
0.0428520638514
0.0
0.195838333227
0.165557255782
0.0
2.87193787615
0.332940551116
0.427020057392
0.0
0.611791903778
-0.110104404566
0.430656356771
0.0
0.0340495166479
0.306269798274
0.186842722653
0.163780472269
0.0
0.0
-0.0210460573917
0.0
0.0
0.195811910133
0.410620752366
0.0
0.0
0.0
0.0
0.0
0.0
-0.000538162162747
0.0
0.0
0.0
0.435780540194
0.453060512669
2.64108585079
0.0
-0.0003124130849
0.0170170404504
-0.520241907245
0.0461170283385
0.94092032943
0.0237879766717
0.0
0.114521539914
-0.0778282828978
0.195945331477
0.130530331425
0.0
2.48001961011
0.0
0.0
0.0
0.0
0.0
0.0
0.0
0.0
-0.120257051723
0.0
0.0
-0.00133322955637
0.0
-0.0416055946537
0.00947417837742
-0.0233848951926
0.420823028409
0.0
0.0
4.85865602222
0.0241746796475
0.0221285348591
0.0
0.0
0.0
0.0
0.266343937391
2.87752462472
0.0
-0.0194957012942
0.0136976938901
0.0141165372042
0.0
0.230440292917
0.302292390095
0.227775112269
0.00346588346974
0.00228824813861
-0.547714134999
0.0654625827987
0.00624276887479
0.139887514612
0.115484733331
0.0
0.0544065540435
-0.0208998800888
0.0
0.0
-0.317210754505
0.0
0.0
0.285352583927
0.0480763671865
0.510975446772
0.0
0.217786708007
0.0
0.0
0.0
0.342511531389
0.0433533640341
0.0
0.0
0.0
0.153020755617
0.0
0.0
0.0
0.0
0.0995784996062
0.0497939254096
0.0140366711738
0.0
0.0
0.074753865977
0.15775603124
0.847327777445
0.0
0.0272273240409
0.0
0.0
0.0
0.0
0.0
0.181114630226
0.0
0.0
0.234852677898
-0.00168015596936
0.0180164109048
0.0
-0.0491323384412
0.388736804273
0.0133097396726
0.0
-0.0724873013546
0.0
-0.102735906159
0.0
-0.130675398029
0.0196853022303
0.0291738847584
0.0
0.0
1.14741348558
0.0
0.268039553469
0.12350795956
-0.0576040294589
0.0
0.0
0.0
0.0
0.972005723856
-0.00156696317044
0.305238143345
0.0659219628241
0.0
0.0676170754334
0.0352132073363
0.0
0.0
0.0
0.0
0.0
1.95697674207
0.0
0.971611410447
0.0
-0.206159737497
0.025816677844
0.168909411658
0.0
0.188839891048
0.00346588346974
0.11817445856
0.433961719112
0.0
0.0
-0.00103981291028
0.0
0.0
0.0
-0.72226468566
0.0
0.0
0.0
0.0
0.0
0.220543641925
0.0731627927035
0.0
0.0
0.0
0.45998698247
0.0
0.0
-0.07597710948
0.0131450777359
0.0
0.0
-0.0543071008411
0.0
0.0
2.24754112877
0.0347230666671
0.0
-0.111692662342
0.0
0.0237879766717
1.0015340764
0.274033759223
0.0
-0.0512302778855
0.0
0.0037073007778
0.0
0.248813909737
0.0521326314938
0.272192662588
0.0
0.0871606163535
0.0
0.0352132073363
0.0300121226914
0.0
0.0
-0.0387635880022
0.189872351264
0.0
0.0
0.0
0.170953519175
0.0
0.0
0.0
0.154185091612
-0.0915591642182
0.0
0.0
0.0143500182253
0.138614671536
0.00972462504176
0.0
0.0
0.0
0.0
0.0
0.0
0.938899281346
-0.345623236532
0.0
0.0
-0.317080634859
0.0
-0.0189887016125
0.0
0.0204089566563
0.0
0.0
0.0
0.0
-0.0541308742603
0.0
0.0
0.0
0.0
0.0
0.0
0.0221096629672
0.0
0.0
0.0
0.512975151193
0.0465702363598
-0.0752369220733
0.0
0.0
0.0037073007778
0.0532902528515
0.0340495166479
0.0
0.0
1.25505224715
0.0
-0.169533597077
0.708148362573
0.0
0.110782363227
0.0
0.15089306058
0.0
0.0
0.0
0.0
0.457782878507
0.0
0.0
0.0474253356034
0.0164279537432
1.3435506632
0.0322774456757
-0.0552987701711
0.0
0.0
-0.0998028217285
0.0
0.156335998038
0.0
0.0
-0.164957835764
0.0
0.216986419029
0.0
0.0
0.0
0.0
0.0133097396726
0.0
0.0259420670059
0.314634210568
0.0
0.214231153141
0.0
0.0
0.0143500182253
0.0
0.0
0.0
0.0
0.0143500182253
0.526625918374
0.0
0.0
0.0293173163805
0.174320546206
0.0
0.654269639526
1.84464031196
0.0
0.311465995856
0.627913823189
0.0
0.0
0.00370171961891
0.0547592434598
0.130008960062
-0.666210276248
0.435834940335
0.0
0.0
0.214844542431
0.199255165707
0.139234982167
0.0
0.0
0.0
0.0
0.0
0.379928591268
0.0
0.0
0.00614455099407
0.0
0.0
0.0
0.0
-0.119675575624
0.163780472269
-0.0249500029678
0.0
2.4662888487
0.0
0.00111204125753
0.0
0.0
0.0
0.0
0.168676819116
0.0
0.0
0.0143500182253
0.177933115316
1.3555670568
0.0
0.0
0.0
0.0127768425803
-0.49709416649
-0.00374007769325
0.0
0.0
0.0
0.0
0.0
0.0265423188688
0.0
0.0
0.0
0.0
0.00024745041848
1.23229228729
-0.0582680997495
1.57233463869
-0.00291518034642
0.598354646716
0.0
0.0
0.0
0.111536939135
0.0
0.0
0.0
0.457638536046
0.00541787344935
0.0
0.0
0.0
0.0
0.0
0.0
0.0
0.0
0.0
0.0
0.0
0.0
0.0559392817941
0.0127768425803
0.0
0.229120362
-0.138998748222
0.0
0.035624330652
-0.0905455454251
0.0
0.217786708007
0.0
0.0
0.00128865830603
0.998474747171
0.0
0.0190527580896
0.0
0.416037498645
0.0
-0.0161982245707
0.0
1.07470653332
0.0
0.00624276887479
0.00575763638831
0.0
0.0
-0.462735521336
0.0
-0.173446158768
0.0
0.0
0.0
0.0531613646089
0.0
0.0
0.0
0.0
0.0
0.00516991232604
0.0
0.0564983862225
-0.0767099853917
0.805630679394
0.332940551116
0.131103957394
0.360652000577
0.0
0.0
0.0
0.48993896012
0.0
-0.0891020252912
0.0
0.186742681646
0.0
0.164489070025
0.128942335441
0.0
0.0
-0.0151981212789
-0.715758486766
0.0
0.0
0.0
0.358466624578
-4.9912075195
0.0
0.0
0.0
-0.416233670643
0.0793385944617
0.0
0.0
0.714946700914
-0.238768605003
0.0
0.0
-0.00215680624782
0.0
-0.0364024404659
0.0
0.0
-0.743356621516
0.0
0.0
0.0
0.0
0.0
0.0
0.0
0.0
0.0
0.0
0.0
0.0
0.0
0.0
0.0
0.0
0.0
0.0
0.0
0.0
0.0
0.0
0.0
0.0
0.0
0.0
0.0
0.0
0.0
0.0
0.0
0.0
0.0
0.0
0.0
0.0
0.0
0.0
0.0
0.0
0.0
0.0
0.0
0.0
0.0
0.0
0.0
0.0
0.0
0.0
0.163780472269
0.0
-0.0207832617745
-0.154839813025
0.0
0.0
0.0
0.163780472269
0.0
0.0
0.0
1.47315655636
0.0
0.633987248784
0.0
0.0
0.0
0.0595471749545
0.0
0.0
0.106741599384
0.0
0.0
0.0
0.0
0.0
0.0
1.04246385015
-0.469092839208
0.0
0.0
0.689133625574
-0.157773455639
0.465959663674
0.966757353739
0.0600064167521
0.369520532455
0.0
-0.00773542459326
0.0
-0.00963077484085
0.0
0.0
0.0
0.0
0.0
0.0
0.0
-1.03943715381
0.900314578485
0.0
0.0576471572918
0.0
0.0805492806002
0.0
0.0
0.0
0.0
0.0
0.0
-0.930263435862
0.141708209709
0.0
0.0
0.0
0.0
0.0
-0.0296073756061
0.0641887602048
0.67154937269
1.48480800987
0.0
0.0296901615429
0.0
-1.40189914515
0.0
0.0
0.270042509463
0.0127768425803
-0.197082283202
0.0127768425803
1.03280115623
0.0100533314578
0.237151534727
0.0
0.0
-0.00709130561138
0.0
0.0
-0.140318203308
0.016692170107
0.0
0.0
0.103009354724
1.13133150985
0.741666400875
0.0
0.00315968975512
0.0
-0.0831530922163
0.0
0.0
0.0
0.0
0.0
0.5799890478
0.0637449088188
-0.179160193047
1.6492251898
0.0
0.401569274046
-0.00386968972159
0.0
0.0
0.0
0.293445629672
0.0
0.0
0.217786708007
0.0
0.0
0.0
0.0
0.0
0.0
-0.452336180028
0.0
-0.0542123693044
0.0227669969264
1.06633994417
0.163124129086
0.0
0.0230643855126
0.0
0.0
0.0
0.0324846788102
-0.00306228350683
0.0
0.0
0.213589187645
0.00348723272758
0.0972280626107
0.0
0.0
0.0
0.147110322174
0.0
0.0
0.0113611014012
0.0
0.0
0.226649658237
0.0
0.0
0.127565681062
0.00306417045057
0.0
0.0
0.0
0.0
0.938899281346
0.0
0.0
0.479578205958
0.101333053462
0.0
0.0
0.179898539519
0.0037073007778
0.0143500182253
0.0
-0.000348181218121
-0.660522941057
-0.0527375244269
0.0
-0.0667094878008
0.0
0.0
0.204297099888
0.500625199368
-0.141958653853
0.0
-0.214992372023
0.0
0.0
0.18532416765
0.0
0.0
0.0815866278189
0.0096824676145
0.0
-0.0154966909152
0.112417538729
0.0
-0.0607529721795
0.186103434664
0.0
0.0
0.0
0.0
0.616036259997
0.0
0.396067989288
0.0944349291872
0.376704558835
0.439108988291
0.0
-0.312462129905
0.0
0.0
0.0
-0.022812538435
0.0
0.808537938266
2.8204687051
0.0
0.0
0.0
-0.0503439623449
0.0
0.0011441240693
0.0
0.0
0.0
2.54695006287
0.0
0.0
0.359760847676
-0.126738742316
-0.400461243675
0.0
0.236822131573
-0.629597860145
0.0
-0.439028287024
0.319049690367
0.0
0.0
0.0
0.0
0.0296123364041
0.0
0.0
0.0
0.0495459746681
-0.00977476992279
-0.0101759948898
0.0
0.0
0.0
-0.128182160435
0.0
-0.0554609726081
0.0
-0.147553989627
0.133899711272
-0.132548042744
-0.0191995156072
0.0
0.0
0.0
0.0422273529144
0.0
0.0
0.15630110216
0.0
-0.14357640572
0.0
0.25549875723
0.462072273915
0.0
-0.117097340493
0.0
0.173441577601
0.0
0.0
0.0
0.0
3.89734954972
0.00348723272758
0.0
0.208324454171
-0.970098454823
0.0
0.0
0.0
0.0
2.40304640526
0.0
1.77506022548
0.0
0.0
0.0
0.0
0.0
0.0
0.0
0.0
0.0
0.0
0.0
0.0
0.0
0.0
0.0
0.0130152413106
0.0
0.163780472269
-0.0848172077322
-0.0196347123985
0.0
0.0
-0.00100458505977
0.0
0.40152220695
0.0
0.0
0.0
0.0
-0.511950036973
0.204522057329
0.0
-0.295283651827
0.597143887788
0.0
0.0
0.0
0.159938264476
0.384405911023
0.0
0.0
0.0
-0.220612183467
-0.00486146847739
0.0
0.0
0.0
-0.275873523945
0.0
-2.41105874393
0.0
-0.798089728424
0.0
0.0
0.0
0.0307028240865
0.0
0.0
0.0180164109048
0.0
0.00306417045057
0.0
-0.221283143686
0.0176084591823
0.0
0.828406647448
0.0
-0.383450587521
-0.693649472807
0.0
0.528568413411
0.0
0.220280765178
0.413443520866
0.0
0.0
-0.211936708373
0.0
-0.0372897216709
-0.0347530178536
0.0
0.163952963715
0.163952963715
0.0
0.0463270070343
0.0
0.640927227586
0.0
0.0105671991067
0.0
0.0
0.0
0.0
0.0
0.0
0.0
0.0
0.0
0.0
0.0
0.0
0.0
0.0
0.0
0.0420676803903
0.0
0.0
0.0143500182253
0.0
0.0
0.0
0.201121907558
0.0889085706629
0.0537846035152
0.0
0.0
-0.0296588402693
-0.0179455289577
0.0
0.0
0.0
0.11843690138
0.0
0.0
0.0
0.0
0.00306417045057
0.404870403933
0.0
0.11843690138
0.0710843833147
0.0
0.0
0.11843690138
0.488675736395
0.0
0.0
0.0
0.0
0.0
0.0
0.0139109777834
-0.0828123241642
0.0
0.0101383613566
0.0
0.0
1.07765699528
0.00516991232604
0.0
0.461487751418
0.0
0.278820455659
0.0
0.0404640477306
0.0
0.0
0.0
0.0
-0.00646908000104
0.135633842189
0.0
0.0
0.0460996457576
0.684218501229
0.0
0.0
0.00292487913256
-0.10058314379
0.00422872135729
0.0
0.0
0.217887757778
0.0
0.273253427751
0.314542420659
0.0
0.0
0.0
0.0153417334703
0.0
0.0
0.0
0.0
0.124072519743
0.0
0.0
0.634271578823
0.0
2.25816629763
0.0360153722131
0.0360153722131
0.324138349918
0.0
0.0
-0.0201821601171
0.0
0.0
1.90015318488
2.99797286583
1.89006575945
0.133908597549
0.108207612273
-0.112876457861
0.0
0.101251691007
0.0
0.0
-0.425753912508
-0.550076252518
0.409972768781
0.0
0.0
0.0
-0.238234633412
-0.25038777427
0.302174382402
0.05330519049
0.0
-0.355003103258
0.391731710577
0.00240237810258
0.0360153722131
0.0
0.0
-0.302235779323
0.0
-0.505406827462
0.0
0.157853835754
0.0
0.0
0.027927527594
0.349129012772
0.0
0.00370171961891
0.0
-0.0700329073922
0.0
0.786841553065
0.256317708123
0.0
0.0
0.163780472269
-0.0226706001815
0.0
0.0
0.0
0.0
0.137448223686
0.0
0.0
0.0
0.0
0.0
0.0
0.226649658237
-0.00562327700094
0.154386889018
-0.0165241386499
0.504049500102
0.0
0.0
0.230394218089
0.317534558691
0.0
0.106871498847
0.0
0.183263852263
0.0
0.130002219303
0.166472510479
-0.617031044806
0.0
0.0
-0.497138043576
0.0
2.04031284815
0.0
0.448135540711
0.00228824813861
0.0
0.0
0.0291738847584
0.0176084591823
-0.0222624323015
-0.194869995279
0.0
0.0
-0.0186821771586
0.0
0.0
0.313034585256
0.0
0.0
-0.00315796688524
0.0
0.0
0.0
0.0
0.00355722289619
0.0
-0.211428176356
-0.000412609160028
0.0
-2.30463947257
0.0
0.159736583538
0.365867556965
1.80897127441
-0.0610699244601
-0.00101950313079
0.0
0.305941778449
0.0
0.0
0.116409491271
0.0
0.0
0.162544352419
0.00274252127044
0.0
0.0
0.287974024688
0.0
-0.0202563180814
0.0
0.0143500182253
0.327560944537
0.0137631735162
0.0387985543346
0.0190640484889
0.0
0.0
0.0
0.0
-0.0460279952256
0.0
0.00796368797742
-0.0267452955494
-0.033965816849
0.0
-0.208537418684
-0.0015774153571
0.0422273529144
-0.223888808857
0.0877818677531
-0.0104018780203
0.0
0.0
0.0
0.0
0.0
0.0
0.483465150903
0.278227585812
-0.000332353567029
0.0
-0.281600074873
-0.394663987737
-0.0137006524655
0.635441432937
0.0647586805769
-0.525372684147
-0.0339123132967
0.0
0.0
0.0
0.0
0.0
0.492879580545
0.0
0.0
0.0
0.681237791224
0.0237879766717
-0.029995859475
0.0
0.576899625561
0.0
0.0
0.0
0.0
0.366657414625
0.0723982400578
-0.00050487708667
0.0536666905041
0.0
-0.134890267066
0.834973736184
0.102257826673
0.119638921971
0.0
0.0
0.0
0.219675308823
0.0
0.0
0.0
0.0247050475212
-0.0460279952256
0.0
0.461420204692
0.0
0.0127768425803
0.0
-0.101132076656
-0.0418777039745
1.16018162006
0.0
-0.00173704384884
0.211018983196
0.0235266536362
1.1804913537
0.613271080523
1.37231660578
0.00193123802411
0.758422033621
0.102830376942
0.0
0.0
-0.549635223599
-0.108984095034
0.0127768425803
0.0127768425803
0.0
0.0
0.0433533640341
0.0
-0.000538162162747
0.00794292310869
0.0877706462654
0.0156811704405
0.0
0.0
0.0
0.0
-0.478705856086
0.150471770751
-0.000307716616476
0.00305292697432
0.0
-0.044665043867
0.0
0.0
0.0
0.0
0.0
1.00011521958
0.0125662779478
0.0
0.0
0.0
0.16882330952
0.0
0.0
0.236946016845
0.0
-0.011646571089
0.0
0.0
0.0
0.0
0.0
0.0
0.229120362
0.0
0.114869104747
0.0
0.0847913390643
0.0
-0.15896140523
0.0
0.0
0.0
0.341222514879
0.287974024688
0.0
0.0
-0.111867728719
-0.0897815720198
0.0
0.0257572484799
0.0
0.0
0.0
-0.0190481672927
0.0
0.0
0.0
0.0
2.60918136909
0.0
2.64108585079
1.26361251354
-0.161049302409
0.0
0.0
0.0143500182253
-0.0337225667665
0.0
0.220047303649
0.143251157808
-0.00105524712569
-1.10126344377
0.296400660728
0.13067730118
-0.123851259552
0.0
0.0
0.0
0.0
0.0
0.0
0.0921558824577
0.0
2.61701685834
0.163780472269
0.0815239004378
0.0
0.257517695653
0.0
0.0
0.000798557391827
0.00370171961891
0.0
0.176343947257
1.20053870434
-0.0292553420002
0.0
0.0
0.547512113309
0.0
0.0
-0.200873859555
0.0
0.0
0.0
0.677293328849
1.48720355745
0.0
0.0
0.0518372865004
-0.0779984716325
0.0
0.279273648371
-0.29880680696
-0.000721509111616
0.295869460546
0.0
0.00101612867685
0.0
-0.0301104049799
-0.256603977413
0.0
0.0
-0.140739870615
0.0
0.0456941645241
0.0
0.0
0.0
0.0101438867505
-0.192334859286
0.0
0.0
0.0
0.334171716145
0.0988101788919
0.0
0.0
0.0363957767334
0.0
0.0
0.0
-0.0478834188876
0.0
-0.030582847861
0.0
-0.00193543528393
-0.0276648479987
0.0
0.0
0.0
0.327560944537
0.0
0.0
0.0
0.0
0.0
0.0157701364393
0.0
0.0
0.0
0.0
-0.0777010065746
0.0
0.0
0.00877114559595
0.29613808075
0.0
0.0
0.0
0.0
0.0
0.0
0.0
0.0
0.0503301047696
0.0
0.0037073007778
0.0
0.0
0.00306417045057
0.225448577215
0.0
0.0108871661274
0.0
0.0
0.0
0.0
0.0
0.0
0.0143500182253
0.0
0.0
0.0
0.0858622685765
0.0
-0.205052600352
0.0
0.0
0.409972768781
0.0
0.40719449723
0.0
0.0
0.0
0.0
0.0
0.0
-0.23245676251
0.648827867311
0.0
4.56473892533
0.0293173163805
0.179436702545
0.753122219101
0.0395768155065
0.843815799755
0.0
0.0
0.0
0.0
0.0
0.0
0.0
0.0
0.0
0.0
0.0
0.0
0.0
0.0
0.0
0.0
0.0
0.0
0.0
0.0
0.0
0.0
0.0
0.0
0.0
0.0
0.0
0.0
0.0
0.0
0.0
0.0
0.0
0.0
0.0
0.0
0.0
0.0
0.0
0.0
0.0
0.0
0.0
0.0
0.0
0.0
0.0
0.0
0.0
0.0
0.0
0.0246196251724
-0.0815043665591
0.0
2.45872539946
1.94960521756
0.901651911982
0.0221096629672
0.0
0.0101438867505
0.0
-0.0434263376042
0.0
0.0
-0.464778291683
0.464118281623
0.00370171961891
0.0037073007778
0.0
-0.00467522745062
0.0
0.0
0.096796921215
0.204640643187
-0.168354141754
0.163780472269
0.0649659885767
0.00955723018516
0.587382717833
0.164489070025
0.0
0.0
-0.114397517061
0.0
1.31392698577
0.0
0.0
0.00881452723771
0.0
0.0
0.981608697886
0.0
-0.195092582436
0.56862932807
-0.0725737858763
0.0
0.0
0.0
0.0
0.0
0.0
0.0
1.67018150576
0.0
0.0
0.0
0.127792629333
0.0307506963509
0.534575338594
0.225015744391
2.85335377196
0.0
4.97803430128
0.0
0.0
0.0
0.0
0.0
0.0
0.0
0.0
0.0
0.0
0.0
0.0
0.0
0.0
0.0
1.57874965005
0.121969244291
0.0255536851605
-0.105762214749
0.0
0.0
0.00516991232604
-0.165097335345
0.0
-0.768971840733
0.0
0.0
0.786978189241
0.0
0.443884566979
0.0
0.0
0.0
0.0
0.0
0.0255536851605
0.00686807856622
0.0
0.0
0.116252651652
0.00274252127044
0.346898528141
0.433473834677
0.00274252127044
0.269781443183
0.0
0.0
0.0
0.0
0.0
0.0
0.0067683881271
0.0
0.0
0.0491361101039
0.0
0.0
0.0
0.0
0.0
0.0
-0.484709131302
0.0
0.0
0.0
0.0
0.0814272964322
0.0
0.0
0.0
0.0
0.0
0.0
2.64108585079
-0.0562320535459
0.472984109934
0.00624276887479
0.48892300564
0.00346588346974
0.00624276887479
0.0
-0.160748491375
0.0
0.435281390007
1.11031587118
0.0
0.0
0.0
0.0
0.152741806501
-0.316325644047
0.0
0.0
0.130530331425
1.19521161824
0.0
0.0
0.0
0.0
-0.00128255606501
0.0
0.0
0.0
0.622353067909
0.0
0.00646698186001
0.0
0.00208818811463
1.64944504009
0.0
0.0
0.0
0.0
0.0
0.0
-0.015753269445
0.113052986757
-0.039987510516
0.0
0.0
0.0
0.0
0.0
0.00832277973973
0.0
0.0127768425803
0.00188477702215
0.163780472269
0.0
0.0
0.0509716437002
0.0
-0.16398953265
0.0
0.0
0.0
0.0
0.192084146948
0.0
0.000543692560248
1.03529309416
0.0
0.39306446997
0.0
-0.0577572926066
0.204297099888
0.816155444908
0.152835846161
0.435223735305
0.0
0.0
0.965577003809
0.0
0.0
0.00838703221217
0.0
0.0
0.0
0.0
0.0
0.0
0.0
0.0
-0.00678786387628
0.0
0.0
0.0
0.0143500182253
1.50545360123
0.26847178848
0.0141597828705
0.768508158518
-0.303600678565
0.0176084591823
0.0
0.0
0.0293173163805
0.0
0.0
0.00127181605634
0.218175593278
0.0
0.0828273400583
0.0539835964246
0.0
0.0
0.0
-0.432341212361
0.0323198442559
-0.0870464409659
0.307708441872
-0.125799080176
-0.128958263123
0.0
0.0
0.0
0.0
0.0246470618462
0.0
0.0
0.179279634189
0.0
0.0
0.0
0.519712854029
0.0
0.0
0.11843690138
0.0
0.0
-0.865938828873
0.0
0.0
0.23736333956
0.0
0.0
-0.000412609160028
0.0
0.0
0.0
0.0
0.0
0.0
0.0
0.0
0.0775553820903
0.822121022837
0.402605920345
0.00348723272758
0.0
0.0
0.0
0.0
0.0
0.0
0.0
0.00168021950912
-0.00095864685774
0.0
0.0
-0.652214373074
0.0
0.0
0.0
0.0406383357524
0.0
0.0
0.0
0.129719750341
0.0
0.820671971689
0.0
0.0055324888777
0.0
-0.00408436017442
-0.1034786638
0.0
0.547108417935
0.0
0.0
0.0
0.0
0.0127768425803
0.111243136781
-0.0262966694456
0.188169135471
0.0592986649785
0.237694288036
0.108656148776
0.0
0.0824113478382
0.0250895089781
0.0
0.00127181605634
0.0
0.0108576777891
0.0
0.0
0.0
0.0
0.0
0.0943252010445
0.0859160714478
0.0
0.328418143839
0.0
0.0
0.0
0.0
0.0
0.0
0.0
0.0
0.0
0.0
0.0
0.0
0.99773730133
0.0
0.0
-0.108291012706
0.0011766506267
0.225901528585
0.0
0.0
2.69252826734
0.0
0.0
0.501929778383
0.0
0.0
0.206797771971
0.0
0.0
0.0127768425803
0.271315851206
-0.734489094624
0.0143500182253
0.0
0.0
0.232717903735
0.0
0.11843690138
-0.0591689641457
0.0
0.0933833099082
-0.0212380891394
0.0
0.11610375008
0.0
0.220153390852
0.214319112286
0.0573670391495
0.0
0.0
-0.00186695457479
-0.00332466523435
0.0037073007778
0.0
0.0
-0.344790057066
0.0
-0.467741381109
0.0
0.0
0.0
0.0
0.0
0.0
0.0
0.0
0.0
-0.485839543181
0.0
0.0
0.0
0.0
0.0
0.0
0.0
0.0
0.0
0.0
0.0
0.0
0.0
0.00796368797742
0.0
0.0822241902264
0.0
0.0
0.0139109777834
0.0
0.106110058105
0.0
0.0
0.0
0.0797651619102
0.11843690138
0.0
0.0
-0.4803146403
0.0
1.2769651029
0.0
-0.12055449052
-0.198492910445
-0.101345864027
0.0613668763196
0.0
0.0
0.0
-0.00163067099438
0.0
0.0100533314578
0.574474842051
-0.00726173745309
-0.00139560897566
0.117618404532
0.0143500182253
0.0
0.0
0.0037073007778
0.0
0.134699694597
0.0
0.0
0.0
0.0
0.801963350843
0.0168052482246
0.00147318739412
0.0
0.0
0.0
0.0381058744688
0.0
0.0
0.0127768425803
0.24393194322
0.0
0.0
0.242211236376
0.0
0.0
0.0539249804007
0.654592051175
0.0
0.21618614794
0.352751475669
0.0
0.0
0.0
0.312888751232
0.0
-0.297628094487
0.0
0.0
0.0
0.0
0.0
0.0
-0.0460279952256
0.0208408052715
0.0
0.0237879766717
0.0143500182253
0.527111465608
0.0
-0.750988721906
-0.164269214253
0.0
0.0
0.345500128423
0.0
0.0
0.0903393048504
0.260663157469
0.0
0.0
0.0
0.511981582759
0.0
0.183557801922
0.0
0.0
0.0
0.0
0.0
0.0
0.0
0.0167767015899
0.0
0.0
1.08242776331
0.201858576475
0.0125253721462
0.0352169183647
0.0
0.0
-0.122234106804
0.0
0.0
0.0609484284388
3.08145803219
0.0521326314938
0.587457844418
-0.0205678065384
0.0
0.191017234898
0.0221096629672
0.0
0.0905976308799
0.0
-0.0352973356965
0.0
0.0
-0.0175387538722
0.324138349918
-0.000332353567029
0.0
0.0
0.163952963715
0.0
0.00624276887479
0.0
0.0127768425803
0.435780540194
0.0396164127449
0.0
0.0
0.0
2.43914329283
0.0
0.0
0.0
0.0
0.111115553013
0.0
0.0
0.14271092165
0.0137631735162
0.08589893376
0.0
0.0
0.0
0.0
0.42739560935
0.0
0.245207410541
0.0
0.0
0.0
0.00033817841186
0.0999638148292
0.0
0.0
0.616438387524
0.0
1.36806644973
0.0
0.405844500685
-0.0704840063121
0.0
0.0
0.0
0.0
0.0
0.0
0.0
0.0
0.0
-0.378962571298
0.0533012248085
0.0
2.85335377196
0.327560944537
0.108876771319
0.0
0.0
0.0
0.0
0.0
0.0
2.34246967137
0.0
0.0
0.0302673228287
0.200641123305
0.00297011532793
0.0
2.85254688126
-0.000412609160028
0.0
0.265647863993
0.0
-0.0373431562504
0.0
0.0
-0.113961130515
0.0
0.0
0.0
0.311469996248
0.0
0.0
0.0
0.0
0.0
0.0
-0.0956500175247
0.0
0.0
0.0
0.309665580705
0.278227585812
0.003328709809
0.178748896995
0.0
0.0
0.0
0.0
0.0
0.0
0.0
0.0
0.0
0.0225150967733
0.0999580460855
0.0
0.271275256961
0.0
0.0
0.0886348254576
0.0
0.0
0.171740190158
0.0
-0.441376334722
0.264517837249
0.0
0.278471778916
0.0
0.0
0.0
0.0
0.0
-0.0826481204686
0.327560944537
0.0
-0.0159324046898
0.0
0.0
0.0
0.0
0.0676170754334
0.0404640477306
0.0
0.102998217895
0.0
0.605467772104
0.0
0.0
0.0
1.1629501256
1.43295604973
0.0
0.0
0.281599781416
0.0
0.107859717206
0.0
-0.191862045599
0.0
-0.0879797201228
0.0
0.0
0.0
0.153083111742
0.0317552346742
0.300535180989
-0.318003942515
0.509580054123
0.0
0.0
-0.129855037805
0.0189619462886
0.0
0.0
-0.0196328334592
0.114612023291
0.012728741432
0.0
0.0
0.0
0.0
0.0143500182253
0.158209778505
0.513773632782
0.0
0.879646118428
0.512437008477
0.0
0.0
0.0
0.0
0.0422382825747
0.0
0.0
1.63729671759
-0.0221199877544
0.056786828957
0.0
0.0
0.0
0.065341469014
0.360516704659
0.0
-0.000371511048786
0.0943321233908
0.0
9.44620928142
0.0980364319086
0.0
0.0
0.00274939282563
0.0
0.0
0.0
0.0
0.0975395392458
0.0
0.0
-0.029995859475
-0.0656480641573
-0.0411356130767
0.0
-0.0602844158468
-0.114324530496
0.0
0.0
0.107435615929
0.0221096629672
0.0
0.0
0.0
0.0
0.0
0.0
0.0352169183647
0.0
0.0
0.0
0.0
0.0
0.308841080614
0.0
0.166148599807
0.451312464077
0.0
-0.0232100946995
0.102008813978
0.0
0.0
0.0
0.0121426756815
0.0
0.0
0.0
0.0
-0.853937479396
0.379613712229
0.0
0.0
0.0
0.0534972507846
0.0
0.295911696603
0.0
0.0
-0.0195503253648
0.0
0.20409281014
0.301109500288
0.0
0.0
0.0
0.0
0.375444041732
0.266180317993
-0.132460620269
0.0
0.0
-0.783128861912
0.17306425483
0.0
0.0
-0.18945869977
0.0
0.0
0.0
0.0
1.29196339859
0.083778130159
0.127737420775
0.0
-0.00112798540704
-0.018816622566
0.0
0.0
0.0
0.0
0.0573670391495
0.185651620899
0.0
0.0
0.00315968975512
1.66274273273
0.0
0.0
0.0
0.0
0.0
0.0
0.387344435854
0.149522391023
0.0
0.397198181894
3.36890929805
0.0
0.0340495166479
0.600882162453
0.0
0.0
0.00811633076241
0.0
0.0
0.0
-0.0793505257489
0.0
0.0
0.592876873115
0.0
-0.0184843780012
0.0
0.0
-0.193562337713
0.0
0.0
0.0
0.0
0.0
0.0
-0.21264394958
0.00699808452525
0.0
0.0
-0.404369493513
0.0
0.0
0.0
0.0
0.0
0.0
0.137334244734
0.0
0.0
0.0
0.0
-0.0195359919377
0.0
0.193775306694
0.0
0.871507567675
0.0944349291872
0.484052676921
0.484096335073
0.0
-0.0503538533687
0.0
0.0
-0.183753110882
0.0
0.0
0.0
1.20258833945
0.686698954505
0.0
-0.0791864816257
-0.247118493635
0.0
0.0
0.0037073007778
0.0
0.0
0.0
-0.0188504010724
0.0
0.0
0.0
0.0
0.798085839305
-0.0482832576006
0.0
0.358466624578
-0.00502901236136
0.0
0.0
-0.0518073327483
0.00631840231354
0.0
0.021195532148
0.0
0.0
0.0
0.0
0.0
0.693833126199
0.0820103553856
0.00348723272758
-0.0410018030353
-0.262036822399
0.0
0.590576729204
0.00624276887479
0.0
0.0
0.0
0.0
0.0
0.0
0.0
0.0
0.0
0.0
0.0
0.0
0.0
0.0
0.0
0.0
0.0
0.0
0.0
0.0
0.0
0.0
0.0
0.0
0.0
0.0
0.0
0.0
0.0
0.0
0.0
0.0
0.0
0.0
0.0
0.0
0.0
0.0
0.0
0.0
0.0
0.0
0.0
0.0
0.0
0.0
0.0
0.0
0.0
0.0
0.0
0.0
0.0
0.0
0.0
0.0
0.0
0.0
0.0
0.0
0.0
0.0
0.0
0.0
0.0
0.0
0.0
0.0
0.0
0.0
0.0
0.0
0.0
0.0
0.0
0.0
0.0
0.0
0.0
0.0
0.0
0.0
0.0
0.0
0.0
0.0
0.0
0.0
0.0
0.0
0.0
0.0
0.0
0.0
0.0
0.0
0.0
0.0
0.0
0.0
0.0
0.0
0.0
0.0
0.0
0.0
0.0
0.0
0.0
0.0
0.0
0.0
0.0
0.0
0.0
0.0
0.0
0.0
0.0
0.0
0.0
0.0
0.0
0.0
0.0
0.0
0.0
0.0
0.0
0.0
0.0
0.0
0.0
0.0
0.0
0.0
0.0
0.0
0.0
0.0
0.0
0.0
0.0
0.0
0.0
0.0
0.0
0.0
0.0
0.0
0.0
0.0
0.0
0.0
0.0
0.0
0.0
0.0
0.0
0.0
0.0
0.0
0.0
0.0
0.0
0.0
0.0
0.0
0.0
0.0
0.0
0.0
0.0
0.0
0.0
0.0
0.0
0.0
0.0
0.0
0.0
0.0
0.0
0.0
0.0
0.0
0.0
0.0
0.0
0.0
0.0
0.0
0.0
0.0
0.0
0.0
0.0
0.0
0.0
0.0
0.0
0.0
0.0
0.0
0.0
0.0
0.0
0.0
0.0
0.0
0.0
0.0
0.0
0.0
0.0
0.0
0.0
0.0
0.0
0.0
0.0
0.0
0.0
0.0
0.0
0.0
0.0
0.0
0.0
0.0
0.0
0.0
0.0
0.0
0.0
0.0
0.0
0.0
0.0
0.0
0.0
0.0
0.0
0.0
0.0
0.0
0.0
0.0
0.0
0.0
0.0
0.0
0.0
0.0
0.0
0.0
0.0
0.0
0.0
0.0
0.0
0.0
0.0
0.0
0.0
0.0
0.0
0.0
0.0
0.0
0.0
0.0
0.0
0.0
0.0
0.0
0.0
0.0
0.0
0.0
0.0
0.0
0.0
0.0
0.0
0.0
0.0
0.0
0.0
0.0
0.0
0.0
0.0
0.0
0.0
0.0
0.0
0.0
0.0
0.0
0.0
0.0
0.0
0.0
0.0
0.0
0.0
0.0
0.0
0.0
0.0
0.0
0.0
0.0
0.0
0.0
0.0
0.0
0.0
0.0
0.0
0.0
0.0
0.0
0.0
0.0
0.0
0.0
0.0
0.0
0.0
0.0
0.0
0.0
0.0
0.0
0.0
0.0
0.0
0.0
0.0
0.0
0.0
0.0
0.0
0.0
0.0
0.0
0.0
0.0
0.0
0.0
0.0
0.0
0.0
0.0
0.0
0.0
0.0
0.0
0.0
0.0
0.0
0.0
0.0
0.0
0.0
0.0
0.0
0.0
0.0
0.0
0.0
0.0
0.0
0.0
0.0
0.0
0.0
0.0
0.0
0.0
0.0
0.0
0.0
0.0
0.0
0.0
0.0
0.0
0.0
0.0
0.0
0.0
0.0
0.0
0.0
0.0
0.0
0.0
0.0
0.0
0.0
0.0
0.0
0.0
0.0
0.0
0.0
0.0
0.0
0.0
0.0
0.0
0.0
0.0
0.0
0.0
0.0
0.0
0.0
0.0
0.0
0.0
0.0
0.0
0.0
0.0
0.0
0.0
0.0
0.0
0.0
0.0
0.0
0.0
0.0
0.0
0.0
0.0
0.0
0.0
0.0
0.0
0.0
0.0
0.0
0.0
0.0
0.0
0.0
0.0
0.0
0.0
0.0
0.0
0.0
0.0
0.0
0.0
0.0
0.0
0.0
0.0
0.0
0.0
0.0
0.0
0.0
0.0
0.0
0.0
0.0
0.0
0.0
0.0
0.0
0.0
0.0
0.0
0.0
0.0
0.0
0.0
0.0
0.0
0.0
0.0
0.0
0.0
0.0
0.0
0.0
0.0
0.0
0.0
0.0
0.0
0.0
0.0
0.0
0.0
0.0
0.0
0.0
0.0
0.0
0.0
0.0
0.0
0.0
0.0
0.0
0.0
0.0
0.0
0.0
0.0
0.0
0.0
0.0
0.0
0.0
0.0
0.0
0.0
0.0
0.0
0.0
0.0
0.0
0.0
0.0
0.0
0.0
0.0
0.0
0.0
0.0
0.0
0.0
0.0
0.0
0.0
0.0
0.0
0.0
0.0
0.0
0.0
0.0
0.0
0.0
0.0
0.0
0.0
0.0
0.0
0.0
0.0
0.0
0.0
0.0
0.0
0.0
0.0
0.0
0.0
0.0
0.0
0.0
0.0
0.0
0.0
0.0
0.0
0.0
0.0
0.0
0.0
0.0
0.0
0.0
0.0
0.0
0.0
0.0
0.0
0.0
0.0
0.0
0.0
0.0
0.0
0.0
0.0
0.0
0.0
0.0
0.0
0.0
0.0
0.0
0.0
0.0
0.0
0.0
0.0
0.0
0.0
0.0
0.0
0.0
0.0
0.0
0.0
0.0
0.0
0.0
0.0
0.0
0.0
0.0
0.0
0.0
0.0
0.0
0.0
0.0
0.0
0.0
0.0
0.0
0.0
0.0
0.0
0.0
0.0
0.0
0.0
0.0
0.0
0.0
0.0
0.0
0.0
0.0
0.0
0.0
0.0
0.0
0.0
0.0
0.0
0.0
0.0
0.0
0.0
0.0
0.0
0.0
0.0
0.0
0.0
0.0
0.0
0.0
0.0
0.0
0.0
0.0
0.0
0.0
0.0
0.0
0.0
0.0
0.0
0.0
0.0
0.0
0.0
0.0
0.0
0.0
0.0
0.0
0.0
0.0
0.0
0.0
0.0
0.0
0.0
0.0
0.0
0.0
0.0
0.0
0.0
0.0
0.0
0.0
0.0
0.0
0.0
0.0
0.0
0.0
0.0
0.0
0.0
0.0
0.0
0.0
0.0
0.0
0.0
0.0
0.0
0.0
0.0
0.0
0.0
0.0
0.0
0.0
0.0
0.0
0.0
0.0
0.0
0.0
0.0
0.0
0.0
0.0
0.0
0.0
0.0
0.0
0.0
0.0
0.0
0.0
0.0
0.0
0.0
0.0
0.0
0.0
0.0
0.0
0.0
0.0
0.0
0.0
0.0
0.0
0.0
0.0
0.0
0.0
0.0
0.0
0.0
0.0
0.0
0.0
0.0
0.0
0.0
0.0
0.0
0.0
0.0
0.0
0.0
0.0
0.0
0.0
0.0
0.0
0.0
0.0
0.0
0.0
0.0
0.0
0.0
0.0
0.0
0.0
0.0
0.0
0.0
0.0
0.0
0.0
0.0
0.0
0.0
0.0
0.0
0.0
0.0
0.0
0.0
0.0
0.0
0.0
0.0
0.0
0.0
0.0
0.0
0.0
0.0
0.0
0.0
0.0
0.0
0.0
0.0
0.0
0.0
0.0
0.0
0.0
0.0
0.0
0.0
0.0
0.0
0.0
0.0
0.0
0.0
0.0
0.0
0.0
0.0
0.0
0.0
0.0
0.0
0.0
0.0
0.0
0.0
0.0
0.0
0.0
0.0
0.0
0.0
0.0
0.0
0.0
0.0
0.0
0.0
0.0
0.0
0.0
0.0
0.0
0.0
0.0
0.0
0.0
0.0
0.0
0.0
0.0
0.0
0.0
0.0
0.0
0.0
0.0
0.0
0.0
0.0
0.0
0.0
0.0
0.0
0.0
0.0
0.0
0.0
0.0
0.0
0.0
0.0
0.0
0.0
0.0
0.0
0.0
0.0
0.0
0.0
0.0
0.0
0.0
0.0
0.0
0.0
0.0
0.0
0.0
0.0
0.0
0.0
0.0
0.0
0.0
0.0
0.0
0.0
0.0
0.0
0.0
0.0
0.0
0.0
0.0
0.0
0.0
0.0
0.0
0.0
0.0
0.0
0.0
0.0
0.0
0.0
0.0
0.0
0.0
0.0
0.0
0.0
0.0
0.0
0.0
0.0
0.0
0.0
0.0
0.0
0.0
0.0
0.0
0.0
0.0
0.0
0.0
0.0
0.0
0.0
0.0
0.0
0.0
0.0
0.0
0.0
0.0
0.0
0.0
0.0
0.0
0.0
0.0
0.0
0.0
0.0
0.0
0.0
0.0
0.0
0.0
0.0
0.0
0.0
0.0
0.0
0.0
0.0
0.0
0.0
0.0
0.0
0.0
0.0
0.0
0.0
0.0
0.0
0.0
0.0
0.0
0.0
0.0
0.0
0.0
0.0
0.0
0.0
0.0
0.0
0.0
0.0
0.0
0.0
0.0
0.0
0.0
0.0
0.0
0.0
0.0
0.0
0.0
0.0
0.0
0.0
0.0
0.0
0.0
0.0
0.0
0.0
0.0
0.0
0.0
0.0
0.0
0.0
0.0
0.0
0.0
0.0
0.0
0.0
0.0
0.0
0.0
0.0
0.0
0.0
0.0
0.0
0.0
0.0
0.0
0.0
0.0
0.0
0.0
0.0
0.0
0.0
0.0
0.0
0.0
0.0
0.0
0.0
0.0
0.0
0.0
0.0
0.0
0.0
0.0
0.0
0.0
0.0
0.0
0.0
0.0
0.0
0.0
0.0
0.0
0.0
0.0
0.0
0.0
0.0
0.0
0.0
0.0
0.0
0.0
0.0
0.0
0.0
0.0
0.0
0.0
0.0
0.0
0.0
0.0
0.0
0.0
0.0
0.0
0.0
0.0
0.0
0.0
0.0
0.0
0.0
0.0
0.0
0.0
0.0
0.0
0.0
0.0
0.0
0.0
0.0
0.0
0.0
0.0
0.0
0.0
0.0
0.0
0.0
0.0
0.0
0.0
0.0
0.0
0.0
0.0
0.0
0.0
0.0
0.0
0.0
0.0
0.0
0.0
0.0
0.0
0.0
0.0
0.0
0.0
0.0
0.0
0.0
0.0
0.0
0.0
0.0
0.0
0.0
0.0
0.0
0.0
0.0
0.0
0.0
0.0
0.0
0.0
0.0
0.0
0.0
0.0
0.0
0.0
0.0
0.0
0.0
0.0
0.0
0.0
0.0
0.0
0.0
0.0
0.0
0.0
0.0
0.0
0.0
0.0
0.0
0.0
0.0
0.0
0.0
0.0
0.0
0.0
0.0
0.0
0.0
0.0
0.0
0.0
0.0
0.0
0.0
0.0
0.0
0.0
0.0
0.0
0.0
0.0
0.0
0.0
0.0
0.0
0.0
0.0
0.0
0.0
0.0
0.0
0.0
0.0
0.0
0.0
0.0
0.0
0.0
0.0
0.0
0.0
0.0
0.0
0.0
0.0
0.0
0.0
0.0
0.0
0.0
0.0
0.0
0.0
0.0
0.0
0.0
0.0
0.0
0.0
0.0
0.0
0.0
0.0
0.0
0.0
0.0
0.0
0.0
0.0
0.0
0.0
0.0
0.0
0.0
0.0
0.0
0.0
0.0
0.0
0.0
0.0
0.0
0.0
0.0
0.0
0.0
0.0
0.0
0.0
0.0
0.0
0.0
0.0
0.0
0.0
0.0
0.0
0.0
0.0
0.0
0.0
0.0
0.0
0.0
0.0
0.0
0.0
0.0
0.0
0.0
0.0
0.0
0.0
0.0
0.0
0.0
0.0
0.0
0.0
0.0
0.0
0.0
0.0
0.0
0.0
0.0
0.0
0.0
0.0
0.0
0.0
0.0
0.0
0.0
0.0
0.0
0.0
0.0
0.0
0.0
0.0
0.0
0.0
0.0
0.0
0.0
0.0
0.0
0.0
0.0
0.0
0.0
0.0
0.0
0.0
0.0
0.0
0.0
0.0
0.0
0.0
0.0
0.0
0.0
0.0
0.0
0.0
0.0
0.0
0.0
0.0
0.0
0.0
0.0
0.0
0.0
0.0
0.0
0.0
0.0
0.0
0.0
0.0
0.0
0.0
0.0
0.0
0.0
0.0
0.0
0.0
0.0
0.0
0.0
0.0
0.0
0.0
0.0
0.0
0.0
0.0
0.0
0.0
0.0
0.0
0.0
0.0
0.0
0.0
0.0
0.0
0.0
0.0
0.0
0.0
0.0
0.0
0.0
0.0
0.0
0.0
0.0
0.0
0.0
0.0
0.0
0.0
0.0
0.0
0.0
0.0
0.0
0.0
0.0
0.0
0.0
0.0
0.0
0.0
0.0
0.0
0.0
0.0
0.0
0.0
0.0
0.0
0.0
0.0
0.0
0.0
0.0
0.0
0.0
0.0
0.0
0.0
0.0
0.0
0.0
0.0
0.0
0.0
0.0
0.0
0.0
0.0
0.0
0.0
0.0
0.0
0.0
0.0
0.0
0.0
0.0
0.0
0.0
0.0
0.0
0.0
0.0
0.0
0.0
0.0
0.0
0.0
0.0
0.0
0.0
0.0
0.0
0.0
0.0
0.0
0.0
0.0
0.0
0.0
0.0
0.0
0.0
0.0
0.0
0.0
0.0
0.0
0.0
0.0
0.0
0.0
0.0
0.0
0.0
0.0
0.0
0.0
0.0
0.0
0.0
0.0
0.0
0.0
0.0
0.0
0.0
0.0
0.0
0.0
0.0
0.0
0.0
0.0
0.0
0.0
0.0
0.0
0.0
0.0
0.0
0.0
0.0
0.0
0.0
0.0
0.0
0.0
0.0
0.0
0.0
0.0
0.0
0.0
0.0
0.0
0.0
0.0
0.0
0.0
0.0
0.0
0.0
0.0
0.0
0.0
0.0
0.0
0.0
0.0
0.0
0.0
0.0
0.0
0.0
0.0
0.0
0.0
0.0
0.0
0.0
0.0
0.0
0.0
0.0
0.0
0.0
0.0
0.0
0.0
0.0
0.0
0.0
0.0
0.0
0.0
0.0
0.0
0.0
0.0
0.0
0.0
0.0
0.0
0.0
0.0
0.0
0.0
0.0
0.0
0.0
0.0
0.0
0.0
0.0
0.0
0.0
0.0
0.0
0.0
0.0
0.0
0.0
0.0
0.0
0.0
0.0
0.0
0.0
0.0
0.0
0.0
0.0
0.0
0.0
0.0
0.0
0.0
0.0
0.0
0.0
0.0
0.0
0.0
0.0
0.0
0.0
0.0
0.0
0.0
0.0
0.0
0.0
0.0
0.0
0.0
0.0
0.0
0.0
0.0
0.0
0.0
0.0
0.0
0.0
0.0
0.0
0.0
0.0
0.0
0.0
0.0
0.0
0.0
0.0
0.0
0.0
0.0
0.0
0.0
0.0
0.0
0.0
0.0
0.0
0.0
0.0
0.0
0.0
0.0
0.0
0.0
0.0
0.0
0.0
0.0
0.0
0.0
0.0
0.0
0.0
0.0
0.0
0.0
0.0
0.0
0.0
0.0
0.0
0.0
0.0
0.0
0.0
0.0
0.0
0.0
0.0
0.0
0.0
0.0
0.0
0.0
0.0
0.0
0.0
0.0
0.0
0.0
0.0
0.0
0.0
0.0
0.0
0.0
0.0
0.0
0.0
0.0
0.0
0.0
0.0
0.0
0.0
0.0
0.0
0.0
0.0
0.0
0.0
0.0
0.0
0.0
0.0
0.0
0.0
0.0
0.0
0.0
0.0
0.0
0.0
0.0
0.0
0.0
0.0
0.0
0.0
0.0
0.0
0.0
0.0
0.0
0.0
0.0
0.0
0.0
0.0
0.0
0.0
0.0
0.0
0.0
0.0
0.0
0.0
0.0
0.0
0.0
0.0
0.0
0.0
0.0
0.0
0.0
0.0
0.0
0.0
0.0
0.0
0.0
0.0
0.0
0.0
0.0
0.0
0.0
0.0
0.0
0.0
0.0
0.0
0.0
0.0
0.0
0.0
0.0
0.0
0.0
0.0
0.0
0.0
0.0
0.0
0.0
0.0
0.0
0.0
0.0
0.0
0.0
0.0
0.0
0.0
0.0
0.0
0.0
0.0
0.0
0.0
0.0
0.0
0.0
0.0
0.0
0.0
0.0
0.0
0.0
0.0
0.0
0.0
0.0
0.0
0.0
0.0
0.0
0.0
0.0
0.0
0.0
0.0
0.0
0.0
0.0
0.0
0.0
0.0
0.0
0.0
0.0
0.0
0.0
0.0
0.0
0.0
0.0
0.0
0.0
0.0
0.0
0.0
0.0
0.0
0.0
0.0
0.0
0.0
0.0
0.0
0.0
0.0
0.0
0.0
0.0
0.0
0.0
0.0
0.0
0.0
0.0
0.0
0.0
0.0
0.0
0.0
0.0
0.0
0.0
0.0
0.0
0.0
0.0
0.0
0.0
0.0
0.0
0.0
0.0
0.0
0.0
0.0
0.0
0.0
0.0
0.0
0.0
0.0
0.0
0.0
0.0
0.0
0.0
0.0
0.0
0.0
0.0
0.0
0.0
0.0
0.0
0.0
0.0
0.0
0.0
0.0
0.0
0.0
0.0
0.0
0.0
0.0
0.0
0.0
0.0
0.0
0.0
0.0
0.0
0.0
0.0
0.0
0.0
0.0
0.0
0.0
0.0
0.0
0.0
0.0
0.0
0.0
0.0
0.0
0.0
0.0
0.0
0.0
0.0
0.0
0.0
0.0
0.0
0.0
0.0
0.0
0.0
0.0
0.0
0.0
0.0
0.0
0.0
0.0
0.0
0.0
0.0
0.0
0.0
0.0
0.0
0.0
0.0
0.0
0.0
0.0
0.0
0.0
0.0
0.0
0.0
0.0
0.0
0.0
0.0
0.0
0.0
0.0
0.0
0.0
0.0
0.0
0.0
0.0
0.0
0.0
0.0
0.0
0.0
0.0
0.0
0.0
0.0
0.0
0.0
0.0
0.0
0.0
0.0
0.0
0.0
0.0
0.0
0.0
0.0
0.0
0.0
0.0
0.0
0.0
0.0
0.0
0.0
0.0
0.0
0.0
0.0
0.0
0.0
0.0
0.0
0.0
0.0
0.0
0.0
0.0
0.0
0.0
0.0
0.0
0.0
0.0
0.0
0.0
0.0
0.0
0.0
0.0
0.0
0.0
0.0
0.0
0.0
0.0
0.0
0.0
0.0
0.0
0.0
0.0
0.0
0.0
0.0
0.0
0.0
0.0
0.0
0.0
0.0
0.0
0.0
0.0
0.0
0.0
0.0
0.0
0.0
0.0
0.0
0.0
0.0
0.0
0.0
0.0
0.0
0.0
0.0
0.0
0.0
0.0
0.0
0.0
0.0
0.0
0.0
0.0
0.0
0.0
0.0
0.0
0.0
0.0
0.0
0.0
0.0
0.0
0.0
0.0
0.0
0.0
0.0
0.0
0.0
0.0
0.0
0.0
0.0
0.0
0.0
0.0
0.0
0.0
0.0
0.0
0.0
0.0
0.0
0.0
0.0
0.0
0.0
0.0
0.0
0.0
0.0
0.0
0.0
0.0
0.0
0.0
0.0
0.0
0.0
0.0
0.0
0.0
0.0
0.0
0.0
0.0
0.0
0.0
0.0
0.0
0.0
0.0
0.0
0.0
0.0
0.0
0.0
0.0
0.0
0.0
0.0
0.0
0.0
0.0
0.0
0.0
0.0
0.0
0.0
0.0
0.0
0.0
0.0
0.0
0.0
0.0
0.0
0.0
0.0
0.0
0.0
0.0
0.0
0.0
0.0
0.0
0.0
0.0
0.0
0.0
0.0
0.0
0.0
0.0
0.0
0.0
0.0
0.0
0.0
0.0
0.0
0.0
0.0
0.0
0.0
0.0
0.0
0.0
0.0
0.0
0.0
0.0
0.0
0.0
0.0
0.0
0.0
0.0
0.0
0.0
0.0
0.0
0.0
0.0
0.0
0.0
0.0
0.0
0.0
0.0
0.0
0.0
0.0
0.0
0.0
0.0
0.0
0.0
0.0
0.0
0.0
0.0
0.0
0.0
0.0
0.0
0.0
0.0
0.0
0.0
0.0
0.0
0.0
0.0
0.0
0.0
0.0
0.0
0.0
0.0
0.0
0.0
0.0
0.0
0.0
0.0
0.0
0.0
0.0
0.0
0.0
0.0
0.0
0.0
0.0
0.0
0.0
0.0
0.0
0.0
0.0
0.0
0.0
0.0
0.0
0.0
0.0
0.0
0.0
0.0
0.0
0.0
0.0
0.0
0.0
0.0
0.0
0.0
0.0
0.0
0.0
0.0
0.0
0.0
0.0
0.0
0.0
0.0
0.0
0.0
0.0
0.0
0.0
0.0
0.0
0.0
0.0
0.0
0.0
0.0
0.0
0.0
0.0
0.0
0.0
0.0
0.0
0.0
0.0
0.0
0.0
0.0
0.0
0.0
0.0
0.0
0.0
0.0
0.0
0.0
0.0
0.0
0.0
0.0
0.0
0.0
0.0
0.0
0.0
0.0
0.0
0.0
0.0
0.0
0.0
0.0
0.0
0.0
0.0
0.0
0.0
0.0
0.0
0.0
0.0
0.0
0.0
0.0
0.0
0.0
0.0
0.0
0.0
0.0
0.0
0.0
0.0
0.0
0.0
0.0
0.0
0.0
0.0
0.0
0.0
0.0
0.0
0.0
0.0
0.0
0.0
0.0
0.0
0.0
0.0
0.0
0.0
0.0
0.0
0.0
0.0
0.0
0.0
0.0
0.0
0.0
0.0
0.0
0.0
0.0
0.0
0.0
0.0
0.0
0.0
0.0
0.0
0.0
0.0
0.0
0.0
0.0
0.0
0.0
0.0
0.0
0.0
0.0
0.0
0.0
0.0
0.0
0.0
0.0
0.0
0.0
0.0
0.0
0.0
0.0
0.0
0.0
0.0
0.0
0.0
0.0
0.0
0.0
0.0
0.0
0.0
0.0
0.0
0.0
0.0
0.0
0.0
0.0
0.0
0.0
0.0
0.0
0.0
0.0
0.0
0.0
0.0
0.0
0.0
0.0
0.0
0.0
0.0
0.0
0.0
0.0
0.0
0.0
0.0
0.0
0.0
0.0
0.0
0.0
0.0
0.0
0.0
0.0
0.0
0.0
0.0
0.0
0.0
0.0
0.0
0.0
0.0
0.0
0.0
0.0
0.0
0.0
0.0
0.0
0.0
0.0
0.0
0.0
0.0
0.0
0.0
0.0
0.0
0.0
0.0
0.0
0.0
0.0
0.0
0.0
0.0
0.0
0.0
0.0
0.0
0.0
0.0
0.0
0.0
0.0
0.0
0.0
0.0
0.0
0.0
0.0
0.0
0.0
0.0
0.0
0.0
0.0
0.0
0.0
0.0
0.0
0.0
0.0
0.0
0.0
0.0
0.0
0.0
0.0
0.0
0.0
0.0
0.0
0.0
0.0
0.0
0.0
0.0
0.0
0.0
0.0
0.0
0.0
0.0
0.0
0.0
0.0
0.0
0.0
0.0
0.0
0.0
0.0
0.0
0.0
0.0
0.0
0.0
0.0
0.0
0.0
0.0
0.0
0.0
0.0
0.0
0.0
0.0
0.0
0.0
0.0
0.0
0.0
0.0
0.0
0.0
0.0
0.0
0.0
0.0
0.0
0.0
0.0
0.0
0.0
0.0
0.0
0.0
0.0
0.0
0.0
0.0
0.0
0.0
0.0
0.0
0.0
0.0
0.0
0.0
0.0
0.0
0.0
0.0
0.0
0.0
0.0
0.0
0.0
0.0
0.0
0.0
0.0
0.0
0.0
0.0
0.0
0.0
0.0
0.0
0.0
0.0
0.0
0.0
0.0
0.0
0.0
0.0
0.0
0.0
0.0
0.0
0.0
0.0
0.0
0.0
0.0
0.0
0.0
0.0
0.0
0.0
0.0
0.0
0.0
0.0
0.0
0.0
0.0
0.0
0.0
0.0
0.0
0.0
0.0
0.0
0.0
0.0
0.0
0.0
0.0
0.0
0.0
0.0
0.0
0.0
0.0
0.0
0.0
0.0
0.0
0.0
0.0
0.0
0.0
0.0
0.0
0.0
0.0
0.0
0.0
0.0
0.0
0.0
0.0
0.0
0.0
0.0
0.0
0.0
0.0
0.0
0.0
0.0
0.0
0.0
0.0
0.0
0.0
0.0
0.0
0.0
0.0
0.0
0.0
0.0
0.0
0.0
0.0
0.0
0.0
0.0
0.0
0.0
0.0
0.0
0.0
0.0
0.0
0.0
0.0
0.0
0.0
0.0
0.0
0.0
0.0
0.0
0.0
0.0
0.0
0.0
0.0
0.0
0.0
0.0
0.0
0.0
0.0
0.0
0.0
0.0
0.0
0.0
0.0
0.0
0.0
0.0
0.0
0.0
0.0
0.0
0.0
0.0
0.0
0.0
0.0
0.0
0.0
0.0
0.0
0.0
0.0
0.0
0.0
0.0
0.0
0.0
0.0
0.0
0.0
0.0
0.0
0.0
0.0
0.0
0.0
0.0
0.0
0.0
0.0
0.0
0.0
0.0
0.0
0.0
0.0
0.0
0.0
0.0
0.0
0.0
0.0
0.0
0.0
0.0
0.0
0.0
0.0
0.0
0.0
0.0
0.0
0.0
0.0
0.0
0.0
0.0
0.0
0.0
0.0
0.0
0.0
0.0
0.0
0.0
0.0
0.0
0.0
0.0
0.0
0.0
0.0
0.0
0.0
0.0
0.0
0.0
0.0
0.0
0.0
0.0
0.0
0.0
0.0
0.0
0.0
0.0
0.0
0.0
0.0
0.0
0.0
0.0
0.0
0.0
0.0
0.0
0.0
0.0
0.0
0.0
0.0
0.0
0.0
0.0
0.0
0.0
0.0
0.0
0.0
0.0
0.0
0.0
0.0
0.0
0.0
0.0
0.0
0.0
0.0
0.0
0.0
0.0
0.0
0.0
0.0
0.0
0.0
0.0
0.0
0.0
0.0
0.0
0.0
0.0
0.0
0.0
0.0
0.0
0.0
0.0
0.0
0.0
0.0
0.0
0.0
0.0
0.0
0.0
0.0
0.0
0.0
0.0
0.0
0.0
0.0
0.0
0.0
0.0
0.0
0.0
0.0
0.0
0.0
0.0
0.0
0.0
0.0
0.0
0.0
0.0
0.0
0.0
0.0
0.0
0.0
0.0
0.0
0.0
0.0
0.0
0.0
0.0
0.0
0.0
0.0
0.0
0.0
0.0
0.0
0.0
0.0
0.0
0.0
0.0
0.0
0.0
0.0
0.0
0.0
0.0
0.0
0.0
0.0
0.0
0.0
0.0
0.0
0.0
0.0
0.0
0.0
0.0
0.0
0.0
0.0
0.0
0.0
0.0
0.0
0.0
0.0
0.0
0.0
0.0
0.0
0.0
0.0
0.0
0.0
0.0
0.0
0.0
0.0
0.0
0.0
0.0
0.0
0.0
0.0
0.0
0.0
0.0
0.0
0.0
0.0
0.0
0.0
0.0
0.0
0.0
0.0
0.0
0.0
0.0
0.0
0.0
0.0
0.0
0.0
0.0
0.0
0.0
0.0
0.0
0.0
0.0
0.0
0.0
0.0
0.0
0.0
0.0
0.0
0.0
0.0
0.0
0.0
0.0
0.0
0.0
0.0
0.0
0.0
0.0
0.0
0.0
0.0
0.0
0.0
0.0
0.0
0.0
0.0
0.0
0.0
0.0
0.0
0.0
0.0
0.0
0.0
0.0
0.0
0.0
0.0
0.0
0.0
0.0
0.0
0.0
0.0
0.0
0.0
0.0
0.0
0.0
0.0
0.0
0.0
0.0
0.0
0.0
0.0
0.0
0.0
0.0
0.0
0.0
0.0
0.0
0.0
0.0
0.0
0.0
0.0
0.0
0.0
0.0
0.0
0.0
0.0
0.0
0.0
0.0
0.0
0.0
0.0
0.0
0.0
0.0
0.0
0.0
0.0
0.0
0.0
0.0
0.0
0.0
0.0
0.0
0.0
0.0
0.0
0.0
0.0
0.0
0.0
0.0
0.0
0.0
0.0
0.0
0.0
0.0
0.0
0.0
0.0
0.0
0.0
0.0
0.0
0.0
0.0
0.0
0.0
0.0
0.0
0.0
0.0
0.0
0.0
0.0
0.0
0.0
0.0
0.0
0.0
0.0
0.0
0.0
0.0
0.0
0.0
0.0
0.0
0.0
0.0
0.0
0.0
0.0
0.0
0.0
0.0
0.0
0.0
0.0
0.0
0.0
0.0
0.0
0.0
0.0
0.0
0.0
0.0
0.0
0.0
0.0
0.0
0.0
0.0
0.0
0.0
0.0
0.0
0.0
0.0
0.0
0.0
0.0
0.0
0.0
0.0
0.0
0.0
0.0
0.0
0.0
0.0
0.0
0.0
0.0
0.0
0.0
0.0
0.0
0.0
0.0
0.0
0.0
0.0
0.0
0.0
0.0
0.0
0.0
0.0
0.0
0.0
0.0
0.0
0.0
0.0
0.0
0.0
0.0
0.0
0.0
0.0
0.0
0.0
0.0
0.0
0.0
0.0
0.0
0.0
0.0
0.0
0.0
0.0
0.0
0.0
0.0
0.0
0.0
0.0
0.0
0.0
0.0
0.0
0.0
0.0
0.0
0.0
0.0
0.0
0.0
0.0
0.0
0.0
0.0
0.0
0.0
0.0
0.0
0.0
0.0
0.0
0.0
0.0
0.0
0.0
0.0
0.0
0.0
0.0
0.0
0.0
0.0
0.0
0.0
0.0
0.0
0.0
0.0
0.0
0.0
0.0
0.0
0.0
0.0
0.0
0.0
0.0
0.0
0.0
0.0
0.0
0.0
0.0
0.0
0.0
0.0
0.0
0.0
0.0
0.0
0.0
0.0
0.0
0.0
0.0
0.0
0.0
0.0
0.0
0.0
0.0
0.0
0.0
0.0
0.0
0.0
0.0
0.0
0.0
0.0
0.0
0.0
0.0
0.0
0.0
0.0
0.0
0.0
0.0
0.0
0.0
0.0
0.0
0.0
0.0
0.0
0.0
0.0
0.0
0.0
0.0
0.0
0.0
0.0
0.0
0.0
0.0
0.0
0.0
0.0
0.0
0.0
0.0
0.0
0.0
0.0
0.0
0.0
0.0
0.0
0.0
0.0
0.0
0.0
0.0
0.0
0.0
0.0
0.0
0.0
0.0
0.0
0.0
0.0
0.0
0.0
0.0
0.0
0.0
0.0
0.0
0.0
0.0
0.0
0.0
0.0
0.0
0.0
0.0
0.0
0.0
0.0
0.0
0.0
0.0
0.0
0.0
0.0
0.0
0.0
0.0
0.0
0.0
0.0
0.0
0.0
0.0
0.0
0.0
0.0
0.0
0.0
0.0
0.0
0.0
0.0
0.0
0.0
0.0
0.0
0.0
0.0
0.0
0.0
0.0
0.0
0.0
0.0
0.0
0.0
0.0
0.0
0.0
0.0
0.0
0.0
0.0
0.0
0.0
0.0
0.0
0.0
0.0
0.0
0.0
0.0
0.0
0.0
0.0
0.0
0.0
0.0
0.0
0.0
0.0
0.0
0.0
0.0
0.0
0.0
0.0
0.0
0.0
0.0
0.0
0.0
0.0
0.0
0.0
0.0
0.0
0.0
0.0
0.0
0.0
0.0
0.0
0.0
0.0
0.0
0.0
0.0
0.0
0.0
0.0
0.0
0.0
0.0
0.0
0.0
0.0
0.0
0.0
0.0
0.0
0.0
0.0
0.0
0.0
0.0
0.0
0.0
0.0
0.0
0.0
0.0
0.0
0.0
0.0
0.0
0.0
0.0
0.0
0.0
0.0
0.0
0.0
0.0
0.0
0.0
0.0
0.0
0.0
0.0
0.0
0.0
0.0
0.0
0.0
0.0
0.0
0.0
0.0
0.0
0.0
0.0
0.0
0.0
0.0
0.0
0.0
0.0
0.0
0.0
0.0
0.0
0.0
0.0
0.0
0.0
0.0
0.0
0.0
0.0
0.0
0.0
0.0
0.0
0.0
0.0
0.0
0.0
0.0
0.0
0.0
0.0
0.0
0.0
0.0
0.0
0.0
0.0
0.0
0.0
0.0
0.0
0.0
0.0
0.0
0.0
0.0
0.0
0.0
0.0
0.0
0.0
0.0
0.0
0.0
0.0
0.0
0.0
0.0
0.0
0.0
0.0
0.0
0.0
0.0
0.0
0.0
0.0
0.0
0.0
0.0
0.0
0.0
0.0
0.0
0.0
0.0
0.0
0.0
0.0
0.0
0.0
0.0
0.0
0.0
0.0
0.0
0.0
0.0
0.0
0.0
0.0
0.0
0.0
0.0
0.0
0.0
0.0
0.0
0.0
0.0
0.0
0.0
0.0
0.0
0.0
0.0
0.0
0.0
0.0
0.0
0.0
0.0
0.0
0.0
0.0
0.0
0.0
0.0
0.0
0.0
0.0
0.0
0.0
0.0
0.0
0.0
0.0
0.0
0.0
0.0
0.0
0.0
0.0
0.0
0.0
0.0
0.0
0.0
0.0
0.0
0.0
0.0
0.0
0.0
0.0
0.0
0.0
0.0
0.0
0.0
0.0
0.0
0.0
0.0
0.0
0.0
0.0
0.0
0.0
0.0
0.0
0.0
0.0
0.0
0.0
0.0
0.0
0.0
0.0
0.0
0.0
0.0
0.0
0.0
0.0
0.0
0.0
0.0
0.0
0.0
0.0
0.0
0.0
0.0
0.0
0.0
0.0
0.0
0.0
0.0
0.0
0.0
0.0
0.0
0.0
0.0
0.0
0.0
0.0
0.0
0.0
0.0
0.0
0.0
0.0
0.0
0.0
0.0
0.0
0.0
0.0
0.0
0.0
0.0
0.0
0.0
0.0
0.0
0.0
0.0
0.0
0.0
0.0
0.0
0.0
0.0
0.0
0.0
0.0
0.0
0.0
0.0
0.0
0.0
0.0
0.0
0.0
0.0
0.0
0.0
0.0
0.0
0.0
0.0
0.0
0.0
0.0
0.0
0.0
0.0
0.0
0.0
0.0
0.0
0.0
0.0
0.0
0.0
0.0
0.0
0.0
0.0
0.0
0.0
0.0
0.0
0.0
0.0
0.0
0.0
0.0
0.0
0.0
0.0
0.0
0.0
0.0
0.0
0.0
0.0
0.0
0.0
0.0
0.0
0.0
0.0
0.0
0.0
0.0
0.0
0.0
0.0
0.0
0.0
0.0
0.0
0.0
0.0
0.0
0.0
0.0
0.0
0.0
0.0
0.0
0.0
0.0
0.0
0.0
0.0
0.0
0.0
0.0
0.0
0.0
0.0
0.0
0.0
0.0
0.0
0.0
0.0
0.0
0.0
0.0
0.0
0.0
0.0
0.0
0.0
0.0
0.0
0.0
0.0
0.0
0.0
0.0
0.0
0.0
0.0
0.0
0.0
0.0
0.0
0.0
0.0
0.0
0.0
0.0
0.0
0.0
0.0
0.0
0.0
0.0
0.0
0.0
0.0
0.0
0.0
0.0
0.0
0.0
0.0
0.0
0.0
0.0
0.0
0.0
0.0
0.0
0.0
0.0
0.0
0.0
0.0
0.0
0.0
0.0
0.0
0.0
0.0
0.0
0.0
0.0
0.0
0.0
0.0
0.0
0.0
0.0
0.0
0.0
0.0
0.0
0.0
0.0
0.0
0.0
0.0
0.0
0.0
0.0
0.0
0.0
0.0
0.0
0.0
0.0
0.0
0.0
0.0
0.0
0.0
0.0
0.0
0.0
0.0
0.0
0.0
0.0
0.0
0.0
0.0
0.0
0.0
0.0
0.0
0.0
0.0
0.0
0.0
0.0
0.0
0.0
0.0
0.0
0.0
0.0
0.0
0.0
0.0
0.0
0.0
0.0
0.0
0.0
0.0
0.0
0.0
0.0
0.0
0.0
0.0
0.0
0.0
0.0
0.0
0.0
0.0
0.0
0.0
0.0
0.0
0.0
0.0
0.0
0.0
0.0
0.0
0.0
0.0
0.0
0.0
0.0
0.0
0.0
0.0
0.0
0.0
0.0
0.0
0.0
0.0
0.0
0.0
0.0
0.0
0.0
0.0
0.0
0.0
0.0
0.0
0.0
0.0
0.0
0.0
0.0
0.0
0.0
0.0
0.0
0.0
0.0
0.0
0.0
0.0
0.0
0.0
0.0
0.0
0.0
0.0
0.0
0.0
0.0
0.0
0.0
0.0
0.0
0.0
0.0
0.0
0.0
0.0
0.0
0.0
0.0
0.0
0.0
0.0
0.0
0.0
0.0
0.0
0.0
0.0
0.0
0.0
0.0
0.0
0.0
0.0
0.0
0.0
0.0
0.0
0.0
0.0
0.0
0.0
0.0
0.0
0.0
0.0
0.0
0.0
0.0
0.0
0.0
0.0
0.0
0.0
0.0
0.0
0.0
0.0
0.0
0.0
0.0
0.0
0.0
0.0
0.0
0.0
0.0
0.0
0.0
0.0
0.0
0.0
0.0
0.0
0.0
0.0
0.0
0.0
0.0
0.0
0.0
0.0
0.0
0.0
0.0
0.0
0.0
0.0
0.0
0.0
0.0
0.0
0.0
0.0
0.0
0.0
0.0
0.0
0.0
0.0
0.0
0.0
0.0
0.0
0.0
0.0
0.0
0.0
0.0
0.0
0.0
0.0
0.0
0.0
0.0
0.0
0.0
0.0
0.0
0.0
0.0
0.0
0.0
0.0
0.0
0.0
0.0
0.0
0.0
0.0
0.0
0.0
0.0
0.0
0.0
0.0
0.0
0.0
0.0
0.0
0.0
0.0
0.0
0.0
0.0
0.0
0.0
0.0
0.0
0.0
0.0
0.0
0.0
0.0
0.0
0.0
0.0
0.0
0.0
0.0
0.0
0.0
0.0
0.0
0.0
0.0
0.0
0.0
0.0
0.0
0.0
0.0
0.0
0.0
0.0
0.0
0.0
0.0
0.0
0.0
0.0
0.0
0.0
0.0
0.0
0.0
0.0
0.0
0.0
0.0
0.0
0.0
0.0
0.0
0.0
0.0
0.0
0.0
0.0
0.0
0.0
0.0
0.0
0.0
0.0
0.0
0.0
0.0
0.0
0.0
0.0
0.0
0.0
0.0
0.0
0.0
0.0
0.0
0.0
0.0
0.0
0.0
0.0
0.0
0.0
0.0
0.0
0.0
0.0
0.0
0.0
0.0
0.0
0.0
0.0
0.0
0.0
0.0
0.0
0.0
0.0
0.0
0.0
0.0
0.0
0.0
0.0
0.0
0.0
0.0
0.0
0.0
0.0
0.0
0.0
0.0
0.0
0.0
0.0
0.0
0.0
0.0
0.0
0.0
0.0
0.0
0.0
0.0
0.0
0.0
0.0
0.0
0.0
0.0
0.0
0.0
0.0
0.0
0.0
0.0
0.0
0.0
0.0
0.0
0.0
0.0
0.0
0.0
0.0
0.0
0.0
0.0
0.0
0.0
0.0
0.0
0.0
0.0
0.0
0.0
0.0
0.0
0.0
0.0
0.0
0.0
0.0
0.0
0.0
0.0
0.0
0.0
0.0
0.0
0.0
0.0
0.0
0.0
0.0
0.0
0.0
0.0
0.0
0.0
0.0
0.0
0.0
0.0
0.0
0.0
0.0
0.0
0.0
0.0
0.0
0.0
0.0
0.0
0.0
0.0
0.0
0.0
0.0
0.0
0.0
0.0
0.0
0.0
0.0
0.0
0.0
0.0
0.0
0.0
0.0
0.0
0.0
0.0
0.0
0.0
0.0
0.0
0.0
0.0
0.0
0.0
0.0
0.0
0.0
0.0
0.0
0.0
0.0
0.0
0.0
0.0
0.0
0.0
0.0
0.0
0.0
0.0
0.0
0.0
0.0
0.0
0.0
0.0
0.0
0.0
0.0
0.0
0.0
0.0
0.0
0.0
0.0
0.0
0.0
0.0
0.0
0.0
0.0
0.0
0.0
0.0
0.0
0.0
0.0
0.0
0.0
0.0
0.0
0.0
0.0
0.0
0.0
0.0
0.0
0.0
0.0
0.0
0.0
0.0
0.0
0.0
0.0
0.0
0.0
0.0
0.0
0.0
0.0
0.0
0.0
0.0
0.0
0.0
0.0
0.0
0.0
0.0
0.0
0.0
0.0
0.0
0.0
0.0
0.0
0.0
0.0
0.0
0.0
0.0
0.0
0.0
0.0
0.0
0.0
0.0
0.0
0.0
0.0
0.0
0.0
0.0
0.0
0.0
0.0
0.0
0.0
0.0
0.0
0.0
0.0
0.0
0.0
0.0
0.0
0.0
0.0
0.0
0.0
0.0
0.0
0.0
0.0
0.0
0.0
0.0
0.0
0.0
0.0
0.0
0.0
0.0
0.0
0.0
0.0
0.0
0.0
0.0
0.0
0.0
0.0
0.0
0.0
0.0
0.0
0.0
0.0
0.0
0.0
0.0
0.0
0.0
0.0
0.0
0.0
0.0
0.0
0.0
0.0
0.0
0.0
0.0
0.0
0.0
0.0
0.0
0.0
0.0
0.0
0.0
0.0
0.0
0.0
0.0
0.0
0.0
0.0
0.0
0.0
0.0
0.0
0.0
0.0
0.0
0.0
0.0
0.0
0.0
0.0
0.0
0.0
0.0
0.0
0.0
0.0
0.0
0.0
0.0
0.0
0.0
0.0
0.0
0.0
0.0
0.0
0.0
0.0
0.0
0.0
0.0
0.0
0.0
0.0
0.0
0.0
0.0
0.0
0.0
0.0
0.0
0.0
0.0
0.0
0.0
0.0
0.0
0.0
