0.679757502766
2.66247398505
0.0
0.0
0.0
-0.0109023656992
-0.153837104795
0.0
-0.0651721406689
0.0
0.0236763031785
-0.375172200164
0.182789031298
0.129393114019
0.0
0.0410819454506
0.700786157943
-0.327261708512
0.0750885942731
0.0710814509315
0.0520434805107
0.0
0.0
0.0
0.0
0.845082095956
-0.189941626885
-0.0824071500818
0.0
0.307437387749
-0.0394149797193
1.22927888784
0.324006846028
0.253294456157
-0.0804192802748
-0.158702224869
0.0
1.31803620659
0.198337229947
0.139869830428
0.0016860587528
1.1282717976
0.357823206466
0.0
0.475140381583
0.137711228461
0.258438111475
0.0
1.4194268997
0.360584424318
-0.202406382319
-0.00672422494374
0.0877389096379
1.38509351552
0.236036010124
0.036826120154
-0.114584655013
0.0985828979348
0.0
0.0
0.0
2.16213721708
0.306604948059
0.0
0.0
0.0267674163416
0.0232013519572
0.0168273315102
3.27808423503
0.311284921875
-0.0579440136111
0.645888606007
0.315539123775
-0.000648181492259
0.0847195204363
0.0
0.0776748785076
0.0372662089167
0.0
0.17266190885
0.755099262811
1.23573896401
1.47593797684
0.0
0.0
0.0
0.0
0.0
0.0
-0.000577158449203
0.0
0.0
0.456203466002
0.0649200585949
0.0
-0.494115098074
0.378125432096
0.0
0.0
-0.0158497842088
-0.0666339444776
0.196746557728
0.0425612172615
0.0
-0.940256053226
0.52836370953
0.0
0.0
0.217045230046
0.0
-0.296515563824
0.0
0.0
0.0
0.0
1.18622069385
0.0
0.922404915631
0.241060278809
0.0
0.0
0.0
-0.162909849063
0.0
0.0
0.0
0.0
0.0
0.0
-0.0174553919215
0.0471922024865
0.770739361913
0.998410560537
0.0
0.0
0.0
0.0
0.0
-0.415367972091
0.0
0.0
0.0
-0.585219635676
0.109444780689
0.0
0.0
0.0
0.0
0.870595228922
0.0770208761113
0.0
0.0
0.0
-0.0850759511235
0.0198380722079
0.0261349625651
0.49200784262
0.0701030891399
0.0
0.0
0.0
-0.511529119368
0.115093691878
-0.806475601104
0.0
0.0
-0.00165066513742
0.135993222298
0.0
0.0
-0.81549924153
0.0
0.15190846321
-0.167610579344
0.0
0.0
0.0
0.0
0.0
0.534583829477
0.165477897402
-0.062120888419
0.61177422112
-0.0901057278898
0.0
-0.0116142423074
0.0
-0.0407274622658
-0.217642545702
0.45998811277
-0.00897172444878
0.0
-0.168806013528
0.317762985742
0.0
0.0
0.0
0.0
0.0
0.0
0.322176202821
0.184871996636
-0.159434929202
0.810346073747
0.0
0.0
0.0
-0.0400097488527
0.0
0.0
0.0
0.0
0.319793121216
0.0
-0.41449041469
0.0250800355947
0.0
-0.146848936841
-0.0642366824708
0.0
-0.371278206848
0.0834803586637
0.0288906263465
-0.00157257011817
0.0
0.0
0.0
0.0
0.986907769436
-0.600820194139
0.548750004543
0.0
0.0
0.0
-0.0142582476382
-0.210972343171
0.0411552307109
0.0295681974268
0.0
0.0
0.0453458133006
-0.476704807071
-0.397186356323
0.0
1.56020292981
0.0
0.305274200247
-0.0906096095048
-0.419768739332
-0.0610086953609
0.0960190818303
0.278597031383
0.0
0.0
-0.0470681934518
0.0
0.0
0.0
0.0
0.0
0.0
0.0
-0.0314825693265
-0.644630365887
0.15106994406
0.0
0.611670085033
0.0
0.121566587384
-0.569762321765
-0.0667450589652
-0.327183784727
-0.171452274101
0.0520760987699
0.0304439953063
0.371682776277
0.0
0.0
0.155385120075
0.0
-1.13532272036
0.0
-0.316168408995
0.0
0.0774226137823
0.0
-0.0407274622658
0.0
0.0
0.0
0.3365277787
0.518866651943
0.233761725439
1.63570521285
0.0
0.0
0.0
0.0
-0.336942055446
0.0
0.0
0.119824569767
0.0198830130694
0.0
0.378595426844
-0.0389529400244
0.0
0.208359765166
0.0
0.338504199259
0.0561053946103
0.203850432631
0.0
0.520770096491
0.0
0.780412566182
0.117263109559
0.239419091308
0.0
0.0
0.0
-0.0454586169661
0.95179056882
1.11220038611
0.430937938608
0.0
0.0424826813891
0.0550468532713
0.0
0.0
0.0
0.0
0.767819216843
-0.588603763689
0.0
-0.336156606351
-0.000832375287185
0.0
0.200394098646
0.0
0.0
-0.0171493775168
-0.638339845419
0.0
0.531570050942
0.0
-0.178627197203
-0.389173436274
-0.129990044448
-0.000975120771076
0.0
0.517379552063
1.01357582867
0.57326498141
0.161129919282
-0.00102966884301
0.0
0.487925574336
0.0
0.0
0.449380009222
0.279391678523
-0.54288194134
1.07115912144
0.350824861786
0.0
0.0
0.0447609643
0.0
-0.587716976843
0.0
0.0
0.157250284463
0.0
0.0
0.0
0.0
1.26121870384
0.0
0.0
0.0
0.620742314254
0.544778447174
0.503462884561
1.03758163217
0.0
0.0
0.0
0.0
0.371993944144
0.0
0.0
-0.0403306140275
0.0
0.0
0.0987565138022
-0.0117824018255
0.0
-0.180105974
0.0
0.0
0.156634690934
0.0
0.0
0.853092033369
-0.0225587832825
0.0
0.0
0.488525958186
0.786231578113
0.0
-0.251482090584
0.0
0.0
0.286328442075
-0.151310483336
0.0
0.0
0.409022232406
0.0
0.0
0.0
0.0
0.0
-0.214527222648
0.897987800372
0.0
0.0
0.567725748961
-0.324262983435
0.0
0.0
0.0386413083977
-0.541542194506
0.278925836316
0.0
0.0
0.66141794278
-0.330284939982
-0.251313348411
0.187811625617
-0.448036255758
0.0
0.303412456674
0.341934245052
-0.26784129329
-0.105517353934
0.282534446894
-0.28034753423
-0.404857034876
0.758254266471
0.304768229122
-0.0381228881724
0.0
0.823172099764
-0.647806391297
-0.0984204170263
0.234831428978
-0.00945458329588
-0.97410270913
0.0871767897371
0.704444383473
0.342907447267
-0.477517175504
0.435119965897
0.327948577889
-0.542281370526
1.01895104459
-0.33852257641
-0.130894189886
-0.0820272692489
0.202632895875
-1.13976953383
-0.900936849433
-0.101884329273
0.0807332716301
0.287325605279
-0.12867544218
-1.40782182717
-0.147166136636
-0.226429296397
-0.2096492128
-0.307782625859
-0.180455687567
-0.636930226743
-0.200805967015
-0.562615269327
0.0
0.234282489731
-0.00415023432105
0.287056390079
-1.13712549118
-0.870575545447
-1.42812817274
0.86813539329
-1.05004986872
0.466799861928
-0.862656140359
-0.127937203565
0.541155246851
-0.166422646459
0.0293286964205
-2.52512490203
-0.957742027903
-1.50681029263
0.177068427169
-0.684621551357
-0.818438407947
-0.698039735592
-0.936143857278
0.0
0.0
0.0
0.0
-0.0803993265912
0.0
0.0
0.0
-0.0355622760646
0.0
-0.0373729027679
0.0
0.0
0.0
0.0
0.0
0.0
0.926770982073
0.655076208093
1.25346892361
0.749972236159
-0.0561001488405
0.0102044463871
-0.563623242739
-0.396094768985
-0.274987393792
1.3187598423
0.177863895129
1.06281007078
2.09468701733
2.76390548945
0.0
-0.0076775569821
0.0
0.0
-0.156379994445
1.96234398706
1.44385731949
2.6587060548
0.352848906526
-1.54342413387
-2.15531074227
0.0
0.0
-2.45943866667
0.0
0.0
0.0
0.0
0.0
0.0
0.0
0.0
0.0
0.0
0.0
0.0
0.0
0.0
0.0
0.0
0.0
0.0
0.0
0.0
0.0
0.0
0.0
0.0
0.0
0.0
0.0
0.0
0.0
0.0
0.0
0.0
0.0
0.0
-0.731796884862
-0.474597358575
-0.505289546006
-0.633413671026
2.50297432446
0.589869481775
0.439977844177
0.349635969701
0.168509170289
0.738686562506
0.0320997510328
0.349698554764
0.739415405186
0.589355199384
0.176019169367
-0.00443895378968
0.503590628592
-0.342900195919
-0.256786583111
-0.0458511964836
0.43096829417
-0.025985198505
0.0
0.0
0.0
0.0
-0.580616082935
0.207608087323
0.319092300408
0.252044368614
-0.00407079182535
0.289161622293
0.0
0.0798387144051
0.0
-0.245966466666
-0.0360835572522
-0.712290171808
0.279245406463
0.0
0.0870841088403
0.717704526962
0.0
0.0
-0.0837867425098
-0.156941788387
0.0
0.0
0.0672935430967
0.97568372285
0.207595267626
-0.001048564698
0.0
0.0
0.0
0.0739146246899
-0.645751232147
0.130383480614
0.439888207181
-0.238603000781
0.428470624664
-0.170103816781
-0.639230858136
0.437125901585
0.390139750327
0.0
-0.0980437224629
0.0
-0.0625919340512
0.417605923795
0.675775135206
0.925110721624
-0.0122154405263
0.0
-0.147398203889
0.194686451977
0.0
0.356682436925
0.0
0.183810041198
0.0
0.0
0.293432415482
0.0625070054936
0.0
-0.567981226989
0.0
0.0
0.0
0.540010729612
0.0
0.126687443269
0.35597561845
0.301716483575
0.45593522157
0.0
0.427604950443
0.340762651462
0.0
-0.206349201722
0.805578388221
0.0
0.425483328446
0.0790465112361
0.439471147367
0.0
0.0
0.0
0.0
0.165055456456
0.24211349475
0.0
-0.0104299224514
0.0
0.0
0.932088562936
0.0170216070649
0.795814438746
0.363533585066
-0.0207030934269
0.0
0.0
0.0
0.0
0.0
0.0
0.0
0.0
0.0
0.0
-0.195907051767
0.0
0.0
-0.0462409186962
0.0
0.720312869437
0.0
0.148211875729
0.162620481681
-0.177923490527
-0.26411033657
-0.0422388593332
0.0
-0.158740701487
0.0
0.0
0.099233215553
0.0
0.155604125537
0.0
0.0
0.0
0.709597886038
0.320590669737
0.127488510029
-0.000577158449203
0.0
0.407277661753
0.740265204058
0.448149720477
0.00407691640817
0.0
0.0
0.506930864051
0.63632955985
-0.421651885986
0.405383108815
0.0
0.0
0.0
0.0
0.635157707976
0.269301062962
0.0
0.525315964404
0.334146006958
0.335205151085
0.0
-0.353321198647
0.0419790099261
0.0
-0.21844428931
0.0
0.411806673234
-0.25826842482
-0.403065964341
0.0
0.23148431479
0.410667213057
-0.0932784006378
0.807501840854
-0.0170694179015
0.0
-0.497159782897
0.0136257960954
0.885682828565
-0.617429448278
0.0
0.0
-0.28339211627
0.124393859193
0.168486914593
0.0
0.0
0.210273245772
0.130056582622
0.172677062568
0.0
0.22267248892
0.0
0.0943149348628
0.959822971098
0.0
0.513348792151
0.0
0.0
0.299527719378
0.235096836286
0.369487186818
0.0
0.0
-0.0310638739826
-0.132235557775
-0.251200777909
0.0
0.0
0.0
-0.0369013404431
-0.0223845456647
0.0
0.0
0.0
0.0
0.0
0.0
0.503534947533
0.375804589908
0.747375901422
0.760726896946
-0.115830772032
0.0
0.0
-0.0327701086312
0.0
0.0366468408283
-0.792729398369
0.0
0.248837917537
0.332401648748
-0.42491950579
-0.0641552338975
0.229271790116
0.0
0.977835514173
0.120701844739
0.339086534992
0.0298849931756
0.63261275653
1.11597312714
0.759168742151
0.445022775225
0.466396652022
0.533323998952
-0.0814549245316
-0.175260811297
0.792471880633
-0.122028322453
0.524223885665
0.691486565415
0.264663895058
-0.0814617853557
0.545358447999
0.385353217864
0.0
-0.286497018864
-0.00659007855277
0.117913480984
0.0
0.359763114237
-0.175479145999
0.0
0.0
0.0
0.0
0.10592407905
0.623962111054
-0.0179494486763
-0.117915565177
0.636730684276
0.0711786847478
0.418676888393
0.382658752407
0.520013649249
0.0
-0.0585221878167
0.0
1.36749868745
0.459617317351
0.51306389589
0.0
-0.487945426876
0.0
0.383359409664
0.0
-0.136014686977
0.0
-0.0590794050425
-0.220918481257
-0.0283446621545
0.285766556506
0.0
0.535327580016
0.515031133578
0.584937306013
0.161428849839
-0.0658662761912
-0.0453048047524
0.0
0.0981342204245
0.0
0.0580876809926
0.122378658537
0.0
-0.301093885146
-0.118882979794
0.553492242331
-0.125744627991
-0.0102763950014
0.0
0.0
0.161479570122
0.543942508135
-0.447757198058
-0.572380323473
-0.00736590787883
-0.0724786363396
0.1026200776
0.0776340050452
0.276641875498
0.365483705667
0.223445049976
-0.0157936650771
0.0
0.627351099329
-0.207057358458
0.0
0.345563805234
0.0
0.0
0.0
0.357420735356
0.328923772133
0.0
0.928442844899
0.0
-0.0362270886012
-0.338641487192
0.0761917940974
0.0
0.0
0.0
1.0924691312
1.17520459299
0.0535123361492
-0.274472345454
0.496407963608
0.0
0.387770439723
0.317753162457
0.0
0.0
0.140268993359
0.31304958586
0.0
0.96785950262
0.504563739349
0.0
0.0
0.126881770578
0.378387354906
0.0654193720429
0.510754279446
0.509966377714
0.00778293392957
-0.0448821402328
0.0
0.0
-0.191887308126
-0.366345212697
-0.293506364689
-0.17877412496
-0.0889128388999
0.0
0.0
0.0
0.0
0.0
0.0
0.0
0.0
0.972582343895
0.180173468904
0.889368986429
1.3656482723
-0.0496612691487
0.0
0.0
0.0
0.0
0.462324686818
-0.0860431240649
0.0
0.675487482675
0.141447503263
-0.200583927894
0.0
1.06808278885
-0.408805276988
0.021701690165
0.0
0.0
0.0
0.0
-0.834585026485
0.231184798102
0.257949932383
0.0
-0.144553682065
0.0
0.924325557204
0.0
-0.582066368776
-0.257545079841
0.0
0.452788651272
0.355226177976
0.0472351357628
-0.251362947294
0.0904877492072
-0.113073640034
0.0
0.0
0.0
-0.171969496274
0.057353545473
0.214709171642
0.0
0.433430377505
0.0
0.145470479681
0.0997100785745
-0.075918617324
0.106079788149
0.106088598724
0.0
0.0
1.0224497675
0.0632863913532
0.107299809805
0.0665207848083
0.416655408754
0.0563480084679
0.251059799188
0.0
-0.114853629048
0.0
0.935142574797
0.0831465921073
0.396179331368
0.159796518268
-0.145837269143
0.0747243070677
-0.116106697212
0.055475644327
0.0
0.197012117243
0.915592958866
0.275095010642
0.30987030177
0.65404170295
0.0
-0.323682278962
0.0
0.285219434855
0.47407459478
0.143523351049
0.290995508454
0.0
0.0
-0.15333735725
0.212934263236
0.192471531372
0.247744204109
0.100756567772
-0.073345579953
0.0
0.120850067441
0.0
-0.118538976939
0.440821819432
0.0723627999171
0.496059306004
0.0603027825788
0.398565083471
0.0
0.291809476188
0.0
0.0590137347097
0.0
0.0954687552517
0.92556659783
-0.327836635113
0.0
0.0
0.0
0.135549561087
0.012951871977
0.0
0.0
0.0
0.380378744281
-0.533815488141
0.335399043506
0.0723396120491
0.0413745565262
0.0415076976189
0.128303986736
0.0226856050054
0.0
0.0
-0.0118177125289
0.267455903038
0.0
0.294783054098
0.177753632684
0.143616597214
0.0
0.341029004771
-0.308743891211
-0.204886669841
0.0
0.198014059006
-0.99404311038
-0.0638925497987
0.0
-0.0585211895679
-0.313289910545
-0.14854767508
-0.0128401198456
-0.0873838776617
-0.0428712622617
0.0
0.0
-0.00141042973536
0.0
0.0
0.0
0.0
0.0
0.0
0.0
0.0
0.0
0.459236791146
1.68270745422
0.913690929889
1.75252133864
0.0666343495151
0.0
0.0
0.0
0.0
0.0
0.00316788500251
-0.0143098537582
0.358383702801
0.300451074879
0.00100148226707
0.0433041169071
0.404179202097
0.0199828065373
-0.0407274622658
0.0
0.0
1.91482045291
0.630457827961
-0.964516996759
0.0
0.0
-0.0518997851803
0.0611067672536
0.0568115750417
0.444483578403
0.319994474722
0.187547484925
0.48405399861
0.0
0.0
0.862187159257
-0.308993168626
-0.146701807417
0.0
0.556591847796
0.157456848931
-0.291630511307
0.213717383197
-0.0512304824596
0.0
0.907422199168
-0.551198763098
0.0124551632137
0.26288890201
0.0
0.0606445947472
0.0
0.00166353220779
-0.0885961744492
0.529695514337
0.0
0.0
1.03055744399
0.876981335361
0.0977623646607
-0.0686889748463
0.0185400005912
0.0
0.0606596686218
0.469940611987
0.852811494718
-0.0537595168566
0.475328790807
0.694788437124
0.0
-0.201736890191
0.0
0.0
0.43364385895
0.637259530565
0.210679095344
0.0
0.0
0.0849485549851
0.0471298009223
0.0
0.0264282953621
-0.000589344969649
0.0
0.0534419307203
0.0
0.0
0.314080875418
0.0
0.0
0.729803751814
0.133413419168
0.341992935215
0.340307556384
0.313806413134
0.0
1.16156898315
0.600779829562
0.0
0.370576127335
0.53436023459
0.25875925335
-0.249304119715
0.287262625522
0.581552466128
0.72215894675
0.0
0.787621585892
0.338928081561
0.440535037566
0.0100582446282
0.532871801799
0.21506874717
0.0
0.305267253187
0.287000220226
0.108727202529
0.0
0.571593226031
0.172335498473
-0.0369955271824
0.0
-0.096844464424
0.0959413210225
0.239538726716
0.0
0.0
-0.0502002610988
0.0
-0.0473853716906
0.0
-0.0029228177956
-0.00106758218826
-0.162522348552
-0.0209834401846
-0.0360193398532
-0.0407274622658
-0.0526454830871
0.0
0.0
-0.282807188259
0.0
0.0
0.0
0.0
0.0
0.0
0.0
0.0
0.857640905135
0.8812453906
0.941624843435
0.281795531837
0.0
0.0
0.0
0.0
0.307691205136
0.127040153382
-0.156677605237
0.0758371625727
0.0
1.33806771845
0.0921662892262
-0.108295207111
0.0295292591819
0.731459401395
0.169986862208
-0.129924684404
0.0
-0.134421689942
0.516812825494
0.670601183866
-0.22115762248
0.173975672713
0.0
0.339532124187
-0.45051817051
0.338857357538
0.415086051286
0.273022400406
0.0
0.0
1.38655380179
0.544035692141
0.0
0.402280188735
0.357569992168
0.0
0.0874503230546
0.225942140273
0.0
-0.123792969951
0.263168964492
0.0
0.207548379746
0.349643181354
-0.177535411644
0.133015096423
0.291215269848
-0.171557382482
-0.00125420274922
0.452152446185
-0.0409404849668
0.0
0.706102776303
0.67856141184
0.515885910752
0.0
0.0
0.387439447839
0.264230083573
0.0360413731642
0.00879142416011
0.36152176668
0.0174825678703
0.625187045406
0.291873969078
0.0561505014694
0.0
0.604655649341
0.374720439439
0.0406264658682
0.355758303515
0.0390187242279
-0.0668987731951
0.578553781882
0.0
1.16567963515
-0.2809513808
0.0563288035315
0.147532268177
-0.591162838205
-0.0337608020063
0.0
0.0
0.0
0.716464389993
-0.0184133091113
0.0995868727746
0.210933807566
0.0
2.11583277018
0.727449227064
0.40239992566
0.0728341002602
0.0
0.0210839234287
0.118326091091
0.0
0.0692813531419
0.307387114515
0.0
0.0428943379034
0.0
1.5384665322
-0.444927618261
0.0
0.0126117084007
0.0841875434856
0.321294390053
0.0
-0.0871329541236
0.0
-0.00471782308945
-0.00184333944407
0.0
0.0
-0.0566953035152
0.0
0.0
0.0
0.0
0.0
0.0
0.0
0.139602284297
1.20068975584
1.19726188813
0.692819339712
0.0
0.0
0.797007225472
0.0
0.168708857998
0.0
0.0
0.0
0.15503409108
0.112291373264
-0.0864963127428
0.0
0.377770440962
0.300150615748
0.252973423941
0.0
-0.0930378747913
0.400694162228
0.139375059077
0.187263165135
0.399129691881
-0.982184397222
0.00143025160677
0.0
0.08609484871
0.0621486343952
0.166922817668
-0.0278631417656
0.0356962472512
-0.0924421006164
0.388082137908
0.0616989146324
0.406211888853
-0.233333267958
-0.120870074605
0.904774358658
0.00827452257221
0.179981696963
0.0
0.789714856073
-0.706520184047
0.0
0.343108312429
0.274608888414
0.131871189012
0.451057924604
0.0718460015436
0.0
2.18081269869
1.86555739346
0.392201190166
0.541484390895
-0.333869733539
0.0
-0.0688909133443
0.0748970062862
0.0523134304875
0.0
0.0
-0.4934737188
0.222610174338
0.0
0.0
0.157724979468
0.290341479862
-0.420818319753
0.230707743874
-0.00202790748869
-0.237127284962
0.34674315665
-0.221758541167
-0.00310807007118
0.0
0.933116746822
0.0895295868302
-0.0781490419218
1.35164027461
0.0
0.114974340206
1.13336750374
0.854528624976
1.09393383009
0.115940849313
0.0899267960338
0.0905428366172
-0.745319503578
2.13458335844
-0.0142340228393
0.220273421525
0.325534581092
-0.530888641001
0.30212248918
0.0551233254612
0.0520005546743
0.166321525706
0.0932832593432
0.0
0.649132166007
0.0
0.0
-0.00241087399063
-0.0358830124025
0.0
0.0
0.0
0.0
0.560492361252
1.47280402466
1.37894103766
0.0
-0.00965565359215
0.0
-0.197689062081
-0.199001515352
0.316995927726
0.17308962086
0.207529086675
0.224231812007
-0.166565993567
-0.0176461748195
0.0
0.936269656
0.0809976791156
0.0
-0.20659609092
0.34512361193
0.114640267324
0.116438793726
0.566070212908
0.429659241338
-0.117706882014
0.0
0.0
0.144605780542
0.0
0.717107668271
0.31849468142
0.165110470916
0.0
0.120018754328
0.37286454357
0.180056218684
0.0399912588722
0.0
0.380547723682
0.818086504994
0.145223494939
-0.173914865739
0.515972256885
0.117792594991
0.0
0.717762288885
0.0950565529335
0.210590562624
0.0
0.0
0.864415906362
-0.0830594692213
0.226414835891
0.0496776835972
0.0307974564623
0.0172244343102
0.725582563387
0.251174618709
-0.0259876338707
0.0
0.740103389555
1.2045507731
0.15940736563
0.122927293795
-0.367265813605
-0.056330824405
-0.00465786142879
0.0
0.220081085789
0.0
0.492825781943
0.231180289014
0.0
0.0
0.177654620702
0.110098498565
0.0
0.902760886639
0.793640465144
-0.187407796709
-0.322677460552
-0.0675033205398
0.0
-0.155542414258
0.553977716483
0.0
0.778461185014
0.227538564616
0.195225722637
0.238555263745
0.0
0.0327945129631
0.197461240929
0.0
-0.408515423242
-0.0591031464364
0.0
0.764131302273
0.373587776947
0.12776381461
0.0397580576811
0.00906952915167
0.0
0.0
-0.0751080212559
0.0
0.0
-0.066246175097
0.0
-0.0901280092232
0.0
0.0
0.0
0.341903954998
1.48174103355
0.23770094779
0.0
-0.265465482915
-0.141920329654
0.255103587744
0.371106763442
0.0
-0.0407274622658
0.0
0.878004881444
0.302739652767
-0.0973902154867
0.243260274908
0.142948979717
-0.41999026247
-0.200363487819
-0.263003110298
0.14948762271
-0.224027531315
0.241849940721
1.10805875531
-0.141530944846
0.475180394669
-0.157184825068
0.0
0.0494207109612
0.0
0.394956332798
1.70678713195
0.0
-0.0752522593639
0.331641894798
0.0579390671404
0.0
0.443304778538
0.380757059918
0.0
0.0
-0.0501933666015
0.160506032454
0.218811416298
0.300886242868
0.161554697143
0.987992933003
-0.40504610029
0.0
0.0485520240715
0.0895432446882
0.0537791603384
1.0049364048
0.572290089355
0.0181410232267
0.297533459268
0.0971541370497
0.490723807654
0.0
0.911127365232
0.100322160089
0.0
0.417597087754
0.0282934863857
0.217520154632
0.336028844097
0.0
-0.12650876339
0.220625681332
0.0449747612306
0.0
2.1868851005
0.684138321884
0.259390209864
0.225870672461
0.0264920449768
0.0866020660154
0.631193543664
0.538252468477
-0.46677313958
-0.112702796605
0.0
0.0
0.0
0.0
0.0
0.0
0.0
0.0
0.0
0.0
-0.0933431251353
0.0
-0.104000269062
-0.0198028669579
-0.0703056748643
0.0
-0.067599574457
0.0
-0.11949274356
0.0
0.0
0.0
0.0
-0.775585068522
0.0
0.0
0.0
0.0
0.0
0.0
0.0
0.0
0.0
-0.216060755572
0.0
0.0
0.0
0.0
-0.00187295228651
0.0
0.0
0.0
-0.00125715047372
-0.0638188861387
-0.0106047614211
-0.0444388788672
-0.000750464988082
0.0
0.0
0.0
0.0
0.0
0.0
0.0
0.0
0.0
0.0
0.0
0.0
0.0
0.0
0.0
0.0
0.0
-0.0164719581758
0.0
0.0
0.0
0.0
0.0
0.0
-0.251313348411
0.0
0.0
-0.251313348411
-0.00772422622091
0.0
0.0
0.0
0.0
0.0
0.0
0.0
0.0
0.0
0.0
-0.00162391055567
0.0
0.0
0.0
0.0
0.0
-0.0235002901972
0.0
0.0
0.0
0.0
0.0
-0.0274613433585
0.0
-0.00155995590315
0.0
0.0
-0.0194810018528
-0.00576118610727
0.0
-0.11719852122
-0.0958175759996
0.0
0.0
0.0
0.0
0.0
0.0
0.0
0.0
0.0
0.0
0.0
0.0
0.0
0.0
0.0
0.0
0.0
0.0
0.0
0.0
0.0
0.0
0.0
0.0
0.0
0.0
0.0
0.0
0.0
0.0
0.0
0.0
0.0
0.0
0.0
0.0
0.0
0.0
0.0
0.0
0.0
0.0
0.0
-0.0540895796474
0.0
0.0
-0.0156090851339
0.0
0.0
0.0
0.0
0.0
-0.422168479025
0.0
-0.303432254682
0.0
0.0
0.0
0.0
0.0
0.0
0.0
0.0
0.0
-0.002785652029
0.0
0.0
0.0
0.0
0.0
0.0
0.0
0.0
-0.195142737593
0.0
-0.0691505664712
0.0
-0.00470771772847
-0.139125793645
0.0
0.0
0.0
0.0
-0.251263448916
-0.000925781314647
-0.0508543309804
0.0
0.0
0.0
0.0
0.0
0.0
-0.104945916563
0.0
0.0
-0.0197929595691
0.0
0.0
0.0
0.0
0.0
0.0
0.0
-0.00260014393763
0.0
-0.0540767323296
0.0
0.0
-0.149853142373
-0.311499710318
-0.026952068418
0.0
0.0
0.0
0.0
0.0
0.0
0.0
0.0
0.0
0.0
-0.0924887243999
0.0
0.0
0.0
0.0
-0.514198764103
0.0
0.0
-0.041512105099
0.0
0.0
0.0
0.0
0.0
0.0
0.0
0.0
0.0
0.0
0.0
0.0
0.0
0.0
0.0
-0.00715006829902
0.0
0.0
0.0
-0.0447483910464
0.0
0.0
0.0
-0.091196996291
-0.0526236642273
0.0
0.0
-0.00420499846545
0.0
0.0
0.0
0.0
0.0
0.0
0.0
-0.0203459366032
0.0
0.0
0.0
0.0
0.0
0.0
0.0
0.0
0.0
0.0
-0.00150938904739
0.0
0.0
0.0
0.0
0.0
0.356867214296
-0.225221253553
0.0
0.0
-0.0268986302582
-0.0112199185914
-0.0279477062985
0.0
0.0
0.0
-0.0781965525757
0.0
0.0
0.0
0.0
0.0
0.0
0.0
0.0
0.0
0.0
0.0
0.0
0.0
0.0
0.0
0.0
0.0
0.0
0.0
0.0
0.0
0.0
-0.00509997931736
0.0
0.0
0.0
0.0
0.0
0.0
0.0
0.0
0.0
0.0
-0.040455352766
-0.504353201229
-0.150242619055
0.0
-0.0518882545668
0.0
0.0
0.0
0.0
0.0
-0.0392293581801
-0.0130465591816
-0.0019515940778
0.0
0.0
0.0
0.0
-0.165704014876
0.0
0.0
0.0
0.0
-0.103766398664
0.0
0.0
0.0
0.0
0.0
-0.0407274622658
0.0
0.0
-0.0402390541626
0.0
0.0
0.0
-0.0936566517548
0.0
0.0
0.0
0.0
0.0
0.0
-0.000967128412159
0.0
0.0
0.0
0.0
0.0
0.0
0.0
-0.00124012603164
0.0
-0.0860265079958
-0.0062841325682
0.0
0.0
0.0
0.0
-0.0173893066688
-0.061348680769
0.0
0.0
-0.233938882621
0.0
0.0
0.0
0.0
0.0
0.0
0.0
0.0
-0.0281012259478
0.0
0.0
-0.00192884547287
0.0
-0.0348419933909
-0.0228581982361
-0.0182008599883
-0.019243624549
0.0
0.0
-1.00799981562
-0.0145615268758
-0.0369293140885
0.0
0.0
0.0
0.0
0.0
-0.180268627809
0.0
-0.0344706985671
0.0
-0.021536869451
0.0
0.0
0.0
0.0
0.0
0.0
-1.05926345603
0.0
0.0
0.0
0.0
0.0
0.0
-0.00831814600778
0.0
0.0
-0.22108732797
0.0
0.0
0.0
0.0
-0.0664199023464
0.0
0.0
0.0
0.0
0.0
0.0
-0.0190848806556
0.0
0.0
0.0
0.0
0.0
0.0
0.0
0.0
0.0
0.0
0.0
0.0
0.0
0.0
-0.0392293581801
0.0
0.0
-0.0272164991078
0.0
0.0
0.0
0.0
0.0
0.0
0.0
0.0
0.0
-0.00334698793438
0.0
0.0
-0.0179413105499
-0.0979043912796
0.0
0.0
-0.0370820823149
0.0
-0.254862948144
0.0
-0.0628234849866
-0.325196723008
0.0
0.0
0.0
0.0
0.0
-0.0399247227649
-0.0535441803679
-1.26661534449
0.0
0.0
0.0
0.0
-0.245592292599
-0.000786204330658
0.0
-0.0235701738954
0.0
0.0
0.0
0.0
0.0
0.0
0.0
0.0
-0.236962031473
0.0
0.0
0.0
-0.0884945564462
-0.000755250033484
0.0
0.0
-0.0139399547163
0.0
-0.0297804344193
0.0
0.0
0.0
-0.00165086179649
0.0
0.0
0.0
-0.673451807026
0.0
0.0
0.0
0.0
0.0
-0.0819205016275
0.0
0.0
0.0
0.0
-0.00292191231927
0.0
0.0
-0.40263620496
-0.000628271368725
0.0
0.0
-0.0752256914052
0.0
0.0
-0.277633356378
0.0
0.0
-0.0493719488742
0.0
0.0
-0.141887168292
0.0
0.0
-0.113555215122
0.0
0.0
0.0
0.0
0.0
0.0
0.0
-0.00156949356683
0.0
0.0
0.0
0.0
0.0
-0.034500483748
0.0
0.0
0.0
0.0
-0.0469514425176
0.0
0.0
0.0
0.0
-0.0750242071288
0.0
0.0
0.0
-0.0195282997441
0.0
0.0
0.0
0.0
0.0
0.0
0.0
0.0
-0.713497299418
0.0
0.0
-0.606587549722
0.0
-0.0421848728529
0.0
0.0
0.0
0.0
0.0
0.0
-0.0285705086368
0.0
0.0
0.0
0.0
0.0
0.0
0.0
0.0
0.0
0.0
-0.120723221712
0.0
-0.0778833490779
0.0
0.0
0.0
0.0
0.0
0.0
0.0
-0.18420642383
0.0
-0.307332567407
0.0
0.0
0.0
0.0
0.0
0.0
0.0
0.0
0.0
0.0
0.0
0.0
-0.79817949857
0.0
-0.0160316096588
0.0
-0.0141074906981
0.0
0.0
-0.0219830256823
0.0
0.0
0.0
0.0
-0.562072995126
0.0
-0.0819205016275
0.0
0.0
0.0
0.0
0.0
0.0
-0.0468794405993
0.0
0.0
-0.0411156692433
0.0
0.0
0.0
0.0
0.0
0.0
0.0
0.0
-0.0468794405993
0.0
0.0
0.0
-0.0411536566985
0.0
-0.0652185143347
-0.0186405806522
0.0
0.0
-0.162958127267
0.0
0.0
0.0
0.0
-0.000746813523771
-0.810850851947
0.0
0.0
0.0
0.0
0.0
0.0
0.0
0.0
0.0
0.0
0.0
-0.00217503182846
0.0
0.0
-0.0272809106004
0.0
0.0
0.0
0.0
-0.377343026201
-0.0407274622658
-0.0430088693447
0.0
-0.026713666156
0.0
0.0
0.0
0.0
0.0
0.0
0.0
0.0
0.0
0.0
0.0
-0.0252458671354
0.0
0.0
0.0
0.0
-0.0161368428479
-0.034528237582
0.0
0.0
0.0
0.0
0.0
-0.0144274437202
0.0
0.0
0.0
0.0
-0.0219599578169
-0.00157334736877
-0.0202307464365
-1.03469895451
-0.00180533708824
0.0
0.0
0.0
0.0
-0.00715006829902
0.0
0.0
0.0
0.0
0.0
0.255335264212
0.0
0.0
0.0
0.0
0.0
0.0
0.0
0.0
0.0
0.0
0.0
0.0
0.0
0.0
0.0
-0.0734854807834
0.0
0.0
-0.0202307464365
0.0
0.0
0.0
0.0
-0.00389420865029
-0.0592518289562
0.0
-0.00299846022618
0.0
0.0
0.0
-0.0220548256875
0.0
-0.214213965909
0.0
0.0
0.0
0.0
0.0
-0.710853276196
0.0
-0.0306157631213
0.0
0.0
0.0
0.0
0.0
0.0
0.0
0.0
0.0
0.0
0.0
-0.00672831451943
-0.02938609365
-0.00701449316257
0.0
-0.0750242071288
0.0
0.0
0.0
0.0
-0.29681819526
0.0
-0.240963938114
0.0
-0.0489792395348
0.0
0.0
0.0
0.0
0.0
-0.0168832522331
-0.376136936962
0.0
0.0
0.0
0.0
1.49364266079
0.0
0.0
0.0
-0.757275481405
-0.000634094250249
0.0
0.0
-0.0813603514469
-0.0184476221774
0.0
0.0
-0.00314216024062
0.0
-0.0672705442373
0.0
0.0
-0.210494295812
0.0
0.0
0.0
0.0
0.0
0.0
0.0
0.0
0.0
0.0
0.0
0.0
0.0
0.0
0.0
0.0
0.0
0.0
0.0
0.0
0.0
0.0
0.0
0.0
0.0
0.0
0.0
0.0
0.0
0.0
0.0
0.0
0.0
0.0
0.0
0.0
0.0
0.0
0.0
0.0
0.0
0.0
0.0
0.0
0.0
0.0
0.0
0.0
0.0
0.0
-0.0407274622658
0.0
-0.0165744729337
-0.0700298814466
0.0
0.0
0.0
-0.0407274622658
0.0
0.0
0.0
-0.33706278136
0.0
-0.242565012083
0.0
0.0
0.0
0.0
0.0
0.0
-0.0853354925653
0.0
0.0
0.0
0.0
0.0
0.0
-0.234871642478
-0.403441057249
0.0
0.0
0.0
-0.124450754142
-0.071143270531
-0.0351414562454
0.0
0.0
0.0
-0.0308336750259
0.0
-0.0421633607218
0.0
0.0
0.0
0.0
0.0
0.0
0.0
-0.822239179499
-0.292390385241
0.0
-0.0406918732065
0.0
0.0
0.0
0.0
0.0
0.0
0.0
0.0
-0.515750145215
-0.00314499668159
0.0
0.0
0.0
0.0
0.0
-0.139469515645
-0.0159798541927
-0.1955515336
-0.0843116143625
0.0
-0.0136594449467
0.0
-0.947652719446
0.0
0.0
-0.000549714359078
0.0
-0.277770875489
0.0
0.0
0.0
-0.0250208537996
0.0
0.0
-0.00846497816392
0.0
0.0
-0.225556142118
-0.041652055915
0.0
0.0
-0.0934538452279
-0.118758331157
-0.00236214294454
0.0
0.0
0.0
-0.0584326191678
0.0
0.0
0.0
0.0
0.0
-0.0484196475068
-0.121888147859
-0.125279076578
-0.446969727354
0.0
0.0
-0.00343573348495
0.0
0.0
0.0
-0.119893604725
0.0
0.0
0.0
0.0
0.0
0.0
0.0
0.0
0.0
-0.403845267001
0.0
-0.0722242969417
0.0
-0.130423199315
0.0
0.0
0.0
0.0
0.0
0.0
0.0
-0.00288907608305
0.0
0.0
0.0
0.0
0.0
0.0
0.0
0.0
0.0
0.0
0.0
0.0
0.0
0.0
0.0
0.0
0.0
-0.330585186213
0.0
0.0
0.0
0.0
0.0
0.0
0.0
0.0
0.0
0.0
0.0
0.0
0.0
0.0
0.0
0.0
-0.00138210789877
-0.369798344626
-0.0305265410096
0.0
-0.0957181807421
0.0
0.0
0.0
-0.122182386797
-0.0532358797788
0.0
-0.0253614495288
0.0
0.0
0.0
0.0
0.0
-0.00869287456262
0.0
0.0
-0.0158577707104
-0.0300723906694
0.0
-0.0315611254784
-0.0484196475068
0.0
0.0
0.0
0.0
0.0
0.0
-0.0195282997441
0.0
0.0
0.0
0.0
-0.257916090094
0.0
0.0
0.0
-0.0385587166608
0.0
0.0
-0.353573832026
0.0
0.0
0.0
-0.0832838712294
0.0
0.0
0.0
0.0
0.0
-0.0859619418524
0.0
0.0
-0.0855044132156
-0.267678225166
-0.600552375022
0.0
-0.0139302321628
-0.771627797867
0.0
-0.394548113352
0.0
0.0
0.0
0.0
0.0
0.0
0.0
0.0
0.0
0.0
-0.0196024330319
-0.0290984199284
0.0
0.0
0.0
-0.202209260114
0.0
-0.062270863044
0.0
-0.392871971922
-0.0429400763478
-0.17444521447
-0.0264520766093
0.0
0.0
0.0
0.0
0.0
0.0
-0.0432823311605
0.0
-0.347875758555
0.0
-0.0124021517306
-0.0852543674907
0.0
-0.0127248408621
0.0
0.0
0.0
0.0
0.0
0.0
-1.29102366173
0.0
0.0
0.0
-0.840736696937
0.0
0.0
0.0
0.0
-0.471662166878
0.0
-0.258269472983
0.0
0.0
0.0
0.0
0.0
0.0
0.0
0.0
0.0
0.0
0.0
0.0
0.0
0.0
0.0
0.0
0.0
-0.0407274622658
-0.319348243182
-0.0203253551267
0.0
0.0
-0.00171678662065
0.0
-0.0195282997441
0.0
0.0
0.0
0.0
-0.471900887933
-0.0231242403683
0.0
-0.320441647588
-0.0621712962112
0.0
0.0
0.0
0.0
0.0
0.0
0.0
0.0
-0.290797431824
-0.0168640206206
0.0
0.0
0.0
-0.448946399323
0.0
-0.563897712339
0.0
-0.652821749024
0.0
0.0
0.0
0.0
0.0
0.0
0.0
0.0
0.0
0.0
-0.21418189969
0.0
0.0
-0.513518357574
0.0
-0.796062200663
-0.956441561232
0.0
-0.0925608830646
0.0
-0.10824719805
0.0
0.0
0.0
-0.00804005387309
0.0
-0.00842723415071
-0.00785395561492
0.0
0.0
0.0
0.0
0.0
0.0
0.0
0.0
-0.031811873107
0.0
0.0
0.0
0.0
0.0
0.0
0.0
0.0
0.0
0.0
0.0
0.0
0.0
0.0
0.0
0.0
0.0
0.0
0.0
0.0
0.0
0.0
0.0
0.0
-0.000559592027937
0.0
0.0
-0.0623463366232
-0.0388001119023
0.0
0.0
0.0
0.0
0.0
0.0
0.0
0.0
0.0
0.0
0.0
0.0
0.0
0.0
0.0
0.0
0.0
0.0
0.0
0.0
0.0
0.0
0.0
0.0
-0.0515275603079
0.0
0.0
0.0
0.0
-0.0644869406793
0.0
0.0
0.0
0.0
0.0
0.0
0.0
0.0
0.0
0.0
0.0
-0.160914144595
0.0
0.0
0.0
-0.25710242499
-0.0873185304299
0.0
0.0
0.0
-0.0106936686419
0.0
0.0
0.0
0.0
0.0
0.0
0.0
0.0
0.0
0.0
-0.00427725271026
0.0
0.0
0.0
0.0
0.0
0.0
0.0
0.0
0.0
-0.245885460956
0.0
0.0
0.0
0.0
0.0
-0.0208920590878
0.0
0.0
-0.219201027521
-0.369142986638
-0.0870379380852
0.0
0.0
-0.181393663904
0.0
0.0
0.0
0.0
-0.180852958351
-0.144161036141
0.0
0.0
0.0
0.0
-0.159946608165
-0.104865389843
-0.0751420214295
-0.0237499932263
0.0
-0.470789401758
0.0
0.0
0.0
0.0
0.0
-0.0525500892019
0.0
-0.674433494074
0.0
-0.328343998906
0.0
0.0
0.0
-0.143523400643
0.0
0.0
0.0
-0.0186585927145
0.0
-0.00291781573746
-0.0407274622658
0.0
0.0
-0.0407274622658
-0.0364005176434
0.0
0.0
0.0
0.0
-0.0149973885737
0.0
0.0
0.0
0.0
0.0
0.0
0.0
-0.00586232529497
-0.0543366739106
-0.0139738531493
-0.084953607468
0.0
0.0
0.0
0.0
0.0
-0.0420737500022
0.0
-0.0954877735056
0.0
0.0
0.0
-0.282075150444
0.0
0.0
-0.573107500116
0.0
-0.0640821182111
0.0
0.0
0.0
0.0
0.0
0.0
0.0
-0.0377130342442
-0.0442879938311
0.0
0.0
-0.0430221055224
0.0
0.0
0.0
0.0
0.0
-0.00964266171185
0.0
0.0
0.0
0.0
0.0
0.0
-0.508142878762
-0.000755005973751
0.0
-1.26611358419
0.0
0.0
0.0
-0.12503219447
-0.105016913973
-0.00150268667851
0.0
-0.086855847721
0.0
0.0
0.0
0.0
0.0
-0.168583131359
0.0
0.0
0.0
0.0
0.0
-0.0466471036324
0.0
0.0
-0.0814549245316
0.0
0.0
0.0
0.0
0.0
0.0
0.0
-0.0203459366032
0.0
-0.0135399413584
-0.0941445293932
-0.0174319719132
0.0
-0.142878026373
-0.00301881174176
0.0
-0.150503329229
-0.00200600769505
-0.013754024572
0.0
0.0
0.0
0.0
0.0
0.0
0.0
0.0
-0.00131927992169
0.0
-0.305144245536
-0.349433135598
-0.0132872696492
-0.0190848806556
-0.0235343164878
-1.15124167746
-0.0950152540813
0.0
0.0
0.0
0.0
0.0
-0.0892649851567
0.0
0.0
0.0
-0.0307546455922
0.0
-0.0291910969489
0.0
0.0
0.0
0.0
0.0
0.0
-0.13723113544
-0.0182135761197
-0.000559592027937
-0.332766873161
0.0
-0.0542690875123
-0.0989063056593
-0.0263983103951
-0.0149776501124
0.0
0.0
0.0
0.0
0.0
0.0
0.0
-0.00572530870276
-0.0203459366032
0.0
-0.136981484908
0.0
0.0
0.0
-0.251313348411
-0.08869172807
-0.0805486429364
0.0
-0.00130138691997
-0.132033154527
0.0
0.0
0.0
0.0
0.0
0.0
-0.0193976202149
0.0
0.0
-1.01008899123
-0.0207083746115
0.0
0.0
0.0
0.0
-0.0190848806556
0.0
-0.000967128412159
0.0
0.0
0.0
0.0
0.0
0.0
0.0
-0.034138560443
0.0
-0.000549714359078
0.0
0.0
-0.0337277471638
0.0
0.0
0.0
0.0
0.0
-0.181830178109
0.0
0.0
0.0
0.0
-0.0654981590251
0.0
0.0
0.0
0.0
-0.032106275823
0.0
0.0
0.0
0.0
0.0
0.0
0.0
0.0
0.0
0.0
0.0
0.0
-0.169043888505
0.0
0.0
0.0
0.0
0.0
0.0
0.0
-0.279365198711
-0.221639116424
0.0
0.0
0.0
0.0
0.0
-0.149829005252
0.0
0.0
0.0
0.0
-0.371529335808
0.0
0.0
-3.43292780825
-0.10392718316
0.0
0.0
0.0
-0.0135672718781
0.0
-0.0525835117927
-0.114061371449
-0.00140097537841
-1.05516757059
-0.0862562711221
-0.0566797730456
-0.19724130803
0.0
0.0
0.0
0.0
0.0
0.0
-0.00808362391407
0.0
0.0
-0.0407274622658
-0.0206356658442
0.0
0.0
0.0
0.0
0.0
0.0
0.0
0.0
-0.801680153477
-0.0195185974399
0.0
0.0
0.0
0.0
0.0
-0.037866258336
0.0
0.0
0.0
-0.146981542869
-0.0475558824076
0.0
0.0
-0.0172564011085
-0.357390703279
0.0
0.0
-0.207401724452
-0.00168577215224
-0.00332093448972
0.0
-0.00100089895579
0.0
-0.0194810018528
-0.132289208596
0.0
0.0
-0.199810834588
0.0
-0.00715232470114
0.0
0.0
0.0
0.0
-0.188849694171
0.0
0.0
0.0
0.0
-0.0359970700585
0.0
0.0
-0.0303612090824
0.0
0.0
0.0
-0.0995638892675
0.0
-0.0650310736754
0.0
-0.0178678559081
-0.0269226244602
0.0
0.0
0.0
-0.0814549245316
0.0
0.0
0.0
0.0
0.0
0.0
0.0
0.0
0.0
0.0
-0.12455048989
0.0
0.0
0.0
0.0
0.0
0.0
0.0
0.0
0.0
0.0
0.0
0.0
0.0
0.0
0.0
0.0
0.0
0.0
-0.0621712962112
0.0
-0.00886423658298
0.0
0.0
0.0
0.0
0.0
0.0
0.0
0.0
0.0
0.0
0.0
0.0
-0.0610471474587
0.0
0.0
0.0
0.0
-0.10411224883
0.0
0.0
0.0
0.0
0.0
0.0
-0.0253609282533
-0.228617832093
0.0
-3.60551478105
0.0
-0.00359411449521
0.0
0.0
0.0
0.0
0.0
0.0
0.0
0.0
0.0
0.0
0.0
0.0
0.0
0.0
0.0
0.0
0.0
0.0
0.0
0.0
0.0
0.0
0.0
0.0
0.0
0.0
0.0
0.0
0.0
0.0
0.0
0.0
0.0
0.0
0.0
0.0
0.0
0.0
0.0
0.0
0.0
0.0
0.0
0.0
0.0
0.0
0.0
0.0
0.0
0.0
0.0
0.0
0.0
0.0
0.0
-0.0232569789773
0.0
-0.468237208477
-0.306595717085
0.0
0.0
0.0
0.0
0.0
-0.0352767331029
0.0
0.0
-0.970128232565
0.0
0.0
0.0
0.0
-0.0049866988887
0.0
0.0
0.0
-0.190439904569
-0.449847639333
-0.0407274622658
0.0
0.0
0.0
0.0
0.0
0.0
-0.0247423406481
0.0
0.0
0.0
0.0
0.0
0.0
0.0
0.0
0.0
-0.275845693278
-0.0642330101698
-0.0764423683395
0.0
0.0
0.0
0.0
0.0
0.0
0.0
-0.625041086796
0.0
0.0
0.0
0.0
-0.0746786658688
0.0
0.0
-3.40507618494
0.0
0.0
0.0
0.0
0.0
0.0
0.0
0.0
0.0
0.0
0.0
0.0
0.0
0.0
0.0
0.0
0.0
-0.456278080036
-0.0464846252382
0.0
-0.0716394963469
0.0
0.0
0.0
-0.297751148567
0.0
-0.466676114788
0.0
0.0
-0.00305677067589
0.0
0.0
0.0
0.0
0.0
0.0
0.0
0.0
-0.00861766781961
0.0
0.0
-0.0253609282533
0.0
0.0
0.0
0.0
0.0
0.0
0.0
0.0
0.0
0.0
0.0
-0.00217503182846
0.0
0.0
0.0
0.0
0.0
0.0
0.0
0.0
0.0
-0.0389014053728
0.0
0.0
0.0
0.0
-0.349433368995
0.0
0.0
0.0
0.0
0.0
0.0
0.0
-0.0167907173404
-0.246836646485
0.0
0.0
0.0
0.0
0.0
-0.0666736019958
0.0
-0.0190848806556
-0.203493331309
0.0
0.0
0.0
0.0
-0.0190392317954
-0.256910790514
0.0
0.0
0.0
-0.00149150560382
0.0
0.0
0.0
0.0
-0.00260014393763
0.0
0.0
0.0
0.0
0.0
0.0
0.0
0.0
-1.00818598778
0.0
0.0
0.0
0.0
0.0
0.0
-0.059078209262
0.0
-0.0588380061905
0.0
0.0
0.0
0.0
0.0
0.0
0.0
0.0
0.0
-0.0407274622658
0.0
0.0
0.0
0.0
-0.092657509342
0.0
0.0
0.0
0.0
-0.0484196475068
0.0
0.0
-0.0965576084448
0.0
-0.0173856218449
0.0
-0.0145443325938
0.0
0.0
0.0
0.0
0.0
0.0
-0.00178781146397
0.0
0.0
0.0
0.0
0.0
0.0
0.0
0.0
0.0
0.0
0.0
-0.00818217278804
0.0
0.0
0.0
0.0
-0.00157334736877
0.0
0.0
-0.439645758467
-0.709052261607
0.0
0.0
0.0
0.0
0.0
0.0
0.0
0.0
0.0
0.0
0.0
0.0
0.0
0.0
-0.0318350664267
0.0
-0.107695905709
-0.026952068418
-0.0180951487865
-0.203896420905
0.0
0.0
0.0
0.0
0.0
0.0
0.0
0.0
0.0
0.0
0.0
0.0
0.0
0.0
0.0
0.0
0.0
-0.835648931246
0.0
0.0
0.0
0.0
0.0
-0.000755005973751
0.0
0.0
0.0
0.0
0.0
0.0
0.0
0.0
0.0
-0.0238471646319
0.0
0.0
0.0
0.0
0.0
0.0
0.0
0.0
0.0
0.0
-0.00166121578214
0.0
0.0
-0.26753998486
0.0
0.0
0.0
-0.0380106522872
0.0
0.0
0.0
0.0
0.0
0.0
0.0
0.0
0.0
-0.00302036818753
-0.244611027524
0.0
-0.277532696532
0.0
0.0
0.0
0.0
0.0
-0.0359018106793
-0.0118020059257
0.0
0.0
-0.0200409022746
0.0
0.0
-0.0221187693218
0.0
0.0
0.0
0.0
0.0
0.0
0.0
0.0
0.0
0.0
0.0
0.0
0.0
0.0
0.0
0.0
0.0
0.0
0.0
0.0
0.0
0.0
0.0
0.0
0.0
0.0
-0.068609280372
0.0
0.0
-0.0639696501338
-0.00221216329014
-0.0873185304299
0.0
0.0
-3.41647633866
0.0
0.0
-0.00167033826303
0.0
0.0
0.0
0.0
0.0
0.0
0.0
-0.654509865163
0.0
0.0
0.0
0.0
0.0
0.0
-0.0605476273437
0.0
0.0
-0.324013186639
0.0
-0.122699341205
0.0
0.0
0.0
0.0
0.0
0.0
-0.00155995590315
-0.00939539800582
0.0
0.0
0.0
-0.164630810569
0.0
-0.161763769719
0.0
0.0
0.0
0.0
0.0
0.0
0.0
0.0
0.0
-0.177578500854
0.0
0.0
0.0
0.0
0.0
0.0
0.0
0.0
0.0
0.0
0.0
0.0
0.0
-0.0135399413584
0.0
0.0
0.0
0.0
0.0
0.0
0.0
0.0
0.0
0.0
-0.0190848806556
0.0
0.0
0.0
-0.538894206345
0.0
-0.126892742834
0.0
-0.170070187294
-0.0206356658442
-0.154752708636
-0.0768188578061
0.0
0.0
0.0
-0.00170124593651
0.0
0.0
-0.0965493898539
-0.00870338979343
-0.00184333944407
0.0
0.0
0.0
0.0
0.0
0.0
0.0
0.0
0.0
0.0
0.0
0.0
-0.06439071711
0.0
0.0
0.0
0.0
0.0
0.0
0.0
0.0
0.0
0.0
0.0
0.0
0.0
0.0
0.0
-0.0408823948749
0.0
0.0
0.0
0.0
0.0
0.0
0.0
0.0
-0.0538369403647
0.0
0.0
0.0
0.0
0.0
0.0
-0.0203459366032
-0.0114661588379
0.0
0.0
0.0
0.0
0.0
-0.430234198626
-0.00667447476648
0.0
0.0
0.0
0.0
0.0
-0.0979043912796
0.0
0.0
0.0
0.0
0.0
0.0
-0.0808785815785
0.0
0.0
0.0
0.0
0.0
0.0
0.0
0.0
0.0
0.0
0.0
-0.0976711982615
0.0
0.0
0.0
0.0
-0.083127400543
0.0
0.0
0.0
-0.2692873485
0.0
-0.0178190211239
-0.0118285231427
0.0
0.0
0.0
0.0
0.0
0.0
-0.0156026207708
0.0
0.0
-0.0254680799751
0.0
-0.00131927992169
0.0
0.0
0.0
0.0
0.0
0.0
0.0
0.0
0.0
0.0
0.0
0.0
-0.470553927662
0.0
0.0
0.0
0.0
-0.0812900430329
0.0
0.0
-0.0327482366761
0.0
-0.0165533590662
0.0
0.0
0.0
0.0
0.0
0.0
-0.116257545785
0.0
0.0
0.0
-0.00487985184017
0.0
0.0
0.0
-0.18800188623
0.0
-0.628981753924
0.0
0.0
-0.045618840657
0.0
0.0
0.0
0.0
0.0
0.0
0.0
0.0
0.0
-0.627926640448
0.0
0.0
-3.40507618494
-0.0814549245316
0.0
0.0
0.0
0.0
0.0
0.0
0.0
-0.547804978583
0.0
0.0
0.0
0.0
0.0
0.0
-0.179056691669
-0.000755005973751
0.0
-0.131818707775
0.0
-0.017677887481
0.0
0.0
-0.0233802088951
0.0
0.0
0.0
-0.048230516537
0.0
0.0
0.0
0.0
0.0
0.0
-0.0181737447955
0.0
0.0
0.0
0.0
0.0
0.0
0.0
0.0
0.0
0.0
0.0
0.0
0.0
0.0
0.0
0.0
0.0
0.0
0.0
-0.251313348411
0.0
0.0
0.0
0.0
0.0
-0.00199121136183
0.0
-0.644331244399
-0.186942962859
0.0
-0.0637259658473
0.0
0.0
0.0
0.0
0.0
-0.288704985088
-0.0814549245316
0.0
-0.026116097713
0.0
0.0
0.0
0.0
0.0
0.0
0.0
-0.037836774178
0.0
-0.0305643877448
0.0
0.0
0.0
0.0
0.0
0.0
0.0
-0.216838692332
0.0
-0.0439373432996
0.0
-0.0568107371829
0.0
-0.316503029105
0.0
0.0
0.0
-0.0380673383745
0.0
0.0
-0.130237669486
0.0
0.0
0.0
-0.102292908444
0.0
0.0
0.0
-0.011290821143
-0.00541203332668
-0.0318408902252
0.0
0.0
0.0
0.0
0.0
0.0
0.0
0.0
0.0
-0.0750409882397
0.0
0.0
0.0
0.0
-0.00522356198646
0.0
0.0
0.0
-0.0281566858399
-0.240939718705
0.0
0.0
0.0
0.0
-0.0771181036141
0.0
-0.000854452962371
-0.000750464988082
0.0
-6.60558594877
0.0
0.0
0.0
0.0
0.0
0.0
0.0
0.0
0.0
0.0
0.0
-0.0291910969489
-0.0679572071286
-0.0236570462855
0.0
-0.0718603737597
-0.3992136171
0.0
0.0
-0.00250550739455
0.0
0.0
0.0
0.0
0.0
0.0
0.0
0.0
0.0
0.0
0.0
0.0
0.0
0.0
0.0
0.0
-0.0846755018787
0.0
-0.046582825188
0.0
0.0
0.0
0.0
0.0
0.0
0.0
0.0
0.0
-1.0382619973
0.0
0.0
0.0
0.0
-0.0190848806556
0.0
0.0
0.0
0.0
-0.0394885891745
0.0
-0.200552484322
-0.0033070129808
0.0
0.0
0.0
0.0
-0.067858255624
0.0
-0.0468794405993
0.0
0.0
-0.294624577451
-0.0407274622658
0.0
0.0
-0.146907827246
0.0
0.0
0.0
0.0
-0.0580709794406
0.0
-0.01272287895
0.0
-0.00125484021509
-0.0340149813864
0.0
0.0
0.0
0.0
0.0
-0.0116707060572
0.0
0.0
0.0
-0.227332490996
0.0
0.0
0.0
0.0
0.0
0.0
-0.111044746321
0.0
0.0
0.0
-0.541945811702
0.0
0.0
0.0
0.0
0.0
0.0
0.0
0.0
0.0
-0.0586429398002
0.0
0.0
-0.396003926398
0.0
-0.0501415762335
0.0
0.0
-0.154409334505
0.0
0.0
0.0
0.0
0.0
0.0
-0.0643404831222
-0.0296637234206
0.0
0.0
-0.483912242111
0.0
0.0
0.0
0.0
0.0
0.0
0.0
0.0
0.0
0.0
0.0
-0.0422388593332
0.0
0.0
0.0
-0.0482386793625
0.0
0.0
0.0
0.0
-0.0145443325938
0.0
0.0
-0.135185379794
0.0
0.0
0.0
-0.0756738837762
-0.0472591842641
0.0
-0.264685000541
-0.019092747154
0.0
0.0
0.0
0.0
0.0
0.0
-0.0256197013222
0.0
0.0
0.0
0.0
-0.227654697182
-0.0489348417972
0.0
0.0
-0.0143714469914
0.0
0.0
-0.117983223334
0.0
0.0
0.0
0.0
0.0
0.0
0.0
0.0
0.0
-0.0658463307091
0.0
-0.0541644759013
-0.138654320697
0.0
0.0
0.0
0.0
0.0
0.0
0.0
0.0
0.0
0.0
0.0
0.0
0.0
0.0
0.0
0.0
0.0
0.0
0.0
0.0
0.0
0.0
0.0
0.0
0.0
0.0
0.0
0.0
0.0
0.0
0.0
0.0
0.0
0.0
0.0
0.0
0.0
0.0
0.0
0.0
0.0
0.0
0.0
0.0
0.0
0.0
0.0
0.0
0.0
0.0
0.0
0.0
0.0
0.0
0.0
0.0
0.0
0.0
0.0
0.0
0.0
0.0
0.0
0.0
0.0
0.0
0.0
0.0
0.0
0.0
0.0
0.0
0.0
0.0
0.0
0.0
0.0
0.0
0.0
0.0
0.0
0.0
0.0
0.0
0.0
0.0
0.0
0.0
0.0
0.0
0.0
0.0
0.0
0.0
0.0
0.0
0.0
0.0
0.0
0.0
0.0
0.0
0.0
0.0
0.0
0.0
0.0
0.0
0.0
0.0
0.0
0.0
0.0
0.0
0.0
0.0
0.0
0.0
0.0
0.0
0.0
0.0
0.0
0.0
0.0
0.0
0.0
0.0
0.0
0.0
0.0
0.0
0.0
0.0
0.0
0.0
0.0
0.0
0.0
0.0
0.0
0.0
0.0
0.0
0.0
0.0
0.0
0.0
0.0
0.0
0.0
0.0
0.0
0.0
0.0
0.0
0.0
0.0
0.0
0.0
0.0
0.0
0.0
0.0
0.0
0.0
0.0
0.0
0.0
0.0
0.0
0.0
0.0
0.0
0.0
0.0
0.0
0.0
0.0
0.0
0.0
0.0
0.0
0.0
0.0
0.0
0.0
0.0
0.0
0.0
0.0
0.0
0.0
0.0
0.0
0.0
0.0
0.0
0.0
0.0
0.0
0.0
0.0
0.0
0.0
0.0
0.0
0.0
0.0
0.0
0.0
0.0
0.0
0.0
0.0
0.0
0.0
0.0
0.0
0.0
0.0
0.0
0.0
0.0
0.0
0.0
0.0
0.0
0.0
0.0
0.0
0.0
0.0
0.0
0.0
0.0
0.0
0.0
0.0
0.0
0.0
0.0
0.0
0.0
0.0
0.0
0.0
0.0
0.0
0.0
0.0
0.0
0.0
0.0
0.0
0.0
0.0
0.0
0.0
0.0
0.0
0.0
0.0
0.0
0.0
0.0
0.0
0.0
0.0
0.0
0.0
0.0
0.0
0.0
0.0
0.0
0.0
0.0
0.0
0.0
0.0
0.0
0.0
0.0
0.0
0.0
0.0
0.0
0.0
0.0
0.0
0.0
0.0
0.0
0.0
0.0
0.0
0.0
0.0
0.0
0.0
0.0
0.0
0.0
0.0
0.0
0.0
0.0
0.0
0.0
0.0
0.0
0.0
0.0
0.0
0.0
0.0
0.0
0.0
0.0
0.0
0.0
0.0
0.0
0.0
0.0
0.0
0.0
0.0
0.0
0.0
0.0
0.0
0.0
0.0
0.0
0.0
0.0
0.0
0.0
0.0
0.0
0.0
0.0
0.0
0.0
0.0
0.0
0.0
0.0
0.0
0.0
0.0
0.0
0.0
0.0
0.0
0.0
0.0
0.0
0.0
0.0
0.0
0.0
0.0
0.0
0.0
0.0
0.0
0.0
0.0
0.0
0.0
0.0
0.0
0.0
0.0
0.0
0.0
0.0
0.0
0.0
0.0
0.0
0.0
0.0
0.0
0.0
0.0
0.0
0.0
0.0
0.0
0.0
0.0
0.0
0.0
0.0
0.0
0.0
0.0
0.0
0.0
0.0
0.0
0.0
0.0
0.0
0.0
0.0
0.0
0.0
0.0
0.0
0.0
0.0
0.0
0.0
0.0
0.0
0.0
0.0
0.0
0.0
0.0
0.0
0.0
0.0
0.0
0.0
0.0
0.0
0.0
0.0
0.0
0.0
0.0
0.0
0.0
0.0
0.0
0.0
0.0
0.0
0.0
0.0
0.0
0.0
0.0
0.0
0.0
0.0
0.0
0.0
0.0
0.0
0.0
0.0
0.0
0.0
0.0
0.0
0.0
0.0
0.0
0.0
0.0
0.0
0.0
0.0
0.0
0.0
0.0
0.0
0.0
0.0
0.0
0.0
0.0
0.0
0.0
0.0
0.0
0.0
0.0
0.0
0.0
0.0
0.0
0.0
0.0
0.0
0.0
0.0
0.0
0.0
0.0
0.0
0.0
0.0
0.0
0.0
0.0
0.0
0.0
0.0
0.0
0.0
0.0
0.0
0.0
0.0
0.0
0.0
0.0
0.0
0.0
0.0
0.0
0.0
0.0
0.0
0.0
0.0
0.0
0.0
0.0
0.0
0.0
0.0
0.0
0.0
0.0
0.0
0.0
0.0
0.0
0.0
0.0
0.0
0.0
0.0
0.0
0.0
0.0
0.0
0.0
0.0
0.0
0.0
0.0
0.0
0.0
0.0
0.0
0.0
0.0
0.0
0.0
0.0
0.0
0.0
0.0
0.0
0.0
0.0
0.0
0.0
0.0
0.0
0.0
0.0
0.0
0.0
0.0
0.0
0.0
0.0
0.0
0.0
0.0
0.0
0.0
0.0
0.0
0.0
0.0
0.0
0.0
0.0
0.0
0.0
0.0
0.0
0.0
0.0
0.0
0.0
0.0
0.0
0.0
0.0
0.0
0.0
0.0
0.0
0.0
0.0
0.0
0.0
0.0
0.0
0.0
0.0
0.0
0.0
0.0
0.0
0.0
0.0
0.0
0.0
0.0
0.0
0.0
0.0
0.0
0.0
0.0
0.0
0.0
0.0
0.0
0.0
0.0
0.0
0.0
0.0
0.0
0.0
0.0
0.0
0.0
0.0
0.0
0.0
0.0
0.0
0.0
0.0
0.0
0.0
0.0
0.0
0.0
0.0
0.0
0.0
0.0
0.0
0.0
0.0
0.0
0.0
0.0
0.0
0.0
0.0
0.0
0.0
0.0
0.0
0.0
0.0
0.0
0.0
0.0
0.0
0.0
0.0
0.0
0.0
0.0
0.0
0.0
0.0
0.0
0.0
0.0
0.0
0.0
0.0
0.0
0.0
0.0
0.0
0.0
0.0
0.0
0.0
0.0
0.0
0.0
0.0
0.0
0.0
0.0
0.0
0.0
0.0
0.0
0.0
0.0
0.0
0.0
0.0
0.0
0.0
0.0
0.0
0.0
0.0
0.0
0.0
0.0
0.0
0.0
0.0
0.0
0.0
0.0
0.0
0.0
0.0
0.0
0.0
0.0
0.0
0.0
0.0
0.0
0.0
0.0
0.0
0.0
0.0
0.0
0.0
0.0
0.0
0.0
0.0
0.0
0.0
0.0
0.0
0.0
0.0
0.0
0.0
0.0
0.0
0.0
0.0
0.0
0.0
0.0
0.0
0.0
0.0
0.0
0.0
0.0
0.0
0.0
0.0
0.0
0.0
0.0
0.0
0.0
0.0
0.0
0.0
0.0
0.0
0.0
0.0
0.0
0.0
0.0
0.0
0.0
0.0
0.0
0.0
0.0
0.0
0.0
0.0
0.0
0.0
0.0
0.0
0.0
0.0
0.0
0.0
0.0
0.0
0.0
0.0
0.0
0.0
0.0
0.0
0.0
0.0
0.0
0.0
0.0
0.0
0.0
0.0
0.0
0.0
0.0
0.0
0.0
0.0
0.0
0.0
0.0
0.0
0.0
0.0
0.0
0.0
0.0
0.0
0.0
0.0
0.0
0.0
0.0
0.0
0.0
0.0
0.0
0.0
0.0
0.0
0.0
0.0
0.0
0.0
0.0
0.0
0.0
0.0
0.0
0.0
0.0
0.0
0.0
0.0
0.0
0.0
0.0
0.0
0.0
0.0
0.0
0.0
0.0
0.0
0.0
0.0
0.0
0.0
0.0
0.0
0.0
0.0
0.0
0.0
0.0
0.0
0.0
0.0
0.0
0.0
0.0
0.0
0.0
0.0
0.0
0.0
0.0
0.0
0.0
0.0
0.0
0.0
0.0
0.0
0.0
0.0
0.0
0.0
0.0
0.0
0.0
0.0
0.0
0.0
0.0
0.0
0.0
0.0
0.0
0.0
0.0
0.0
0.0
0.0
0.0
0.0
0.0
0.0
0.0
0.0
0.0
0.0
0.0
0.0
0.0
0.0
0.0
0.0
0.0
0.0
0.0
0.0
0.0
0.0
0.0
0.0
0.0
0.0
0.0
0.0
0.0
0.0
0.0
0.0
0.0
0.0
0.0
0.0
0.0
0.0
0.0
0.0
0.0
0.0
0.0
0.0
0.0
0.0
0.0
0.0
0.0
0.0
0.0
0.0
0.0
0.0
0.0
0.0
0.0
0.0
0.0
0.0
0.0
0.0
0.0
0.0
0.0
0.0
0.0
0.0
0.0
0.0
0.0
0.0
0.0
0.0
0.0
0.0
0.0
0.0
0.0
0.0
0.0
0.0
0.0
0.0
0.0
0.0
0.0
0.0
0.0
0.0
0.0
0.0
0.0
0.0
0.0
0.0
0.0
0.0
0.0
0.0
0.0
0.0
0.0
0.0
0.0
0.0
0.0
0.0
0.0
0.0
0.0
0.0
0.0
0.0
0.0
0.0
0.0
0.0
0.0
0.0
0.0
0.0
0.0
0.0
0.0
0.0
0.0
0.0
0.0
0.0
0.0
0.0
0.0
0.0
0.0
0.0
0.0
0.0
0.0
0.0
0.0
0.0
0.0
0.0
0.0
0.0
0.0
0.0
0.0
0.0
0.0
0.0
0.0
0.0
0.0
0.0
0.0
0.0
0.0
0.0
0.0
0.0
0.0
0.0
0.0
0.0
0.0
0.0
0.0
0.0
0.0
0.0
0.0
0.0
0.0
0.0
0.0
0.0
0.0
0.0
0.0
0.0
0.0
0.0
0.0
0.0
0.0
0.0
0.0
0.0
0.0
0.0
0.0
0.0
0.0
0.0
0.0
0.0
0.0
0.0
0.0
0.0
0.0
0.0
0.0
0.0
0.0
0.0
0.0
0.0
0.0
0.0
0.0
0.0
0.0
0.0
0.0
0.0
0.0
0.0
0.0
0.0
0.0
0.0
0.0
0.0
0.0
0.0
0.0
0.0
0.0
0.0
0.0
0.0
0.0
0.0
0.0
0.0
0.0
0.0
0.0
0.0
0.0
0.0
0.0
0.0
0.0
0.0
0.0
0.0
0.0
0.0
0.0
0.0
0.0
0.0
0.0
0.0
0.0
0.0
0.0
0.0
0.0
0.0
0.0
0.0
0.0
0.0
0.0
0.0
0.0
0.0
0.0
0.0
0.0
0.0
0.0
0.0
0.0
0.0
0.0
0.0
0.0
0.0
0.0
0.0
0.0
0.0
0.0
0.0
0.0
0.0
0.0
0.0
0.0
0.0
0.0
0.0
0.0
0.0
0.0
0.0
0.0
0.0
0.0
0.0
0.0
0.0
0.0
0.0
0.0
0.0
0.0
0.0
0.0
0.0
0.0
0.0
0.0
0.0
0.0
0.0
0.0
0.0
0.0
0.0
0.0
0.0
0.0
0.0
0.0
0.0
0.0
0.0
0.0
0.0
0.0
0.0
0.0
0.0
0.0
0.0
0.0
0.0
0.0
0.0
0.0
0.0
0.0
0.0
0.0
0.0
0.0
0.0
0.0
0.0
0.0
0.0
0.0
0.0
0.0
0.0
0.0
0.0
0.0
0.0
0.0
0.0
0.0
0.0
0.0
0.0
0.0
0.0
0.0
0.0
0.0
0.0
0.0
0.0
0.0
0.0
0.0
0.0
0.0
0.0
0.0
0.0
0.0
0.0
0.0
0.0
0.0
0.0
0.0
0.0
0.0
0.0
0.0
0.0
0.0
0.0
0.0
0.0
0.0
0.0
0.0
0.0
0.0
0.0
0.0
0.0
0.0
0.0
0.0
0.0
0.0
0.0
0.0
0.0
0.0
0.0
0.0
0.0
0.0
0.0
0.0
0.0
0.0
0.0
0.0
0.0
0.0
0.0
0.0
0.0
0.0
0.0
0.0
0.0
0.0
0.0
0.0
0.0
0.0
0.0
0.0
0.0
0.0
0.0
0.0
0.0
0.0
0.0
0.0
0.0
0.0
0.0
0.0
0.0
0.0
0.0
0.0
0.0
0.0
0.0
0.0
0.0
0.0
0.0
0.0
0.0
0.0
0.0
0.0
0.0
0.0
0.0
0.0
0.0
0.0
0.0
0.0
0.0
0.0
0.0
0.0
0.0
0.0
0.0
0.0
0.0
0.0
0.0
0.0
0.0
0.0
0.0
0.0
0.0
0.0
0.0
0.0
0.0
0.0
0.0
0.0
0.0
0.0
0.0
0.0
0.0
0.0
0.0
0.0
0.0
0.0
0.0
0.0
0.0
0.0
0.0
0.0
0.0
0.0
0.0
0.0
0.0
0.0
0.0
0.0
0.0
0.0
0.0
0.0
0.0
0.0
0.0
0.0
0.0
0.0
0.0
0.0
0.0
0.0
0.0
0.0
0.0
0.0
0.0
0.0
0.0
0.0
0.0
0.0
0.0
0.0
0.0
0.0
0.0
0.0
0.0
0.0
0.0
0.0
0.0
0.0
0.0
0.0
0.0
0.0
0.0
0.0
0.0
0.0
0.0
0.0
0.0
0.0
0.0
0.0
0.0
0.0
0.0
0.0
0.0
0.0
0.0
0.0
0.0
0.0
0.0
0.0
0.0
0.0
0.0
0.0
0.0
0.0
0.0
0.0
0.0
0.0
0.0
0.0
0.0
0.0
0.0
0.0
0.0
0.0
0.0
0.0
0.0
0.0
0.0
0.0
0.0
0.0
0.0
0.0
0.0
0.0
0.0
0.0
0.0
0.0
0.0
0.0
0.0
0.0
0.0
0.0
0.0
0.0
0.0
0.0
0.0
0.0
0.0
0.0
0.0
0.0
0.0
0.0
0.0
0.0
0.0
0.0
0.0
0.0
0.0
0.0
0.0
0.0
0.0
0.0
0.0
0.0
0.0
0.0
0.0
0.0
0.0
0.0
0.0
0.0
0.0
0.0
0.0
0.0
0.0
0.0
0.0
0.0
0.0
0.0
0.0
0.0
0.0
0.0
0.0
0.0
0.0
0.0
0.0
0.0
0.0
0.0
0.0
0.0
0.0
0.0
0.0
0.0
0.0
0.0
0.0
0.0
0.0
0.0
0.0
0.0
0.0
0.0
0.0
0.0
0.0
0.0
0.0
0.0
0.0
0.0
0.0
0.0
0.0
0.0
0.0
0.0
0.0
0.0
0.0
0.0
0.0
0.0
0.0
0.0
0.0
0.0
0.0
0.0
0.0
0.0
0.0
0.0
0.0
0.0
0.0
0.0
0.0
0.0
0.0
0.0
0.0
0.0
0.0
0.0
0.0
0.0
0.0
0.0
0.0
0.0
0.0
0.0
0.0
0.0
0.0
0.0
0.0
0.0
0.0
0.0
0.0
0.0
0.0
0.0
0.0
0.0
0.0
0.0
0.0
0.0
0.0
0.0
0.0
0.0
0.0
0.0
0.0
0.0
0.0
0.0
0.0
0.0
0.0
0.0
0.0
0.0
0.0
0.0
0.0
0.0
0.0
0.0
0.0
0.0
0.0
0.0
0.0
0.0
0.0
0.0
0.0
0.0
0.0
0.0
0.0
0.0
0.0
0.0
0.0
0.0
0.0
0.0
0.0
0.0
0.0
0.0
0.0
0.0
0.0
0.0
0.0
0.0
0.0
0.0
0.0
0.0
0.0
0.0
0.0
0.0
0.0
0.0
0.0
0.0
0.0
0.0
0.0
0.0
0.0
0.0
0.0
0.0
0.0
0.0
0.0
0.0
0.0
0.0
0.0
0.0
0.0
0.0
0.0
0.0
0.0
0.0
0.0
0.0
0.0
0.0
0.0
0.0
0.0
0.0
0.0
0.0
0.0
0.0
0.0
0.0
0.0
0.0
0.0
0.0
0.0
0.0
0.0
0.0
0.0
0.0
0.0
0.0
0.0
0.0
0.0
0.0
0.0
0.0
0.0
0.0
0.0
0.0
0.0
0.0
0.0
0.0
0.0
0.0
0.0
0.0
0.0
0.0
0.0
0.0
0.0
0.0
0.0
0.0
0.0
0.0
0.0
0.0
0.0
0.0
0.0
0.0
0.0
0.0
0.0
0.0
0.0
0.0
0.0
0.0
0.0
0.0
0.0
0.0
0.0
0.0
0.0
0.0
0.0
0.0
0.0
0.0
0.0
0.0
0.0
0.0
0.0
0.0
0.0
0.0
0.0
0.0
0.0
0.0
0.0
0.0
0.0
0.0
0.0
0.0
0.0
0.0
0.0
0.0
0.0
0.0
0.0
0.0
0.0
0.0
0.0
0.0
0.0
0.0
0.0
0.0
0.0
0.0
0.0
0.0
0.0
0.0
0.0
0.0
0.0
0.0
0.0
0.0
0.0
0.0
0.0
0.0
0.0
0.0
0.0
0.0
0.0
0.0
0.0
0.0
0.0
0.0
0.0
0.0
0.0
0.0
0.0
0.0
0.0
0.0
0.0
0.0
0.0
0.0
0.0
0.0
0.0
0.0
0.0
0.0
0.0
0.0
0.0
0.0
0.0
0.0
0.0
0.0
0.0
0.0
0.0
0.0
0.0
0.0
0.0
0.0
0.0
0.0
0.0
0.0
0.0
0.0
0.0
0.0
0.0
0.0
0.0
0.0
0.0
0.0
0.0
0.0
0.0
0.0
0.0
0.0
0.0
0.0
0.0
0.0
0.0
0.0
0.0
0.0
0.0
0.0
0.0
0.0
0.0
0.0
0.0
0.0
0.0
0.0
0.0
0.0
0.0
0.0
0.0
0.0
0.0
0.0
0.0
0.0
0.0
0.0
0.0
0.0
0.0
0.0
0.0
0.0
0.0
0.0
0.0
0.0
0.0
0.0
0.0
0.0
0.0
0.0
0.0
0.0
0.0
0.0
0.0
0.0
0.0
0.0
0.0
0.0
0.0
0.0
0.0
0.0
0.0
0.0
0.0
0.0
0.0
0.0
0.0
0.0
0.0
0.0
0.0
0.0
0.0
0.0
0.0
0.0
0.0
0.0
0.0
0.0
0.0
0.0
0.0
0.0
0.0
0.0
0.0
0.0
0.0
0.0
0.0
0.0
0.0
0.0
0.0
0.0
0.0
0.0
0.0
0.0
0.0
0.0
0.0
0.0
0.0
0.0
0.0
0.0
0.0
0.0
0.0
0.0
0.0
0.0
0.0
0.0
0.0
0.0
0.0
0.0
0.0
0.0
0.0
0.0
0.0
0.0
0.0
0.0
0.0
0.0
0.0
0.0
0.0
0.0
0.0
0.0
0.0
0.0
0.0
0.0
0.0
0.0
0.0
0.0
0.0
0.0
0.0
0.0
0.0
0.0
0.0
0.0
0.0
0.0
0.0
0.0
0.0
0.0
0.0
0.0
0.0
0.0
0.0
0.0
0.0
0.0
0.0
0.0
0.0
0.0
0.0
0.0
0.0
0.0
0.0
0.0
0.0
0.0
0.0
0.0
0.0
0.0
0.0
0.0
0.0
0.0
0.0
0.0
0.0
0.0
0.0
0.0
0.0
0.0
0.0
0.0
0.0
0.0
0.0
0.0
0.0
0.0
0.0
0.0
0.0
0.0
0.0
0.0
0.0
0.0
0.0
0.0
0.0
0.0
0.0
0.0
0.0
0.0
0.0
0.0
0.0
0.0
0.0
0.0
0.0
0.0
0.0
0.0
0.0
0.0
0.0
0.0
0.0
0.0
0.0
0.0
0.0
0.0
0.0
0.0
0.0
0.0
0.0
0.0
0.0
0.0
0.0
0.0
0.0
0.0
0.0
0.0
0.0
0.0
0.0
0.0
0.0
0.0
0.0
0.0
0.0
0.0
0.0
0.0
0.0
0.0
0.0
0.0
0.0
0.0
0.0
0.0
0.0
0.0
0.0
0.0
0.0
0.0
0.0
0.0
0.0
0.0
0.0
0.0
0.0
0.0
0.0
0.0
0.0
0.0
0.0
0.0
0.0
0.0
0.0
0.0
0.0
0.0
0.0
0.0
0.0
0.0
0.0
0.0
0.0
0.0
0.0
0.0
0.0
0.0
0.0
0.0
0.0
0.0
0.0
0.0
0.0
0.0
0.0
0.0
0.0
0.0
0.0
0.0
0.0
0.0
0.0
0.0
0.0
0.0
0.0
0.0
0.0
0.0
0.0
0.0
0.0
0.0
0.0
0.0
0.0
0.0
0.0
0.0
0.0
0.0
0.0
0.0
0.0
0.0
0.0
0.0
0.0
0.0
0.0
0.0
0.0
0.0
0.0
0.0
0.0
0.0
0.0
0.0
0.0
0.0
0.0
0.0
0.0
0.0
0.0
0.0
0.0
0.0
0.0
0.0
0.0
0.0
0.0
0.0
0.0
0.0
0.0
0.0
0.0
0.0
0.0
0.0
0.0
0.0
0.0
0.0
0.0
0.0
0.0
0.0
0.0
0.0
0.0
0.0
0.0
0.0
0.0
0.0
0.0
0.0
0.0
0.0
0.0
0.0
0.0
0.0
0.0
0.0
0.0
0.0
0.0
0.0
0.0
0.0
0.0
0.0
0.0
0.0
0.0
0.0
0.0
0.0
0.0
0.0
0.0
0.0
0.0
0.0
0.0
0.0
0.0
0.0
0.0
0.0
0.0
0.0
0.0
0.0
0.0
0.0
0.0
0.0
0.0
0.0
0.0
0.0
0.0
0.0
0.0
0.0
0.0
0.0
0.0
0.0
0.0
0.0
0.0
0.0
0.0
0.0
0.0
0.0
0.0
0.0
0.0
0.0
0.0
0.0
0.0
0.0
0.0
0.0
0.0
0.0
0.0
0.0
0.0
0.0
0.0
0.0
0.0
0.0
0.0
0.0
0.0
0.0
0.0
0.0
0.0
0.0
0.0
0.0
0.0
0.0
0.0
0.0
0.0
0.0
0.0
0.0
0.0
0.0
0.0
0.0
0.0
0.0
0.0
0.0
0.0
0.0
0.0
0.0
0.0
0.0
0.0
0.0
0.0
0.0
0.0
0.0
0.0
0.0
0.0
0.0
0.0
0.0
0.0
0.0
0.0
0.0
0.0
0.0
0.0
0.0
0.0
0.0
0.0
0.0
0.0
0.0
0.0
0.0
0.0
0.0
0.0
0.0
0.0
0.0
0.0
0.0
0.0
0.0
0.0
0.0
0.0
0.0
0.0
0.0
0.0
0.0
0.0
0.0
0.0
0.0
0.0
0.0
0.0
0.0
0.0
0.0
0.0
0.0
0.0
0.0
0.0
0.0
0.0
0.0
0.0
0.0
0.0
0.0
0.0
0.0
0.0
0.0
0.0
0.0
0.0
0.0
0.0
0.0
0.0
0.0
0.0
0.0
0.0
0.0
0.0
0.0
0.0
0.0
0.0
0.0
0.0
0.0
0.0
0.0
0.0
0.0
0.0
0.0
0.0
0.0
0.0
0.0
0.0
0.0
0.0
0.0
0.0
0.0
0.0
0.0
0.0
0.0
0.0
0.0
0.0
0.0
0.0
0.0
0.0
0.0
0.0
0.0
0.0
0.0
0.0
0.0
0.0
0.0
0.0
0.0
0.0
0.0
0.0
0.0
0.0
0.0
0.0
0.0
0.0
0.0
0.0
0.0
0.0
0.0
0.0
0.0
0.0
0.0
0.0
0.0
0.0
0.0
0.0
0.0
0.0
0.0
0.0
0.0
0.0
0.0
0.0
0.0
0.0
0.0
0.0
0.0
0.0
0.0
0.0
0.0
0.0
0.0
0.0
0.0
0.0
0.0
0.0
0.0
0.0
0.0
0.0
0.0
0.0
0.0
0.0
0.0
0.0
0.0
0.0
0.0
0.0
0.0
0.0
0.0
0.0
0.0
0.0
0.0
0.0
0.0
0.0
0.0
0.0
0.0
0.0
0.0
0.0
0.0
0.0
0.0
0.0
0.0
0.0
0.0
0.0
0.0
0.0
0.0
0.0
0.0
0.0
0.0
0.0
0.0
0.0
0.0
0.0
0.0
0.0
0.0
0.0
0.0
0.0
0.0
0.0
0.0
0.0
0.0
0.0
0.0
0.0
0.0
0.0
0.0
0.0
0.0
0.0
0.0
0.0
0.0
0.0
0.0
0.0
0.0
0.0
0.0
0.0
0.0
0.0
0.0
0.0
0.0
0.0
0.0
0.0
0.0
0.0
0.0
0.0
0.0
0.0
0.0
0.0
0.0
0.0
0.0
0.0
0.0
0.0
0.0
0.0
0.0
0.0
0.0
0.0
0.0
0.0
0.0
0.0
0.0
0.0
0.0
0.0
0.0
0.0
0.0
0.0
0.0
0.0
0.0
0.0
0.0
0.0
0.0
0.0
0.0
0.0
0.0
0.0
0.0
0.0
0.0
0.0
0.0
0.0
0.0
0.0
0.0
0.0
0.0
0.0
0.0
0.0
0.0
0.0
0.0
0.0
0.0
0.0
0.0
0.0
0.0
0.0
0.0
0.0
0.0
0.0
0.0
0.0
0.0
0.0
0.0
0.0
0.0
0.0
0.0
0.0
0.0
0.0
0.0
0.0
0.0
0.0
0.0
0.0
0.0
0.0
0.0
0.0
0.0
0.0
0.0
0.0
0.0
0.0
0.0
0.0
0.0
0.0
0.0
0.0
0.0
0.0
0.0
0.0
0.0
0.0
0.0
0.0
0.0
0.0
0.0
0.0
0.0
0.0
0.0
0.0
0.0
0.0
0.0
0.0
0.0
0.0
0.0
0.0
0.0
0.0
0.0
0.0
0.0
0.0
0.0
0.0
0.0
0.0
0.0
0.0
0.0
0.0
0.0
0.0
0.0
0.0
0.0
0.0
0.0
0.0
0.0
0.0
0.0
0.0
0.0
0.0
0.0
0.0
0.0
0.0
0.0
0.0
0.0
0.0
0.0
0.0
0.0
0.0
0.0
0.0
0.0
0.0
0.0
0.0
0.0
0.0
0.0
0.0
0.0
0.0
0.0
0.0
0.0
0.0
0.0
0.0
0.0
0.0
0.0
0.0
0.0
0.0
0.0
0.0
0.0
0.0
0.0
0.0
0.0
0.0
0.0
0.0
0.0
0.0
0.0
0.0
0.0
0.0
0.0
0.0
0.0
0.0
0.0
0.0
0.0
0.0
0.0
0.0
0.0
0.0
0.0
0.0
0.0
0.0
0.0
0.0
0.0
0.0
0.0
0.0
0.0
0.0
0.0
0.0
0.0
0.0
0.0
0.0
0.0
0.0
0.0
0.0
0.0
0.0
0.0
0.0
0.0
0.0
0.0
0.0
0.0
0.0
0.0
0.0
0.0
0.0
0.0
0.0
0.0
0.0
0.0
0.0
0.0
0.0
0.0
0.0
0.0
0.0
0.0
0.0
0.0
0.0
0.0
0.0
0.0
0.0
0.0
0.0
0.0
0.0
0.0
0.0
0.0
0.0
0.0
0.0
0.0
0.0
0.0
0.0
0.0
0.0
0.0
0.0
0.0
0.0
0.0
0.0
0.0
0.0
0.0
0.0
0.0
0.0
0.0
0.0
0.0
0.0
0.0
0.0
0.0
0.0
0.0
0.0
0.0
0.0
0.0
0.0
0.0
0.0
0.0
0.0
0.0
0.0
0.0
0.0
0.0
0.0
0.0
0.0
0.0
0.0
0.0
0.0
0.0
0.0
0.0
0.0
0.0
0.0
0.0
0.0
0.0
0.0
0.0
0.0
0.0
0.0
0.0
0.0
0.0
0.0
0.0
0.0
0.0
0.0
0.0
0.0
0.0
0.0
0.0
0.0
0.0
0.0
0.0
0.0
0.0
0.0
0.0
0.0
0.0
0.0
0.0
0.0
0.0
0.0
0.0
0.0
0.0
0.0
0.0
0.0
0.0
0.0
0.0
0.0
0.0
0.0
0.0
0.0
0.0
0.0
0.0
0.0
0.0
0.0
0.0
0.0
0.0
0.0
0.0
0.0
0.0
0.0
0.0
0.0
0.0
0.0
0.0
0.0
0.0
0.0
0.0
0.0
0.0
0.0
0.0
0.0
0.0
0.0
0.0
0.0
0.0
0.0
0.0
0.0
0.0
0.0
0.0
0.0
0.0
0.0
0.0
0.0
0.0
0.0
0.0
0.0
0.0
0.0
0.0
0.0
0.0
0.0
0.0
0.0
0.0
0.0
0.0
0.0
0.0
0.0
0.0
0.0
0.0
0.0
0.0
0.0
0.0
0.0
0.0
0.0
0.0
0.0
0.0
0.0
0.0
0.0
0.0
0.0
0.0
0.0
0.0
0.0
0.0
0.0
0.0
0.0
0.0
0.0
0.0
0.0
0.0
0.0
0.0
0.0
0.0
0.0
0.0
0.0
0.0
0.0
0.0
0.0
0.0
0.0
0.0
0.0
0.0
0.0
0.0
0.0
0.0
0.0
0.0
0.0
0.0
0.0
0.0
0.0
0.0
0.0
0.0
0.0
0.0
0.0
0.0
0.0
0.0
0.0
0.0
0.0
0.0
0.0
0.0
0.0
0.0
0.0
0.0
0.0
0.0
0.0
0.0
0.0
0.0
0.0
0.0
0.0
0.0
0.0
0.0
0.0
0.0
0.0
0.0
0.0
0.0
0.0
0.0
0.0
0.0
0.0
0.0
0.0
0.0
0.0
0.0
0.0
0.0
0.0
0.0
0.0
0.0
0.0
0.0
0.0
0.0
0.0
0.0
0.0
0.0
0.0
0.0
0.0
0.0
0.0
0.0
0.0
0.0
0.0
0.0
0.0
0.0
0.0
0.0
0.0
0.0
0.0
0.0
0.0
0.0
0.0
0.0
0.0
0.0
0.0
0.0
0.0
0.0
0.0
0.0
0.0
0.0
0.0
0.0
0.0
0.0
0.0
0.0
0.0
0.0
0.0
0.0
0.0
0.0
0.0
0.0
0.0
0.0
0.0
0.0
0.0
0.0
0.0
0.0
0.0
0.0
0.0
0.0
0.0
0.0
0.0
0.0
0.0
0.0
0.0
0.0
0.0
0.0
0.0
0.0
0.0
0.0
0.0
0.0
0.0
0.0
0.0
0.0
0.0
0.0
0.0
0.0
0.0
0.0
0.0
0.0
0.0
0.0
0.0
0.0
0.0
0.0
0.0
0.0
0.0
0.0
0.0
0.0
0.0
0.0
0.0
0.0
0.0
0.0
0.0
0.0
0.0
0.0
0.0
0.0
0.0
0.0
0.0
0.0
0.0
0.0
0.0
0.0
0.0
0.0
0.0
0.0
0.0
0.0
0.0
0.0
0.0
0.0
0.0
0.0
0.0
0.0
0.0
0.0
0.0
0.0
0.0
0.0
0.0
0.0
0.0
0.0
0.0
0.0
0.0
0.0
0.0
0.0
0.0
0.0
0.0
0.0
0.0
0.0
0.0
0.0
0.0
0.0
0.0
0.0
0.0
0.0
0.0
0.0
0.0
0.0
0.0
0.0
0.0
0.0
0.0
0.0
0.0
0.0
0.0
0.0
0.0
0.0
0.0
0.0
0.0
0.0
0.0
0.0
0.0
0.0
0.0
0.0
0.0
0.0
0.0
0.0
0.0
0.0
0.0
0.0
0.0
0.0
0.0
0.0
0.0
0.0
0.0
0.0
0.0
0.0
0.0
0.0
0.0
0.0
0.0
0.0
0.0
0.0
0.0
0.0
0.0
0.0
0.0
0.0
0.0
0.0
0.0
0.0
0.0
0.0
0.0
0.0
0.0
0.0
0.0
0.0
0.0
0.0
0.0
0.0
0.0
0.0
0.0
0.0
0.0
0.0
0.0
0.0
0.0
0.0
0.0
0.0
0.0
0.0
0.0
0.0
0.0
0.0
0.0
0.0
0.0
0.0
0.0
0.0
0.0
0.0
0.0
0.0
0.0
0.0
0.0
0.0
0.0
0.0
0.0
0.0
0.0
0.0
0.0
0.0
0.0
0.0
0.0
0.0
0.0
0.0
0.0
0.0
0.0
0.0
0.0
0.0
0.0
0.0
0.0
0.0
0.0
0.0
0.0
0.0
0.0
0.0
0.0
0.0
0.0
0.0
0.0
0.0
0.0
0.0
0.0
0.0
0.0
0.0
0.0
0.0
0.0
0.0
0.0
0.0
0.0
0.0
0.0
0.0
0.0
0.0
0.0
0.0
0.0
0.0
0.0
0.0
0.0
0.0
0.0
0.0
0.0
0.0
0.0
0.0
0.0
0.0
0.0
0.0
0.0
0.0
0.0
0.0
0.0
0.0
0.0
0.0
0.0
0.0
0.0
0.0
0.0
0.0
0.0
0.0
0.0
0.0
0.0
0.0
0.0
0.0
0.0
0.0
0.0
0.0
0.0
0.0
0.0
0.0
0.0
0.0
0.0
0.0
0.0
0.0
0.0
0.0
0.0
0.0
0.0
0.0
0.0
0.0
0.0
0.0
0.0
0.0
0.0
0.0
0.0
0.0
0.0
0.0
0.0
0.0
0.0
0.0
0.0
0.0
0.0
0.0
0.0
0.0
0.0
0.0
0.0
0.0
0.0
0.0
0.0
0.0
0.0
0.0
0.0
0.0
0.0
0.0
0.0
0.0
0.0
0.0
0.0
0.0
0.0
0.0
0.0
0.0
0.0
0.0
0.0
0.0
0.0
0.0
0.0
0.0
0.0
0.0
0.0
0.0
0.0
0.0
0.0
0.0
0.0
0.0
0.0
0.0
0.0
0.0
0.0
0.0
0.0
0.0
0.0
0.0
0.0
0.0
0.0
0.0
0.0
0.0
0.0
0.0
0.0
0.0
0.0
0.0
0.0
0.0
0.0
0.0
0.0
0.0
0.0
0.0
0.0
0.0
0.0
0.0
0.0
0.0
0.0
0.0
0.0
0.0
0.0
0.0
0.0
0.0
0.0
0.0
0.0
0.0
0.0
0.0
0.0
0.0
0.0
0.0
0.0
0.0
0.0
0.0
0.0
0.0
0.0
0.0
0.0
0.0
0.0
0.0
0.0
0.0
0.0
0.0
0.0
0.0
0.0
0.0
0.0
0.0
0.0
0.0
0.0
0.0
0.0
0.0
0.0
0.0
0.0
0.0
0.0
0.0
0.0
0.0
0.0
0.0
0.0
0.0
0.0
0.0
0.0
0.0
0.0
0.0
0.0
0.0
0.0
0.0
0.0
0.0
0.0
0.0
0.0
0.0
0.0
0.0
0.0
0.0
0.0
0.0
0.0
0.0
0.0
0.0
0.0
0.0
0.0
0.0
0.0
0.0
0.0
0.0
0.0
0.0
0.0
0.0
0.0
0.0
0.0
0.0
0.0
0.0
0.0
0.0
0.0
0.0
0.0
0.0
0.0
0.0
0.0
0.0
0.0
0.0
0.0
0.0
0.0
0.0
0.0
0.0
0.0
0.0
0.0
0.0
0.0
0.0
0.0
0.0
0.0
0.0
0.0
0.0
0.0
0.0
0.0
0.0
0.0
0.0
0.0
0.0
0.0
0.0
0.0
0.0
0.0
0.0
0.0
0.0
0.0
0.0
0.0
0.0
0.0
0.0
0.0
0.0
0.0
0.0
0.0
0.0
0.0
0.0
0.0
0.0
0.0
0.0
0.0
0.0
0.0
0.0
0.0
0.0
0.0
0.0
0.0
0.0
0.0
0.0
0.0
0.0
0.0
0.0
0.0
0.0
0.0
0.0
0.0
0.0
0.0
0.0
0.0
0.0
0.0
0.0
0.0
0.0
0.0
0.0
0.0
0.0
0.0
0.0
0.0
0.0
0.0
0.0
0.0
0.0
0.0
0.0
0.0
0.0
0.0
0.0
0.0
0.0
0.0
0.0
0.0
0.0
0.0
0.0
0.0
0.0
0.0
0.0
0.0
0.0
0.0
0.0
0.0
0.0
0.0
0.0
0.0
0.0
0.0
0.0
0.0
0.0
0.0
0.0
0.0
0.0
0.0
0.0
0.0
0.0
0.0
0.0
0.0
0.0
0.0
0.0
0.0
0.0
0.0
0.0
0.0
0.0
0.0
0.0
0.0
0.0
0.0
0.0
0.0
0.0
0.0
0.0
0.0
0.0
0.0
0.0
0.0
0.0
0.0
0.0
0.0
0.0
0.0
0.0
0.0
0.0
0.0
0.0
0.0
0.0
0.0
0.0
0.0
0.0
0.0
0.0
0.0
0.0
0.0
0.0
0.0
0.0
0.0
0.0
0.0
0.0
0.0
0.0
0.0
0.0
0.0
0.0
0.0
0.0
0.0
0.0
0.0
0.0
0.0
0.0
0.0
0.0
0.0
0.0
0.0
0.0
0.0
0.0
0.0
0.0
0.0
0.0
0.0
0.0
0.0
0.0
0.0
0.0
0.0
0.0
0.0
0.0
0.0
0.0
0.0
0.0
0.0
0.0
0.0
0.0
0.0
0.0
0.0
0.0
0.0
0.0
0.0
0.0
0.0
0.0
0.0
0.0
0.0
0.0
0.0
0.0
0.0
0.0
0.0
0.0
0.0
0.0
0.0
0.0
0.0
0.0
0.0
0.0
0.0
0.0
0.0
0.0
0.0
0.0
0.0
0.0
0.0
0.0
0.0
0.0
0.0
0.0
0.0
0.0
0.0
0.0
0.0
0.0
0.0
0.0
0.0
0.0
0.0
0.0
0.0
0.0
0.0
0.0
0.0
0.0
0.0
0.0
0.0
0.0
0.0
0.0
0.0
0.0
0.0
0.0
0.0
0.0
0.0
0.0
0.0
0.0
0.0
0.0
0.0
0.0
0.0
0.0
0.0
0.0
0.0
0.0
0.0
0.0
0.0
0.0
0.0
0.0
0.0
0.0
0.0
0.0
0.0
0.0
0.0
0.0
0.0
0.0
0.0
0.0
0.0
0.0
0.0
0.0
0.0
0.0
0.0
0.0
0.0
0.0
0.0
0.0
0.0
0.0
0.0
0.0
0.0
0.0
0.0
0.0
0.0
0.0
0.0
0.0
0.0
0.0
0.0
0.0
0.0
0.0
0.0
0.0
0.0
0.0
0.0
0.0
0.0
0.0
0.0
0.0
0.0
0.0
0.0
0.0
0.0
0.0
0.0
0.0
0.0
0.0
0.0
0.0
0.0
0.0
0.0
0.0
0.0
0.0
0.0
0.0
0.0
0.0
0.0
0.0
0.0
0.0
0.0
0.0
0.0
0.0
0.0
0.0
0.0
0.0
0.0
0.0
0.0
0.0
0.0
0.0
0.0
0.0
0.0
0.0
0.0
0.0
0.0
0.0
0.0
0.0
0.0
0.0
0.0
0.0
0.0
0.0
0.0
0.0
0.0
0.0
0.0
0.0
0.0
0.0
0.0
0.0
0.0
0.0
0.0
0.0
0.0
0.0
0.0
0.0
0.0
0.0
0.0
0.0
0.0
0.0
0.0
0.0
0.0
0.0
0.0
0.0
0.0
0.0
0.0
0.0
0.0
0.0
0.0
0.0
0.0
0.0
0.0
0.0
0.0
0.0
0.0
0.0
0.0
0.0
0.0
0.0
0.0
0.0
0.0
0.0
0.0
0.0
0.0
0.0
0.0
0.0
0.0
0.0
0.0
0.0
0.0
0.0
0.0
0.0
0.0
0.0
0.0
0.0
0.0
0.0
0.0
0.0
0.0
0.0
0.0
0.0
0.0
0.0
0.0
0.0
0.0
0.0
0.0
0.0
0.0
0.0
0.0
0.0
0.0
0.0
0.0
0.0
0.0
0.0
0.0
0.0
0.0
0.0
0.0
0.0
0.0
0.0
0.0
0.0
0.0
0.0
0.0
0.0
0.0
0.0
0.0
0.0
0.0
0.0
0.0
0.0
0.0
0.0
0.0
0.0
0.0
0.0
0.0
0.0
0.0
0.0
0.0
0.0
0.0
0.0
0.0
0.0
0.0
0.0
0.0
0.0
0.0
0.0
0.0
0.0
0.0
0.0
0.0
0.0
0.0
0.0
0.0
0.0
0.0
0.0
0.0
0.0
0.0
0.0
0.0
0.0
0.0
0.0
0.0
0.0
0.0
0.0
0.0
0.0
0.0
0.0
0.0
0.0
0.0
0.0
0.0
0.0
0.0
0.0
0.0
0.0
0.0
0.0
0.0
0.0
0.0
0.0
0.0
0.0
0.0
0.0
0.0
0.0
0.0
0.0
0.0
0.0
0.0
0.0
0.0
0.0
0.0
0.0
0.0
0.0
0.0
0.0
0.0
0.0
0.0
0.0
0.0
0.0
0.0
0.0
0.0
0.0
0.0
0.0
0.0
0.0
0.0
0.0
0.0
0.0
0.0
0.0
0.0
0.0
0.0
0.0
0.0
0.0
0.0
0.0
0.0
0.0
0.0
0.0
0.0
0.0
0.0
0.0
0.0
0.0
0.0
0.0
0.0
0.0
0.0
0.0
0.0
0.0
0.0
0.0
0.0
0.0
0.0
0.0
0.0
0.0
0.0
0.0
0.0
0.0
0.0
0.0
0.0
0.0
0.0
0.0
0.0
0.0
0.0
0.0
0.0
0.0
0.0
0.0
0.0
0.0
0.0
0.0
0.0
0.0
0.0
0.0
0.0
0.0
0.0
0.0
0.0
0.0
0.0
0.0
0.0
0.0
0.0
0.0
0.0
0.0
0.0
0.0
0.0
0.0
0.0
0.0
0.0
0.0
0.0
0.0
0.0
0.0
0.0
0.0
0.0
0.0
0.0
0.0
0.0
0.0
0.0
0.0
0.0
0.0
0.0
0.0
0.0
0.0
0.0
0.0
0.0
0.0
0.0
0.0
0.0
0.0
0.0
0.0
0.0
0.0
0.0
0.0
0.0
