0.919852811801
-1.65697821765
0.0
0.0
0.0
-0.0129111837966
-0.330825264723
0.0
-0.0334164342693
0.0
0.00139370041361
-0.417381290464
-0.227649587175
-0.503975597724
0.0
-0.0199080653472
-0.199861390766
-0.409233688086
-0.140829704952
-0.0971609161249
0.0
0.0
0.0
0.0
0.0
0.575045758822
-0.256416052997
-0.185571234961
0.0
0.300532480974
0.0710823517091
-0.408369992332
0.0271423189023
0.0
-0.20423818975
-0.150577755547
0.0
0.48110125807
-0.3202360384
0.0
-0.00248178875286
-1.26560342548
-0.926421035767
0.0
-0.159673553141
-0.0373503187719
0.0
0.0
-0.143789996335
0.0185934660237
-0.418029601989
-0.0755075502197
-0.289840469519
-0.311874480273
-0.0411455254979
-0.0422863166033
-0.0145078275794
-0.142861500548
0.0
0.0
0.0
-0.0411121540686
-0.337912901403
0.0
0.0
-0.113020543381
-0.101160872419
0.0
-0.64087660085
0.112268206964
-0.0907953025769
0.0
-0.157226550906
0.0170875750771
-0.12315967119
0.0
0.0
-0.052850412002
0.0
-1.14172266449
-0.382915500481
-0.540104872278
-0.106535563941
0.0
0.0
0.0
0.0
0.0
0.0
-0.000612151399531
0.0
0.0
1.94808185823
-0.100394778144
0.0
1.47544465609
0.0
0.0
0.0
0.602447645572
-0.227100436632
0.935223127337
-0.0619751717645
0.0
1.26120618257
-0.00968985637022
0.0
0.0
0.751951393651
0.0
1.16194826014
0.0252094940727
0.0
0.0
0.0
0.453873925789
0.0
1.19707337021
0.0
0.0
0.0
0.0
-0.198017732269
0.0
0.0
0.0
0.0
0.0
0.0
-0.177431015035
-0.446815846466
-0.4238734814
0.306029531536
0.0
0.0
0.0
0.0
0.0
1.88472082356
0.0712658727616
0.0
0.0
1.42506758343
0.0
0.0
0.0
0.0
0.0
1.8539959112
0.0
0.0
0.0
0.0
1.0031106506
0.0
-0.0960993667228
1.82364152316
0.0
0.0
0.0
0.0
-0.0680154635751
-0.0145606364886
1.69607107819
0.0
0.0
1.13700016337
0.120239155359
0.0
0.0
0.812490715917
0.0
0.0
-0.0791044675964
0.0
0.0
0.0
0.0
0.0
0.23710113408
-0.0995881002075
-1.04563258828
0.226776094922
-0.103190161589
0.0
-0.0105232467531
0.0
-0.0495044330672
1.17342411826
0.0
0.599848349734
0.0
0.147562610162
1.15120943127
0.0
0.0
0.0
0.0
0.0161391474527
0.0
1.50870793929
0.0
-1.07645237838
-0.18851847555
0.0
0.0
0.0
-0.0287272576413
0.0
0.0
0.0
0.0
0.512342106348
0.0
0.343605256201
-0.00822508164029
0.0
0.91804822737
-0.0421063487077
0.0
0.253059789932
0.0
-0.00403121754835
-0.00164392586326
0.0
0.0
0.0
0.0
0.858112023181
1.7031598353
-0.612735228091
0.0
0.0
0.0
1.55952434847
1.54784745637
-0.0661949724386
1.91078668275
0.0
0.0
-0.120903516365
1.53763154655
-0.17396624202
0.0
0.716807652818
0.0
1.0929523866
-0.0652493159263
1.43770252283
1.1811203955
0.542186218453
0.315030226642
0.0
0.0
-0.0397569947686
0.0
0.0
0.0
0.0
0.0
0.0
0.0
1.17158124986
1.28477269796
-0.550287392331
0.0
1.92790104346
0.0
1.02315901252
0.458252643753
-0.00610185066704
0.560850252386
-0.232164703469
-0.163582897324
1.36159406941
-0.318580825842
0.0
0.0
1.30852795146
0.0
1.1238251366
0.0
1.25676645716
0.0
1.08835558172
0.0
-0.0495044330672
0.0
0.0
0.0
0.85550337378
1.51865967446
-0.270631881828
0.0156995030263
0.0
0.0
0.0
0.0
0.423407562744
0.0
0.0
1.2406783765
-0.0333083676249
0.0
1.82337602448
-0.0109079141961
0.0
-0.286639225892
0.0
0.34048431946
0.0
0.402024660527
0.0
0.684732993185
0.0
0.508669743897
-0.100272908127
1.26821887339
0.0
0.0
0.0
0.540567526399
0.771933535534
-0.17564913721
0.101794851843
0.0
0.0
0.0
0.0
0.0
0.0
0.0
0.738573982628
0.365473355038
0.0
0.059223374253
-0.000768248587111
0.0
0.398971168681
0.0
0.0
0.375731141385
0.669712774938
0.0
0.17788929093
0.0
0.601437307671
1.80769892354
-0.0651626090528
-0.000990741023557
0.0
0.599852732311
0.666248139813
0.163482793348
0.315990174066
-0.000972012435248
0.0
0.00128295925516
0.0
0.0
0.3750761936
1.02577561887
1.76935762288
0.256637544515
-0.278526185551
0.0
0.0
-0.0323012665953
0.0
0.725077207902
0.0
0.0
1.51491265384
0.0
0.0
0.0
0.0
0.00577057491594
0.0
0.0
0.0
0.7111718839
-0.0605855567819
-0.32103461809
-0.0336867480629
0.0
0.0
0.0
0.0
-0.0131178419186
0.0
0.0
0.777031559438
0.0
0.0
0.577686790255
-0.00635636652413
0.0
-0.080807464815
0.0
0.0
0.497660424134
0.0
0.0
0.714811512687
-0.0214797908897
0.0
0.0
0.223096664564
-0.151202455277
0.0
0.707984326621
0.196823369773
0.152717807832
-0.239369655515
0.478862036416
0.113311924655
0.354076233073
0.724444749234
0.0
0.0
0.0
0.0
0.0
1.28725160116
0.367698070984
0.0
0.0
0.0
0.314338098945
0.00751581971472
0.0
0.189964233058
-1.13796367067
-0.0082974554166
0.0
0.320398994186
-0.108903099972
-0.0419964283734
0.0184714066581
-0.00693789714394
-0.0557887554875
0.0470114914115
0.69443661228
-0.0854112469905
-0.207812201894
0.124700353015
0.122892012717
-0.107048752256
0.0176860312957
-0.121147119525
0.720955456174
-0.526381264877
0.0
0.354650033217
-0.854464830138
0.256336145682
0.904650202207
0.394852102595
-0.706908232885
0.515156834294
-0.170802527987
0.244960855139
0.075989258758
0.487281724199
0.568792470705
-0.564960541352
0.0666903950311
-0.275470481152
0.121903025827
-0.0602424851344
-0.138929805938
-0.838499967726
-0.434420352291
-0.279628524844
-0.203048460556
0.619092145423
-0.1932566926
0.0757846676549
-0.312452182211
0.45702646632
0.381463906763
0.836538709748
-0.0905411361554
-0.416167885807
-0.349981773993
0.801985346656
0.0
0.929778154926
-0.305425224162
0.361723880204
-0.523985079687
2.46677583117
-0.828007957862
1.58484057944
-0.399516219205
1.38404962921
0.203190926916
0.670965927615
0.930989177538
0.345664028837
0.748774595291
2.09556779717
0.451249825
-1.1846293761
-0.0709893174051
1.40503119089
0.182581361721
-0.329926798083
1.90552195482
0.0
0.0
0.0
0.0
-0.0610859948053
0.0
0.0
0.0
-0.0157164554072
0.0
-0.0132020429758
0.0
0.0
0.0
0.0
0.0
0.0
3.14674532386
0.227453928917
-0.0561246949742
-0.232125839585
-0.0576043436868
0.165001344579
-0.138288097246
0.97132485162
0.603944233747
-0.200653293676
-0.430736951227
1.59407943422
-0.329239181481
-0.691535245367
0.0
-0.0043445769081
0.0
0.0
0.722109126315
0.0239714572643
2.09704907896
-0.153548184855
0.0554414173152
-0.236546350193
1.90748070143
0.0
0.0
-2.03195894746
0.0
0.0
0.0
0.0
0.0
0.0
0.0
0.0
0.0
0.0
0.0
0.0
0.0
0.0
0.0
0.0
0.0
0.0
0.0
0.0
0.0
0.0
0.0
0.0
0.0
0.0
0.0
0.0
0.0
0.0
0.0
0.0
0.0
0.0
0.113885734793
-0.124403073503
0.702091270761
1.41043561273
0.532155157002
0.24799607595
-0.450253285423
0.539582327322
-0.261146173342
-0.355660060385
0.0700784285184
0.999646179409
-0.735037948206
0.40448955541
-0.500264345472
-0.107007280919
-0.213300858338
-0.210264291553
-0.299596081947
-0.718045625357
0.394941055322
1.05455289221
0.0
0.0
0.0
0.0
0.21516278787
-0.391583453403
-0.213616923887
-0.0204170009677
-0.00350645410974
-0.267001364455
0.0
1.01786432209
0.0
1.16588312235
0.562584048303
0.622229678818
0.120004537045
0.0
0.0
0.0349282966479
0.0
0.0
-0.108653029642
1.07277055651
0.0
0.0
0.0289027385838
-0.0184294911793
-0.300422443794
-0.000849218764712
0.0
0.0
0.0
1.93743774686
0.151468558765
0.0
0.114877451973
1.55588731672
-0.564934405665
-0.217449502311
0.925770753914
0.0230211039948
0.0660177835901
0.0
0.598030915461
0.0
-0.159162253951
0.542097076154
-0.390517182327
-0.315064189819
-0.00851289660917
0.0
0.805308290598
0.141355727953
0.0
0.24297539672
0.0
-0.269462260145
0.0
0.0
0.373462845697
-0.0553501744334
0.0
0.56945687232
0.0
0.0
0.0
-0.059179258983
0.0
1.0985390349
0.235174374317
-0.0302198327668
-0.0928568810377
0.0
0.297676708493
0.275776285376
0.0
-0.582456078638
0.365773241688
0.0
0.270314600107
0.238961723573
-0.539851045181
0.0
0.0
0.0
0.0
-0.652977917551
0.0
0.0
-0.0170256523318
0.0
0.0
0.101135195683
-0.944449580598
-1.07852231989
0.116247078318
-0.0250811036516
0.0
0.0
0.0
0.0
0.0
0.0
0.0
0.0
0.0
0.0
-0.143903371714
0.00241621911746
0.0
-0.0333337690073
0.0
0.155640967616
0.0
0.0917182079514
-0.48236008182
-0.254256593335
-0.238161653591
-0.014920950605
0.0
0.338026753344
0.0
0.0
0.39931579406
0.0
1.13702240235
0.0
0.0
0.0
0.953144681302
0.00928022689745
-0.404755962778
-0.000612151399531
0.0
0.11829944753
-0.130030233339
-0.0258808336934
1.59862635147
0.0
0.0
-0.416467241667
0.716672441841
-0.337523890003
0.55472739268
0.0
0.0
0.0
0.0
0.854070055678
-0.426444285745
0.0
0.462333251912
-0.294094379268
-0.142769366474
0.0
0.697154961276
-0.027093649598
0.0
0.0607442095177
0.0
0.305449951092
0.340055079769
0.438500604471
0.0
0.398640146434
0.261180683736
-0.104977120754
-0.462206940591
1.62143760846
0.0
-0.413379816949
-0.0673626408671
-0.211896106968
0.704028594624
0.0
0.0
0.311893229916
0.0
0.326731651381
0.0
0.0
0.86574719045
0.0224632897771
0.0339551031712
0.0
0.000587406154404
0.0
-0.505493415283
-0.291832962953
0.0
0.102898978953
0.0
0.0
0.0906975049845
0.259848385513
-0.0823515289741
0.0
0.0
-0.0264271189719
-0.0846300910416
-0.172715232986
0.0
0.0
0.0
-0.0323235467519
-0.00701529154383
0.0
0.0
0.0
0.0
0.0
0.0
0.43187507263
1.03533915858
-0.556630352825
-0.21020053265
-0.0615664453412
0.0
0.0
0.210907264131
0.0
0.666691741574
0.96084586615
0.0
-0.630736585398
-0.979491711516
0.0219988307747
-0.282306114068
-0.336851938228
0.0
-0.0994108720954
-0.695709191417
-0.0439880158459
0.877717222102
-1.05990062718
0.861618968926
-0.233746506303
-0.184197795903
-0.370741042159
-0.694869743875
-0.0990088661344
0.0835981392482
0.277631898687
-0.468737136987
0.0
-0.0484652256573
-0.919081145605
-0.0865041752064
-0.290353290049
-0.45222342963
0.0
-0.653024157251
-0.473931426362
-0.304306125572
0.0
-0.485309557895
-0.122422395369
0.0
0.0
0.0
0.0
1.31647646629
0.0950078040378
-0.0114669498385
-0.444982474529
-0.527323614488
0.420716663792
-0.369496707063
-0.543127744358
0.423765456445
0.0
0.155614321545
0.0
0.678611010079
-0.163165130346
-0.328137086529
0.0
0.00140821254741
0.0
-0.0751312736824
0.0
-0.267905655198
0.0
-0.386145587637
0.254608562135
-0.0210849841751
0.522415452221
0.0
0.770033381094
-0.356956003109
-0.736113687923
0.783151248336
0.224311688127
-0.0326246579631
0.0
-0.251429363639
0.0
0.928697026659
0.0
0.0
-0.541214021077
0.466854687693
-0.153872363467
0.631968053179
0.464242046078
0.0
0.0
1.03789771072
0.686634952574
-0.253551071687
-0.489376564594
-0.00776853923405
0.283129243145
0.299552761687
0.919875424167
0.883482159372
0.287560452157
0.194574130004
-0.0122655179837
0.0
1.43053215878
-0.559015731392
0.0
0.0985158094068
0.0
0.0
0.0
-0.0932578053661
0.233438669439
0.0
-0.342512708436
0.0
-0.0181758926972
-0.368491644056
0.0221950041412
0.0
0.0
0.0
1.008154565
-0.887373676458
-0.0109659286319
0.755101968118
0.128960329742
0.0
0.15206985769
0.515661848468
0.0
0.0
-0.259152238874
-0.04055933787
0.0
1.36052884164
-0.195839849179
0.0
0.0
-0.149563089262
-0.287962366484
-0.102495618525
0.133015290278
-0.810860015052
-0.421361710253
-0.189441713897
0.0
0.0
-0.19891199548
-0.265160962246
-0.170708081307
-0.111826921545
-0.0787152996083
0.0
0.0
0.0
0.0
0.0
0.0
0.0
0.0
0.415838345626
-0.320522439498
-0.372318563542
0.152717807832
-0.0331788598014
0.0
0.0
0.0
0.0
0.254659652396
0.20835173079
0.0
-0.298360769792
0.219667923376
-0.386469448108
0.0
0.563444796851
1.63208999559
0.0690708149991
0.0
0.0
0.0
0.0
1.05191331008
-0.414179865874
0.0
0.0
0.0822937485996
0.0
-0.311309107131
0.0
0.517514847121
0.0424815907381
0.0
-0.576912245413
-0.0869216004635
0.482892483439
-0.122233798715
-0.0800056124097
0.309905772735
0.0
0.0
0.0
0.633074781302
0.0863466614142
-0.489801989266
0.0
0.502856435057
0.0
0.107175641834
0.333109917432
0.422814567449
-0.0468148457481
-0.114602055125
0.0
0.0
1.47684397774
0.0142951808649
-0.266845762307
-0.156953545604
-0.213930739052
0.185609444842
-0.405911369289
0.0
0.141878064711
0.0
1.45441480467
0.0141547636688
-0.0144483945842
0.0661391902477
-0.306592158743
0.190479856473
0.149988217547
-0.0524334080012
0.0
0.210985493786
-1.01999745796
-0.0967334918102
0.355863070075
0.257799922577
0.0
-0.779056256627
0.0
0.0322501128242
-0.189174785052
0.447195740857
0.305305965844
0.0
0.0
1.13397028829
-0.265876251781
-0.207767080723
-0.453895936171
0.365395007298
1.51091233584
0.0
-0.0696554684978
0.0
0.0765268054132
0.0224009391492
0.0190408656885
0.5116324619
-0.501631416884
0.0
0.0
-0.385877560461
0.0
-0.0158175938746
0.0
0.0
-0.660977291007
-0.354727685622
0.0
0.0
0.0
-0.195867375957
0.15409733126
0.0
0.0
0.0
0.967449672364
-0.557136351345
0.0
-0.245826915591
-0.172592695463
0.0221309101999
0.0156715891911
0.0720556366089
0.0
0.0
-0.388400378522
0.470750978672
0.0
0.443716522727
-0.450729593022
-0.0270085283835
0.0
-0.0540675108085
-0.169806557595
0.481177975423
0.0
0.290564963933
0.134399552857
-0.0456287783203
0.0
-0.0473592590711
-0.130110765885
-0.101296822488
-0.0078807017935
-0.064890602835
-0.0138669507136
0.0
0.0
-0.00091943386502
0.0
0.0
0.0
0.0
0.0
0.0
0.0
0.0
0.0
0.469621079844
-1.3211178199
-0.0323818686082
-0.411715728307
0.0
0.0
0.0
0.0
0.0
0.0
0.189207626371
0.463879039539
0.218757083678
-0.157058043453
-0.158077897105
-0.0293112053468
-0.246553575104
0.448461088108
-0.0495044330672
0.0
0.0
1.4170717406
-0.231492328171
-0.638433142638
0.0
0.0
-0.0364148011795
-0.35799354127
-0.250106571758
-0.147229667035
0.216647351898
-0.0431589783879
-0.32326858879
0.0
0.0
0.906662814322
-0.760619703034
-0.204892375637
0.0
-0.29796922213
-0.0368068338677
-0.766685818735
-0.0743681283265
0.214652052543
0.0
1.01009400352
0.374075898108
-0.0153067152652
0.0
0.0
-0.0696029416819
0.0
-0.232739790954
-0.227778152205
0.117838708342
0.0
0.0
0.504649460597
-0.799654639511
0.0
-0.0353700428232
0.0
0.0
-0.380762564707
0.0
-0.206070531191
0.884854523478
-0.532890375376
-0.379177825498
0.0
0.0679548225897
0.0
0.0
0.138927714082
-0.32688397055
-0.422199194031
0.0
0.0
-0.0556927989274
0.180797493189
0.0
-0.102408633872
0.0215830013907
0.0
-0.0492962967299
0.0
0.0
-0.403410316087
0.0
0.0
0.361493732515
-0.170577642708
-0.63678291731
-0.755284313848
-0.11974570665
0.0
0.878893743874
0.0652502579708
0.0
0.806720970291
-0.116648405112
-0.254470640846
-0.389732697292
-0.282060594248
-0.00324620535518
-0.109680712023
0.0
0.533915383683
-0.224358660659
0.0
-0.153656592355
0.237615065749
-0.0748008037584
0.0
-0.310769017317
0.0693443103106
-0.0504420118039
0.0
1.24276874631
-0.0824869937734
-0.337314587755
0.0
-0.0805394725999
-0.109586797934
-0.160773735451
0.0
0.0
-0.0127344698259
0.0
-0.0241987652038
0.0
-0.00277808354234
-0.00108468356055
-0.0694105897055
-0.0247905793567
-0.0372255363913
-0.0495044330672
-0.0300768989572
0.0
0.0
-0.232274930803
0.0
0.0
0.0
0.0
0.0
0.0
0.0
0.0
-0.621987349583
-1.38988562099
0.586194724034
-0.364717864984
0.0
0.0
0.0
0.0
-0.243827354391
-0.00823462537391
-0.100691066318
-0.146430390928
0.0
0.407086030856
-0.0685662969348
-0.0489383261719
0.0
-0.0866412627603
-0.390840682665
-0.256088859601
0.0
-0.120683357562
-0.416382827166
0.265688077569
-0.506286988152
-0.0781743118362
0.0
0.0529040928053
-0.393036749852
-0.197472283236
-0.214815640074
-0.309198218926
0.0
0.0
2.22148135611
-0.462186241868
0.0
-0.366568549234
-0.385157116238
0.0
-0.046522107175
0.0718135937534
0.0
0.759309172367
-0.436494553077
0.0
-0.0504420118039
0.0779578152734
-0.256805755548
-0.0880646814007
-0.14047575851
-0.059178520391
0.136600735963
-0.204497592919
-0.019667596638
0.0
0.0128590418493
-0.937503636115
-0.0612678570613
0.0
0.0
0.14606891698
0.1250467748
-0.0396084056151
0.0
-0.624641242331
-0.0130889794589
-0.00903946016837
0.0
0.332840616077
0.0
0.905423632059
-0.13562082059
0.118109234206
-0.00185439441281
-0.117743849114
-0.171257315049
-0.123976088536
0.0
1.34104842951
-0.415783198364
-0.0320431479155
0.0678562963065
-0.143778711175
-0.00901731242495
0.0
0.0
0.0
-0.356954058158
-0.0220472765482
-0.113522712868
-0.0277461028595
0.0
0.473606117758
-0.136773891547
0.0
-0.142145739017
0.0
-0.0681876766993
-0.0960993667228
0.0
-0.442913186224
-0.0700673095105
0.0
0.027520066785
0.0
0.175110607138
-0.119410784718
0.0744757976877
0.463463090468
0.339303094043
-0.254572849099
0.0
-0.0695840994971
0.0
-0.00540887636973
-0.00168682303965
0.0
0.0
-0.0252482440384
0.0
0.0
0.0
0.0
0.0
0.0
0.0
-0.354609604519
-1.43830995292
-0.797176166294
0.174465391663
0.0
0.0
-0.145663528999
0.0
-0.0951830048979
0.0
0.0
0.0
0.233342343376
0.0257507737347
-0.1419974268
0.0
1.27710027471
-0.152202645067
-0.0748234097616
0.0
-0.311210341765
0.243221660176
-0.269888213139
0.036658972163
0.137463704784
-0.87284527687
-0.621428511111
0.0
-0.171607578449
-0.372489109228
-0.327368987688
-0.289718506024
0.0346165399936
-0.0768783024818
0.840643288936
0.0
0.0338101628167
-0.855251400952
-0.144420272096
-0.209021147395
-0.0561115324525
-0.259170595168
0.0
1.64513972545
-0.496955570338
0.0
-0.0151601407403
-0.236959132126
-0.263836537477
-0.127163157918
-0.265244186497
0.0
0.640261407133
-0.383283169395
-0.265094907878
-0.703215703786
0.0938644368244
0.0
-0.264728803801
-0.124498935472
-0.0821883004102
0.0
0.0
1.15550113988
-0.429047208233
0.0
0.0
0.0
0.0384001958011
-0.249764302919
0.0
0.228020443108
-0.0848537035376
0.0779578152734
-0.477591351102
-0.0025065550744
0.0
0.354490956363
0.0202294464612
-0.0415845780785
-0.124072992404
0.0
-0.00273345693941
0.798816114337
-0.336170217092
-0.280351711617
-0.142347672392
-0.142693792431
-0.200008842867
-0.431550303585
-0.499205167094
0.118419182437
-0.107890626743
1.13860576323
-0.528362082403
-0.320031300742
-0.170149005652
-0.0810744885929
-0.160667483947
-0.0977658650599
0.0
-0.0297536917115
0.0
0.0
-0.00222275837693
-0.0451791260343
0.0
0.0
0.0
0.0
-0.474555787978
-1.52284745972
0.725267595248
0.0
-0.0105253747284
0.0
-0.235795205654
-0.2864731792
-0.660897626917
-0.382426594227
0.0
0.0721886910829
-0.451590978152
-0.0561115324525
0.0
1.07681535017
-0.580814933789
0.0
-0.165727309009
0.0
-0.150079333134
-0.42425434324
-0.17804636508
-0.644768372873
-0.292519901989
0.0
0.0
0.20962429909
0.0
0.371939276807
-0.509329312887
0.0
0.0
-0.106869203809
0.523193527164
0.0872288997461
-0.0996746458435
0.0
0.0391691708431
0.378437232276
-0.190213299047
-0.0471316282084
-0.0960993667228
-0.0884806236944
0.0
-0.000843439588013
-0.0919991828342
-0.146060217983
0.0
0.0
0.485245828273
-0.0495303250017
-0.0205017171192
0.0
0.00525891528668
-0.0998299301329
0.0337337756535
0.346301845368
0.155817763078
0.0
-0.25536295179
-1.04663313254
-0.319777524991
0.0
-0.195158517986
-0.071897869388
-0.221101857833
0.0
-0.17035462146
0.0
0.468522761553
-0.54801574457
0.0
0.0
-0.0175198044955
-0.316995242337
0.0
0.864376673935
0.100212741843
0.0621986048097
-0.261462375506
-0.0894668011168
0.0187763092592
-0.12866723948
0.0
0.0
1.61400412027
-0.0771861181384
-0.0337282949928
-0.227326698664
0.0
0.0908642836472
-0.00440950737638
0.0
-0.0618168645306
-0.0489192338524
0.0
1.2737860973
-0.287217644128
0.0751551632759
-0.0013349180339
-0.0766199439809
0.0
0.0
-0.0843222536858
0.0
0.0
-0.0358515904983
0.0
-0.0857297187918
0.0
0.0
0.0
0.326163385301
-1.11564814167
-0.368231562987
0.0
0.194414987462
-0.599127885476
-0.025627816083
0.0758854567607
0.0
-0.0495044330672
0.0
0.0534654890867
0.182581848043
-0.337201008287
-0.0833782796334
-0.0781743118362
-0.330403168718
1.45976764397
-0.0888221191263
0.132465341539
-0.295508620416
-0.0160687277614
1.19599015496
-0.120305932381
-0.0795969610404
-0.132388712895
0.0
-0.293785977267
0.108137518192
0.142538719585
0.234770351113
0.0
-0.0851085583213
0.0
0.0
0.0
1.00173297449
-0.331860096008
0.0
0.0
-0.157081491323
0.0
0.0
-0.288041088933
-0.0726509381935
1.58785414954
-0.468745627027
0.0
-0.147852147979
0.0
0.0
1.6532343336
-0.272562091678
-0.0816184688847
-0.264539942696
0.0
-0.159217695057
0.0
1.5539654014
-0.00619022827703
0.0
0.0
-0.122375582507
-0.025840547936
0.0
0.0
-0.108278945911
-0.238228509031
-0.00363631191236
0.0
0.976978178167
-0.797468024893
-0.101788003759
-0.259337840305
-0.180107857268
0.0
-0.0120388240141
-0.598788907629
-1.57074948098
-0.052564860209
0.0
0.0
0.0
0.0
0.0
0.0
0.0
0.0
0.0
0.0
-0.030575444183
0.0
-0.0486900948291
-0.0107484117652
-0.0549864216594
0.0
-0.046541615677
0.0
-0.093110718586
0.0
0.0
0.0
0.0
-0.611123235054
0.0
0.0
0.0
0.0
0.0
0.0
0.0
0.0
0.0
-0.123116394571
0.0
0.0
0.0
0.0
-0.00216818517346
0.0
0.0
0.0
-0.00122713522617
-0.0350138795326
-0.00330415532644
-0.103078114715
-0.000621375207252
0.0
0.0
0.0
0.0
0.0
0.0
0.0
0.0
0.0
0.0
0.0
0.0
0.0
0.0
0.0
0.0
0.0
-0.0321979845759
0.0
0.0
0.0
0.0
0.0
0.0
-0.196932039104
0.0
0.0
-0.196932039104
-0.00663016203747
0.0
0.0
0.0
0.0
0.0
0.0
0.0
0.0
0.0
0.0
-0.00162358057067
0.0
0.0
0.0
0.0
0.0
0.160981592276
0.0
0.0
0.0
0.0
0.0
-0.00750231076551
0.0
-0.0016511450083
0.0
0.0
-0.0108858645673
-0.00445222325978
0.434016687733
-0.130678638739
-0.0301757474962
0.0
0.0
0.0
0.0
0.0
0.0
0.0
0.0
0.0
0.0
0.0
0.0
0.0
0.0
0.0
0.0
0.0
0.0
0.0
0.0
0.0
0.0
0.0
0.0
0.0
0.0
0.0
0.0
0.0
0.0
0.0
0.0
0.0
0.0
0.0
0.0
0.0
0.0
0.0
0.0
0.0
0.0
0.0
-0.0505064207866
0.0
0.0
-0.0131060589674
0.0
0.0
0.0
0.0
0.0
-0.285367115153
0.0
-0.300796560099
0.0
0.0
0.0
0.0
0.0
0.0
0.0
0.0
0.0
-0.00223041392688
0.0
0.0
0.0
0.0
0.0
0.0
0.0
0.0
-0.151257332144
0.0
-0.0323880141679
0.0
-0.00414347547078
-0.0670241659015
0.0
0.0
0.0
0.0
-0.101305989329
-0.00198025011719
-0.0214013955057
0.0
0.0
0.0
0.0
0.0
0.0
-0.0961967535067
0.0
0.0
-0.0227906315391
0.0
0.0
0.0
0.0
0.0
0.0
0.0
-0.00203435390572
0.0
-0.0145277934494
0.0
0.0
-0.189855675124
-0.236685268285
-0.0295864472585
0.0
0.0
0.0
0.0
0.0
0.0
0.0
0.0
0.0
0.0
-0.066691529856
0.0
0.0
0.0
0.0
-0.500679237324
0.0
0.0
-0.00871101200634
0.0
0.0
0.0
0.0
0.0
0.0
0.0
0.0
0.0
0.0
0.0
0.0
0.0
0.0
0.0
-0.0143758083896
0.0
0.0
0.0
-0.0451472792976
0.0
0.0
0.0
-0.0853204195883
-0.061837478294
0.0
0.0
-0.00397665987847
0.0
0.0
0.0
0.0
0.0
0.0
0.0
-0.0129902900316
0.0
0.0
0.0
0.0
0.0
0.0
0.0
0.0
0.0
0.0
-0.00152035204855
0.0
0.0
0.0
0.0
0.0
-0.0734424170325
0.113691619056
0.0
0.0
-0.0233710488304
-0.00269560231024
-0.0162393665612
0.0
0.0
0.0
-0.043258818751
0.0
0.0
0.0
0.0
0.0
0.0
0.0
0.0
0.0
0.0
0.16029906576
0.0
0.0
0.0
0.0
0.0
0.0
0.0
0.0
0.0
0.0
0.0
-0.00482009946648
0.0
0.0
0.0
0.0
0.0
0.0
0.0
0.0
0.0
0.0
-0.091083622487
-0.408510360943
-0.116969532443
0.0
-0.0411463213797
0.0
0.0
0.0
0.0
0.0
-0.0476834800957
-0.00973371825721
-0.00166021325986
0.0
0.0
0.0
0.0
-0.100247160205
0.0
0.0
0.0
0.0
-0.103505948526
0.0
0.0
0.0
0.0
0.0
-0.0495044330672
0.0
0.0
-0.00861855153334
0.0
0.0
0.0
-0.0748069557413
0.0
0.0
0.0
0.0
0.0
0.0
-0.000806001832606
0.0
0.0
0.0
0.0
0.0
0.0
0.0
-0.000985123116853
0.0
-0.0485948405055
-0.00670917119326
0.0
0.0
0.0
0.0
-0.00518538310993
-0.0493549212572
0.0
0.0
-0.258696715939
0.0
0.0
0.0
0.0
0.0
0.0
0.0
0.0
-0.0186157211902
0.0
0.0
-0.00133673995057
0.0
-0.0275084664485
-0.0116173359
-0.0107928018168
-0.00811084493228
0.0
0.0
-0.772771598939
-0.0322025169718
-0.0342691023309
0.0
0.0
0.0
0.0
0.0
-0.175731374716
0.0
-0.0919846575645
0.0
-0.00951836238465
0.0
0.0
0.0
0.0
0.0
0.0
-0.890073603881
0.0
0.0
0.0
0.0
0.0
0.0
-0.00864604614587
0.0
0.0
-0.137218666318
0.0
0.0
0.0
0.0
-0.0461741286366
0.0
0.0
0.0
0.0
0.0
0.0
-0.0168584533483
0.0
0.0
0.0
0.0
0.0
0.0
0.0
0.0
0.0
0.0
0.0
0.0
0.0
0.0
-0.0476834800957
0.0
0.0
-0.0186165984955
0.0
0.0
0.0
0.0
0.0
0.0
0.0
0.0
0.0
-0.00293186942106
0.0
0.0
-0.0145199993754
-0.0439434804977
0.0
0.0
-0.0166037092145
0.0
-0.1997595814
0.0
-0.029570346809
-0.213322450218
0.0
0.0
0.0
0.0
0.0
-0.048528699209
-0.0189083467594
-0.499897700325
0.0
0.0
0.0
0.0
-0.202404740568
-0.000650966916062
0.0
-0.0303337073431
0.0
0.0
0.0
0.0
0.0
0.0
0.0
0.0
-0.190076449305
0.0
0.0
0.0
0.300091082188
-0.000640155694883
0.0
0.0
-0.0133492469522
0.0
-0.0239432882636
0.0
0.0
0.0
-0.00155578992613
0.0
0.0
0.0
-0.631639081011
0.0
0.0
0.0
0.0
0.0
-0.0453189305048
0.0
0.0
0.0
0.0
-0.00377642574939
0.0
0.0
0.47354354007
-0.000520200486566
0.0
0.0
-0.0587557956132
0.0
0.0
0.0469738480574
0.0
0.0
-0.0315225564596
0.0
0.0
-0.0836241625937
0.0
0.0
-0.0822762389566
0.0
0.0
0.0
0.0
0.0
0.0
0.0
-0.0014791076307
0.0
0.0
0.0
0.0
0.0
-0.0307293621005
0.0
0.0
0.0
0.0
-0.0219836841595
0.0
0.0
0.0
0.0
-0.0622544751394
0.0
0.0
0.0
-0.00818518978304
0.0
0.0
0.0
0.0
0.0
0.0
0.0
0.0
-0.606651650068
0.0
0.0
-0.544573364598
0.0
-0.0159959726606
0.0
0.0
0.0
0.0
0.0
0.0
-0.0138835164566
0.0
0.0
0.0
0.0
0.0
0.0
0.0
0.0
0.0
0.0
-0.0760562481735
0.0
-0.0560849481325
0.0
0.0
0.0
0.0
0.0
0.0
0.0
-0.143284387396
0.0
-0.163615365284
0.0
0.0
0.0
0.0
0.0
0.0
0.0
0.0
0.0
0.0
0.0
0.0
-0.663722765231
0.0
-0.0171588297075
0.0
-0.0128843118501
0.0
0.0
-0.0106994854632
0.0
0.0
0.0
0.0
-0.506309008275
0.0
-0.0453189305048
0.0
0.0
0.0
0.0
0.0
0.0
-0.0472973250783
0.0
0.0
-0.00761839582933
0.0
0.0
0.0
0.0
0.0
0.0
0.0
0.0
-0.0472973250783
0.0
0.0
0.0
-0.0119462198403
0.0
-0.0690545994084
-0.00781310673758
0.0
0.0
-0.193788945663
0.0
0.0
0.0
0.0
-0.000525305898698
-0.550124494038
0.0
0.0
0.0
0.0
0.0
0.0
0.0
0.0
0.0
0.0
0.0
-0.0018502908588
0.0
0.0
-0.00580906713542
0.0
0.0
0.0
0.0
-0.184752596933
-0.0495044330672
-0.0356927671537
0.0
-0.0278737426215
0.0
0.0
0.0
0.0
0.0
0.0
0.0
0.0
0.0
0.0
0.0
-0.00589361158665
0.0
0.0
0.0
0.0
-0.0150565673932
-0.0198391589004
0.0
0.0
0.0
0.0
0.0
-0.0138160785332
0.0
0.0
0.0
0.0
-0.00346016993132
-0.00186487548168
-0.00603268277862
-0.800762787701
-0.00167097479953
0.0
0.0
0.0
0.0
-0.0143758083896
0.0
0.0
0.0
0.0
0.0
0.0
0.0
0.0
0.0
0.0
0.0
0.0
0.0
0.0
0.0
0.0
0.0
0.0
0.0
0.0
0.0
-0.0566025349651
0.0
0.0
-0.00603268277862
0.0
0.0
0.0
0.0
-0.00300694705363
-0.0479011451709
0.0
-0.00785077012492
0.0
0.0
0.0
-0.0138931021095
0.0
-0.197760005491
0.0
0.0
0.0
0.0
0.0
-0.747819702741
0.0
-0.0189342650498
0.0
0.0
0.0
0.0
0.0
0.0
0.0
0.0
0.0
0.0
0.0
-0.00525822509239
-0.0156452422476
-0.0225674839414
0.0
-0.0622544751394
0.0
0.0
0.0
0.0
-0.24900930551
0.0
-0.227472904863
0.0
-0.0638048930644
0.0
0.0
0.0
0.0
0.0
-0.0171655024266
-0.37556188416
0.0
0.0
0.0
0.0
2.67191070251
0.0
0.0
0.0
-0.702964613443
-0.000559213532514
0.0
0.0
-0.0742860382248
-0.00450783523048
0.0
0.0
-0.0026562926914
0.0
-0.0411502482689
0.0
0.0
-0.105941741427
0.0
0.0
0.0
0.0
0.0
0.0
0.0
0.0
0.0
0.0
0.0
0.0
0.0
0.0
0.0
0.0
0.0
0.0
0.0
0.0
0.0
0.0
0.0
0.0
0.0
0.0
0.0
0.0
0.0
0.0
0.0
0.0
0.0
0.0
0.0
0.0
0.0
0.0
0.0
0.0
0.0
0.0
0.0
0.0
0.0
0.0
0.0
0.0
0.0
0.0
-0.0495044330672
0.0
-0.0122513595475
-0.0668592039805
0.0
0.0
0.0
-0.0495044330672
0.0
0.0
0.0
-0.270242915217
0.0
-0.152021316514
0.0
0.0
0.0
0.0
0.0
0.0
-0.0726367939919
0.0
0.0
0.0
0.0
0.0
0.0
-0.254180867133
-0.330962198442
0.0
0.0
0.0
-0.143123112178
-0.0395605358979
-0.0429294383136
0.0
0.0
0.0
-0.0142944348523
0.0
-0.0179855036093
0.0
0.0
0.0
0.0
0.0
0.0
0.0
-0.626526402361
-0.259741986075
0.0
-0.0259805800631
0.0
0.0
0.0
0.0
0.0
0.0
0.0
0.0
-0.474469917041
-0.0560199411791
0.0
0.0
0.0
0.0
0.0
-0.0212372284039
-0.0082974554166
-0.167448946493
-0.0729606479148
0.0
-0.0112008550572
0.0
-0.646912226657
0.0
0.0
-0.000535417554224
0.0
-0.128835924101
0.0
0.0
0.0
-0.00479366155735
0.0
0.0
-0.00842137352491
0.0
0.0
-0.230411916468
-0.0240425445003
0.0
0.0
-0.041945894066
-0.0855312143371
-0.00198398085241
0.0
0.0
0.0
-0.0298138086517
0.0
0.0
0.0
0.0
0.0
-0.0631623835266
-0.07161374617
-0.0587625850528
-0.278510734716
0.0
0.0
-0.0030258190987
0.0
0.0
0.0
-0.0800480227406
0.0
0.0
0.0
0.0
0.0
0.0
0.0
0.0
0.0
-0.367279293627
0.0
-0.0620904916759
0.0
-0.11039300451
0.0
0.0
0.0
0.0
0.0
0.0
0.0
-0.00422319594474
0.0
0.0
0.0
0.0
0.0
0.0
0.0
0.0
0.0
0.0
0.0
0.0
0.0
0.0
0.0
0.0
0.0
-0.310201384687
0.0
0.0
0.0
0.0
0.0
0.0
0.0
0.0
0.0
0.155044513756
0.0
0.0
0.0
0.0
0.0
0.0
-0.00109790973363
-0.351487857931
-0.017011224428
0.0
-0.0754163342496
0.0
0.0
0.0
-0.148513299202
-0.0293880228114
0.0
-0.0106555877396
0.0
0.0
0.0
0.0
0.0
-0.00940068996852
0.0
0.0
-0.00842362698241
-0.00636385894388
0.0
-0.0174955331064
-0.0631623835266
0.0
0.0
0.0
0.0
0.0
0.0
-0.00818518978304
0.0
0.0
0.0
0.0
-0.197797829839
0.0
0.0
0.0
-0.0170407076829
0.0
0.0
-0.234876533672
0.0
0.0
0.0
-0.0369445510158
0.0
0.0
0.0
0.0
0.0
-0.0496853455288
0.0
0.0
0.289951302364
-0.289120557202
-0.365520729732
0.0
-0.0115153510904
-0.828387047675
0.0
-0.209818009913
0.0
0.0
0.0
0.0
0.0
0.0
0.0
0.0
0.0
0.0
-0.00474692584992
-0.00997152512309
0.0
0.0
0.0
-0.143073242301
0.0
-0.0476824570571
0.0
0.36105462894
-0.048679406606
-0.0467070536519
-0.0101280257439
0.0
0.0
0.0
0.0
0.0
0.0
-0.0414482355997
0.0
-0.148048139276
0.0
0.298097093456
0.662944036484
0.0
-0.0129391008244
0.0
0.0
0.0
0.0
0.0
0.0
-1.07923169409
0.0
0.0
0.0
-0.788788010901
0.0
0.0
0.0
0.0
-0.195410723499
0.0
-0.189050002722
0.0
0.0
0.0
0.0
0.0
0.0
0.0
0.0
0.0
0.0
0.0
0.0
0.0
0.0
0.0
0.0
0.0
-0.0495044330672
-0.142712466396
-0.0146365879427
0.0
0.0
-0.00158282400486
0.0
-0.00818518978304
0.0
0.0
0.0
0.0
-0.386043995172
-0.0242465738227
0.0
-0.153187424867
-0.0599767423765
0.0
0.0
0.0
0.0
0.0
0.0
0.0
0.0
-0.232901713567
-0.0107925637807
0.0
0.0
0.0
-0.26621637922
0.0
-0.340858761396
0.0
-0.539757725177
0.0
0.0
0.0
0.0
0.0
0.0
0.0
0.0
0.0
0.0
-0.130930116622
0.0
0.0
-0.433677482666
0.0
-0.673591671198
-0.669595809559
0.0
0.252711133406
0.0
-0.142017527657
0.0
0.0
0.0
-0.00810996439536
0.0
-0.00605102996914
-0.0056393972153
0.0
0.0
0.0
0.0
0.0
0.0
0.0
0.0
-0.0800832076134
0.0
0.0
0.0
0.0
0.0
0.0
0.0
0.0
0.0
0.0
0.0
0.0
0.0
0.0
0.0
0.0
0.0
0.0
0.0
0.0
0.0
0.0
0.0
0.0
-0.000642509537741
0.0
0.0
-0.0429248151529
-0.0137062070875
0.0
0.0
0.0
0.0
0.0
0.0
0.0
0.0
0.0
0.0
0.0
0.0
0.0
0.0
0.0
0.0
0.0
0.0
0.0
0.0
0.0
0.0
0.0
0.0
-0.038216707465
0.0
0.0
0.0
0.0
-0.0535107373869
0.0
0.0
0.0
0.0
0.0
0.0
0.0
0.0
0.0
0.0
0.0
-0.1787054062
0.0
0.0
0.0
-0.244966556607
-0.0926690597311
0.0
0.0
0.0
-0.0106682355287
0.0
0.0
0.0
0.0
0.0
0.0
0.0
0.0
0.0
0.0
-0.00613190749007
0.0
0.0
0.0
0.0
0.0
0.0
0.0
0.0
0.0
-0.192364966929
0.0
0.0
0.0
0.0
0.0
-0.0150446798217
0.0
0.0
-0.273555809146
-0.357069867698
-0.092217070555
0.0
0.0
-0.0946340786936
0.0
0.0
0.0
0.0
-0.175524480256
-0.0818290456491
0.0
0.0
0.0
0.0
-0.111718211638
-0.0450093769691
-0.0913355009972
-0.0224789644413
0.0
-0.172280628677
0.0
0.0
0.0
0.0
0.0
-0.028796751666
0.0
-0.474095821157
0.0
-0.322111642631
0.0
0.0
0.0
-0.0825138183735
0.0
0.0
0.0
-0.00556387631546
0.0
-0.00658200923046
-0.0495044330672
0.0
0.0
-0.0495044330672
-0.0214240503899
0.0
0.0
0.0
0.0
-0.0128215864072
0.0
0.0
0.0
0.0
0.0
0.0
0.0
-0.00593395762522
-0.0154984875647
-0.00811968328061
-0.0590584848938
0.0
0.0
0.0
0.0
0.0
-0.0428995192311
0.0
-0.0593844094045
0.0
0.0
0.0
-0.134291910526
0.0
0.0
-0.296794685175
0.0
-0.0723381100639
0.0
0.0
0.0
0.0
0.0
0.0
0.0
-0.0100906469139
-0.0325256587436
0.0
0.0
-0.0160585135337
0.0
0.0
0.0
0.0
0.0
-0.0107502841854
0.0
0.0
0.0
0.0
0.0
0.0
-0.315621028144
-0.000631771575743
0.0
-0.812611539624
0.0
0.0
0.0
-0.0648790609739
-0.10260322201
-0.001396089605
0.0
-0.0713912969336
0.0
0.0
0.0
0.0
0.0
-0.133281971834
0.0
0.0
0.0
0.0
0.0
-0.0174115872734
0.0
0.0
-0.0990088661344
0.0
0.0
0.0
0.0
0.0
0.0
0.0
-0.0129902900316
0.0
-0.0144919663691
-0.0477314368334
-0.0144100453196
0.0
-0.111923393671
-0.00293442559808
0.0
0.036169721442
-0.00170650270597
-0.0126369609724
0.0
0.0
0.0
0.0
0.0
0.0
0.0
0.0
-0.00104800086063
0.0
-0.2547244964
-0.209580845763
-0.0400589373328
-0.0168584533483
-0.021758563842
-0.698759416718
-0.0347334089029
0.0
0.0
0.0
0.0
0.0
-0.0703763461776
0.0
0.0
0.0
-0.0251630326637
0.0
-0.00504619537853
0.0
0.0
0.0
0.0
0.0
0.0
-0.0807281930242
-0.0122948876905
-0.000642509537741
-0.287685569044
0.0
-0.056261915599
-0.0807207207707
-0.0299632757513
-0.00616613934705
0.0
0.0
0.0
0.0
0.0
0.0
0.0
-0.0106983934988
-0.0129902900316
0.0
-0.105459367942
0.0
0.0
0.0
-0.196932039104
-0.0797807470789
-0.0499634691386
0.0
-0.00120569937699
-0.0532369070877
0.0
0.0
0.0
0.0
0.0
0.0
-0.0102739337949
0.0
0.0
-0.957524187199
-0.0137915982482
0.0
0.0
0.0
0.0
-0.0168584533483
0.0
-0.000806001832606
0.0
0.0
0.0
0.0
0.0
0.0
0.0
-0.0657214331635
0.0
-0.000535417554224
0.0
0.0
-0.0258274369452
0.0
0.0
0.0
0.0
0.0
-0.126651151389
0.0
0.0
0.0
0.0
0.0790559274919
0.0
0.0
0.0
0.0
-0.00996370279374
0.0
0.0
0.0
0.0
0.0
0.0
0.0
0.0
0.0
0.0
0.0
0.0
-0.200029748209
0.0
0.0
0.0
0.0
0.0
0.0
0.0
-0.227889879621
-0.232705292092
0.0
0.0
0.0
0.0
0.0
-0.135366028766
0.0
0.0
0.0
0.0
-0.2679147406
0.0
0.0
-2.47414733203
-0.0848616037711
0.0
0.0
0.0
-0.0140654788998
0.0
-0.0331191266409
-0.0886286645268
-0.00179526993767
-0.718000741902
-0.138275644376
-0.0450413398526
-0.14378242532
0.0
0.0
0.0
0.0
0.0
0.0
-0.00789062237768
0.0
0.0
-0.0495044330672
-0.013904783939
0.0
0.0
0.0
0.0
0.0
0.0
0.0
0.0
-0.798614877438
-0.0111603765539
0.0
0.0
0.0
0.0
0.0
-0.0307363032322
0.0
0.0
0.0
-0.0633763627816
-0.0244080609279
0.0
0.0
-0.0337313469836
-0.213057557273
0.0
0.0
-0.126896029497
-0.00148593321638
-0.00274222159186
0.0
-0.000810614906694
0.0
-0.0108858645673
-0.0839807939802
0.0
0.0
-0.144076123852
0.0
-0.00361722192794
0.0
0.0
0.0
0.0
-0.210089944748
0.0
0.0
0.0
0.0
-0.0469995118994
0.0
0.0
-0.00994370163836
0.0
0.0
0.0
-0.06975321398
0.0
-0.0455599658379
0.0
-0.0102664733967
-0.0046540499443
0.0
0.0
0.0
-0.0990088661344
0.0
0.0
0.0
0.0
0.0
0.0
0.0
0.0
0.0
0.0
-0.0582872963669
0.0
0.0
0.0
0.0
0.0
0.0
0.0
0.0
0.0
0.0
0.0
0.0
0.0
0.0
0.0
0.0
0.0
0.0
-0.0599767423765
0.0
-0.0110904509429
0.0
0.0
0.0
0.0
0.0
0.0
0.0
0.0
0.0
0.0
0.0
0.0
-0.0396259016735
0.0
0.0
0.0
0.0
-0.105122643917
0.0
0.0
0.0
0.0
0.0
0.0
-0.0174694909788
0.566244283945
0.0
-2.66918115677
0.0
-0.0153813206979
0.0
0.0
0.0
0.0
0.0
0.0
0.0
0.0
0.0
0.0
0.0
0.0
0.0
0.0
0.0
0.0
0.0
0.0
0.0
0.0
0.0
0.0
0.0
0.0
0.0
0.0
0.0
0.0
0.0
0.0
0.0
0.0
0.0
0.0
0.0
0.0
0.0
0.0
0.0
0.0
0.0
0.0
0.0
0.0
0.0
0.0
0.0
0.0
0.0
0.0
0.0
0.0
0.0
0.0
0.0
-0.059760004213
0.0
-0.42731514774
-0.288770709566
0.0
0.0
0.0
0.0
0.0
-0.0199481640658
0.0
0.0
-0.760255206336
0.0
0.0
0.0
0.0
-0.00606165316675
0.0
0.0
0.0
-0.0806753374237
-0.0497450024287
-0.0495044330672
0.0
0.0
0.0
0.0
0.0
0.0
-0.0118797144737
0.0
0.0
0.0
0.0
0.0
0.0
0.0
0.0
0.0
-0.23566962234
-0.0560842786796
-0.059792544609
0.0
0.0
0.0
0.0
0.0
0.0
0.0
-0.427694185802
0.0
0.0
0.0
0.0
-0.0149914894988
0.0
0.0
-2.42169149714
0.0
0.0
0.0
0.0
0.0
0.0
0.0
0.0
0.0
0.0
0.0
0.0
0.0
0.0
0.0
0.0
0.0
-0.369358973829
-0.0510965266994
0.0
-0.0495539131777
0.0
0.0
0.0
-0.226377351234
0.0
-0.438169058737
0.0
0.0
-0.00689546380391
0.0
0.0
0.0
0.0
0.0
0.0
0.0
0.0
-0.0188892176518
0.0
0.0
-0.0174694909788
0.0
0.0
0.0
0.0
0.0
0.0
0.0
0.0
0.0
0.0
0.0
-0.0018502908588
0.0
0.0
0.0
0.0
0.0
0.0
0.0
0.0
0.0
-0.0290129096635
0.0
0.0
0.0
0.0
-0.331027746373
0.0
0.0
0.0
0.0
0.0
0.0
0.0
-0.0169290804487
-0.139521803743
0.0
0.0
0.0
0.0
0.0
-0.0447008177352
0.0
-0.0168584533483
-0.164971796638
0.0
0.0
0.0
0.0
-0.0076997423636
-0.207385687793
0.0
0.0
0.0
-0.00201173704083
0.0
0.0
0.0
0.0
-0.00203435390572
0.150741543419
0.0
0.0
0.0
0.0
0.0
0.0
0.0
-0.789188285705
0.0
0.0
0.0
0.0
0.0
0.0
-0.0371454975141
0.0
-0.0270914973174
0.0
0.0
0.0
0.0
0.0
0.0
0.0
0.0
0.0
-0.0495044330672
0.0
0.0
0.0
0.0
-0.0805720630223
0.0
0.0
0.0
0.0
-0.0631623835266
0.0
0.0
-0.146184824696
0.0
-0.011735985652
0.0
-0.00972310873805
0.0
0.0
0.0
0.0
0.0
0.0
-0.00206962362952
0.0
0.0
0.0
0.0
0.0
0.0
0.0
0.0
0.0
0.0
0.0
-0.00789955831274
0.0
0.0
0.0
0.0
-0.00186487548168
0.0
0.0
-0.358499256175
-0.540607326806
0.0
0.0
0.0
0.0
0.0
0.0
0.0
0.0
0.0
0.0
0.0
0.0
0.0
0.0
-0.0406754993543
0.0
-0.0603894574395
-0.0295864472585
-0.0209572130641
-0.124445943292
0.0
0.0
0.0
0.0
0.0
0.0
0.0
0.0
0.0
0.0
0.0
0.0
0.0
0.0
0.0
0.0
0.0
-0.622404006691
0.0
0.0
0.0
0.0
0.0
-0.000631771575743
0.0
0.0
0.0
0.0
0.0
0.0
0.0
0.0
0.0
-0.0261780605371
0.0
0.0
0.0
0.0
0.0
0.0
0.0
0.0
0.0
0.0
-0.00144593620468
0.0
0.0
-0.246967381314
0.0
0.0
0.0
-0.0254735648063
0.0
0.0
0.0
0.0
0.0
0.0
0.0
0.0
0.0
-0.00241834629726
-0.148679811432
0.0
-0.259056682369
0.0
0.0
0.0
0.0
0.0
-0.0455341506885
-0.00685770411132
0.0
0.0
-0.0115008174475
0.0
0.0
-0.0306180745927
0.0
0.0
0.0
0.0
0.0
0.0
0.0
0.0
0.0
0.0
0.0
0.0
0.0
0.0
0.0
0.0
0.0
0.0
0.0
0.0
0.0
0.0
0.0
0.0
0.0
0.0
-0.0632688181947
0.0
0.0
-0.0371383018069
-0.00204747368012
-0.0926690597311
0.0
0.0
-2.44625250135
0.0
0.0
-0.00494872721777
0.0
0.0
0.0
0.0
0.0
0.0
0.0
-0.480683999144
0.0
0.0
0.0
0.278724575747
0.0
0.0
-0.0321628201548
0.0
0.0
-0.328553895304
0.0
-0.0804596407167
0.0
0.0
0.0
0.0
0.0
0.0
-0.0016511450083
-0.00673600547365
0.0
0.0
0.0
-0.074310749631
0.0
-0.176985949844
0.0
0.0
0.0
0.0
0.0
0.0
0.0
0.0
0.0
-0.10361382963
0.0
0.0
0.0
0.0
0.0
0.0
0.0
0.0
0.0
0.0
0.0
0.0
0.0
-0.0144919663691
0.0
0.0
0.0
0.0
0.0
0.0
0.0
0.0
0.0
0.0
-0.0168584533483
0.0
0.0
0.0
-0.327359138477
0.0
-0.117094698346
0.0
0.365951099046
-0.013904783939
-0.136842909881
-0.0649264974941
0.0
0.0
0.0
-0.00170090023665
0.0
0.0
-0.0102599311043
-0.00737705964123
-0.00168682303965
0.0
0.0
0.0
0.0
0.0
0.0
0.0
0.0
0.0
0.0
0.0
0.0
-0.076692809758
0.0
0.0
0.0
0.0
0.0
0.0
0.0
0.0
0.0
0.0
0.0
0.0
0.0
0.0
0.0
-0.0306387032178
0.0
0.0
0.0
0.0
0.0
0.0
0.0
0.0
-0.0365956604024
0.0
0.0
0.0
0.0
0.0
0.0
-0.0129902900316
-0.0117263649849
0.0
0.0
0.0
0.0
0.0
-0.422410034658
-0.00993808010074
0.0
0.0
0.0
0.0
0.0
-0.0439434804977
0.0
0.0
0.0
0.0
0.0
0.0
-0.0610532397636
0.0
0.0
0.0
0.0
0.0
0.0
0.0
0.0
0.0
0.0
0.0
-0.131230013045
0.0
0.0
0.0
0.0
0.130883203194
0.0
0.0
0.0
-0.258802986744
0.0
-0.0152446035663
-0.00879727408511
0.0
0.0
0.0
0.0
0.0
0.0
-0.00996182053534
0.0
0.0
-0.010368507551
0.0
-0.00104800086063
0.0
0.0
0.0
0.0
0.0
0.0
0.0
0.0
0.0
0.0
0.0
0.0
-0.351187789487
0.0
0.0
0.0
0.0
0.275660085371
0.0
0.0
-0.00799439597096
0.0
-0.0158019543768
0.0
0.0
0.0
0.0
0.0
0.0
-0.086155895858
0.0
0.0
0.0
-0.00376413221578
0.0
0.0
0.0
0.176721554056
0.0
-0.519169841722
0.0
0.0
-0.046514188347
0.0
0.0
0.0
0.186492182533
0.0
0.0
0.0
0.0
0.0
-0.459868889457
0.0
0.0
-2.42169149714
-0.0990088661344
0.0
0.0
0.0
0.0
0.0
0.0
0.0
-0.202986204404
0.0
0.0
0.0
0.0
0.0
0.0
-0.138855007918
-0.000631771575743
0.0
-0.10180137398
0.0
-0.0157443802399
0.0
0.0
-0.0112051854243
0.0
0.0
0.0
-0.0088172068524
0.0
0.0
0.0
0.0
0.0
0.0
-0.00734972682776
0.0
0.0
0.0
0.0
0.0
0.0
0.0
0.0
0.0
0.0
0.0
0.0
0.0
0.0
0.0
0.0
0.0
0.0
0.0
-0.196932039104
0.0
0.0
0.0
0.0
0.0
-0.00236016617896
0.0
0.395000751044
-0.163970824933
0.0
-0.0651229307114
0.0
0.0
0.0
0.0
0.0
-0.301213744568
-0.0990088661344
0.0
-0.0169294850138
0.0
0.0
0.0
0.0
0.0
0.0
0.0
-0.00782831912796
0.0
-0.021638847162
0.0
0.0
0.0
0.0
0.0
0.0
0.0
-0.181049820781
0.0
-0.0432143371671
0.0
-0.0380702730683
0.0
-0.322672805698
0.0
0.0
0.0
-0.0462710392391
0.0
0.0
-0.0987252863189
0.0
0.0
0.0
-0.0864568994309
0.0
0.0
0.0
-0.00839736685998
-0.0058751465508
-0.0253464232551
0.0
0.0
0.0
0.0
0.0
0.0
0.0
0.0
0.0
-0.0830976438318
0.0
0.0
0.0
0.0
-0.00464148110711
0.0
0.0
0.0
-0.0252991214058
-0.140918549895
0.0
0.0
0.0
0.0
-0.198593526887
0.0
-0.000648445026757
-0.000621375207252
0.0
-5.14574508501
0.0
0.0
0.0
0.0
0.0
0.0
0.0
0.0
0.0
0.0
0.0
-0.00504619537853
-0.0489369869447
-0.0175945481702
0.0
-0.0225058923555
-0.379355211761
0.0
0.0
-0.00742309082666
0.0
0.0
0.0
0.0
0.0
0.0
0.0
0.0
0.0
0.0
0.0
0.0
0.0
0.0
0.0
0.0
-0.0715668511294
0.0
-0.0175849102881
0.0
0.0
0.0
0.0
0.0
0.0
0.0
0.0
0.0
-1.11483047378
0.0
0.0
0.0
0.0
-0.0168584533483
0.0
0.0
0.0
0.0
-0.00799717632609
0.0
-0.164785656352
-0.00423625002804
0.0
0.0
0.0
0.0
-0.0506497394899
0.0
-0.0472973250783
0.0
0.0
-0.234183875932
-0.0495044330672
0.0
0.0
-0.135339361464
0.0
0.0
0.0
0.0
-0.067221479901
0.0
-0.0167579797654
0.0
-0.00115198750554
-0.0283442444772
0.0
0.0
0.0
0.0
0.0
-0.0113752477222
0.0
0.0
0.0
-0.0546516689732
0.0
0.0
0.0
0.0
0.0
0.0
-0.0932966184085
0.0
0.0
0.0
-0.439460104723
0.0
0.0
0.0
0.0
0.0
0.0
0.0
0.0
0.0
-0.0462237643065
0.0
0.0
-0.425058544811
0.0
-0.0292111392148
0.0
0.0
-0.0452115342403
0.0
0.0
0.0
0.0
0.0
0.0
-0.0514667141257
-0.00663213589276
0.0
0.0
-0.314196832034
0.0
0.0
0.0
0.0
0.0
0.0
0.0
0.0
0.0
0.0
0.0
-0.014920950605
0.0
0.0
0.0
-0.041693598409
0.0
0.0
0.186492182533
0.0
-0.00972310873805
0.0
0.0
-0.115809183386
0.0
0.0
0.0
-0.0812443133808
0.108782476471
0.0
0.211340247765
-0.00466547707014
0.0
0.0
0.0
0.0
0.0
0.0
-0.00935977715684
0.0
0.0
0.0
0.0
-0.128679409779
-0.0204350307528
0.0
0.0
-0.00802589912642
0.0
0.0
-0.0221636785595
0.0
0.0
0.0
0.0
0.0
0.0
0.0
0.0
0.0
-0.0540449227246
0.0
-0.0523761935003
-0.111487283216
0.0
0.0
0.0
0.0
0.0
0.0
0.0
0.0
0.0
0.0
0.0
0.0
0.0
0.0
0.0
0.0
0.0
0.0
0.0
0.0
0.0
0.0
0.0
0.0
0.0
0.0
0.0
0.0
0.0
0.0
0.0
0.0
0.0
0.0
0.0
0.0
0.0
0.0
0.0
0.0
0.0
0.0
0.0
0.0
0.0
0.0
0.0
0.0
0.0
0.0
0.0
0.0
0.0
0.0
0.0
0.0
0.0
0.0
0.0
0.0
0.0
0.0
0.0
0.0
0.0
0.0
0.0
0.0
0.0
0.0
0.0
0.0
0.0
0.0
0.0
0.0
0.0
0.0
0.0
0.0
0.0
0.0
0.0
0.0
0.0
0.0
0.0
0.0
0.0
0.0
0.0
0.0
0.0
0.0
0.0
0.0
0.0
0.0
0.0
0.0
0.0
0.0
0.0
0.0
0.0
0.0
0.0
0.0
0.0
0.0
0.0
0.0
0.0
0.0
0.0
0.0
0.0
0.0
0.0
0.0
0.0
0.0
0.0
0.0
0.0
0.0
0.0
0.0
0.0
0.0
0.0
0.0
0.0
0.0
0.0
0.0
0.0
0.0
0.0
0.0
0.0
0.0
0.0
0.0
0.0
0.0
0.0
0.0
0.0
0.0
0.0
0.0
0.0
0.0
0.0
0.0
0.0
0.0
0.0
0.0
0.0
0.0
0.0
0.0
0.0
0.0
0.0
0.0
0.0
0.0
0.0
0.0
0.0
0.0
0.0
0.0
0.0
0.0
0.0
0.0
0.0
0.0
0.0
0.0
0.0
0.0
0.0
0.0
0.0
0.0
0.0
0.0
0.0
0.0
0.0
0.0
0.0
0.0
0.0
0.0
0.0
0.0
0.0
0.0
0.0
0.0
0.0
0.0
0.0
0.0
0.0
0.0
0.0
0.0
0.0
0.0
0.0
0.0
0.0
0.0
0.0
0.0
0.0
0.0
0.0
0.0
0.0
0.0
0.0
0.0
0.0
0.0
0.0
0.0
0.0
0.0
0.0
0.0
0.0
0.0
0.0
0.0
0.0
0.0
0.0
0.0
0.0
0.0
0.0
0.0
0.0
0.0
0.0
0.0
0.0
0.0
0.0
0.0
0.0
0.0
0.0
0.0
0.0
0.0
0.0
0.0
0.0
0.0
0.0
0.0
0.0
0.0
0.0
0.0
0.0
0.0
0.0
0.0
0.0
0.0
0.0
0.0
0.0
0.0
0.0
0.0
0.0
0.0
0.0
0.0
0.0
0.0
0.0
0.0
0.0
0.0
0.0
0.0
0.0
0.0
0.0
0.0
0.0
0.0
0.0
0.0
0.0
0.0
0.0
0.0
0.0
0.0
0.0
0.0
0.0
0.0
0.0
0.0
0.0
0.0
0.0
0.0
0.0
0.0
0.0
0.0
0.0
0.0
0.0
0.0
0.0
0.0
0.0
0.0
0.0
0.0
0.0
0.0
0.0
0.0
0.0
0.0
0.0
0.0
0.0
0.0
0.0
0.0
0.0
0.0
0.0
0.0
0.0
0.0
0.0
0.0
0.0
0.0
0.0
0.0
0.0
0.0
0.0
0.0
0.0
0.0
0.0
0.0
0.0
0.0
0.0
0.0
0.0
0.0
0.0
0.0
0.0
0.0
0.0
0.0
0.0
0.0
0.0
0.0
0.0
0.0
0.0
0.0
0.0
0.0
0.0
0.0
0.0
0.0
0.0
0.0
0.0
0.0
0.0
0.0
0.0
0.0
0.0
0.0
0.0
0.0
0.0
0.0
0.0
0.0
0.0
0.0
0.0
0.0
0.0
0.0
0.0
0.0
0.0
0.0
0.0
0.0
0.0
0.0
0.0
0.0
0.0
0.0
0.0
0.0
0.0
0.0
0.0
0.0
0.0
0.0
0.0
0.0
0.0
0.0
0.0
0.0
0.0
0.0
0.0
0.0
0.0
0.0
0.0
0.0
0.0
0.0
0.0
0.0
0.0
0.0
0.0
0.0
0.0
0.0
0.0
0.0
0.0
0.0
0.0
0.0
0.0
0.0
0.0
0.0
0.0
0.0
0.0
0.0
0.0
0.0
0.0
0.0
0.0
0.0
0.0
0.0
0.0
0.0
0.0
0.0
0.0
0.0
0.0
0.0
0.0
0.0
0.0
0.0
0.0
0.0
0.0
0.0
0.0
0.0
0.0
0.0
0.0
0.0
0.0
0.0
0.0
0.0
0.0
0.0
0.0
0.0
0.0
0.0
0.0
0.0
0.0
0.0
0.0
0.0
0.0
0.0
0.0
0.0
0.0
0.0
0.0
0.0
0.0
0.0
0.0
0.0
0.0
0.0
0.0
0.0
0.0
0.0
0.0
0.0
0.0
0.0
0.0
0.0
0.0
0.0
0.0
0.0
0.0
0.0
0.0
0.0
0.0
0.0
0.0
0.0
0.0
0.0
0.0
0.0
0.0
0.0
0.0
0.0
0.0
0.0
0.0
0.0
0.0
0.0
0.0
0.0
0.0
0.0
0.0
0.0
0.0
0.0
0.0
0.0
0.0
0.0
0.0
0.0
0.0
0.0
0.0
0.0
0.0
0.0
0.0
0.0
0.0
0.0
0.0
0.0
0.0
0.0
0.0
0.0
0.0
0.0
0.0
0.0
0.0
0.0
0.0
0.0
0.0
0.0
0.0
0.0
0.0
0.0
0.0
0.0
0.0
0.0
0.0
0.0
0.0
0.0
0.0
0.0
0.0
0.0
0.0
0.0
0.0
0.0
0.0
0.0
0.0
0.0
0.0
0.0
0.0
0.0
0.0
0.0
0.0
0.0
0.0
0.0
0.0
0.0
0.0
0.0
0.0
0.0
0.0
0.0
0.0
0.0
0.0
0.0
0.0
0.0
0.0
0.0
0.0
0.0
0.0
0.0
0.0
0.0
0.0
0.0
0.0
0.0
0.0
0.0
0.0
0.0
0.0
0.0
0.0
0.0
0.0
0.0
0.0
0.0
0.0
0.0
0.0
0.0
0.0
0.0
0.0
0.0
0.0
0.0
0.0
0.0
0.0
0.0
0.0
0.0
0.0
0.0
0.0
0.0
0.0
0.0
0.0
0.0
0.0
0.0
0.0
0.0
0.0
0.0
0.0
0.0
0.0
0.0
0.0
0.0
0.0
0.0
0.0
0.0
0.0
0.0
0.0
0.0
0.0
0.0
0.0
0.0
0.0
0.0
0.0
0.0
0.0
0.0
0.0
0.0
0.0
0.0
0.0
0.0
0.0
0.0
0.0
0.0
0.0
0.0
0.0
0.0
0.0
0.0
0.0
0.0
0.0
0.0
0.0
0.0
0.0
0.0
0.0
0.0
0.0
0.0
0.0
0.0
0.0
0.0
0.0
0.0
0.0
0.0
0.0
0.0
0.0
0.0
0.0
0.0
0.0
0.0
0.0
0.0
0.0
0.0
0.0
0.0
0.0
0.0
0.0
0.0
0.0
0.0
0.0
0.0
0.0
0.0
0.0
0.0
0.0
0.0
0.0
0.0
0.0
0.0
0.0
0.0
0.0
0.0
0.0
0.0
0.0
0.0
0.0
0.0
0.0
0.0
0.0
0.0
0.0
0.0
0.0
0.0
0.0
0.0
0.0
0.0
0.0
0.0
0.0
0.0
0.0
0.0
0.0
0.0
0.0
0.0
0.0
0.0
0.0
0.0
0.0
0.0
0.0
0.0
0.0
0.0
0.0
0.0
0.0
0.0
0.0
0.0
0.0
0.0
0.0
0.0
0.0
0.0
0.0
0.0
0.0
0.0
0.0
0.0
0.0
0.0
0.0
0.0
0.0
0.0
0.0
0.0
0.0
0.0
0.0
0.0
0.0
0.0
0.0
0.0
0.0
0.0
0.0
0.0
0.0
0.0
0.0
0.0
0.0
0.0
0.0
0.0
0.0
0.0
0.0
0.0
0.0
0.0
0.0
0.0
0.0
0.0
0.0
0.0
0.0
0.0
0.0
0.0
0.0
0.0
0.0
0.0
0.0
0.0
0.0
0.0
0.0
0.0
0.0
0.0
0.0
0.0
0.0
0.0
0.0
0.0
0.0
0.0
0.0
0.0
0.0
0.0
0.0
0.0
0.0
0.0
0.0
0.0
0.0
0.0
0.0
0.0
0.0
0.0
0.0
0.0
0.0
0.0
0.0
0.0
0.0
0.0
0.0
0.0
0.0
0.0
0.0
0.0
0.0
0.0
0.0
0.0
0.0
0.0
0.0
0.0
0.0
0.0
0.0
0.0
0.0
0.0
0.0
0.0
0.0
0.0
0.0
0.0
0.0
0.0
0.0
0.0
0.0
0.0
0.0
0.0
0.0
0.0
0.0
0.0
0.0
0.0
0.0
0.0
0.0
0.0
0.0
0.0
0.0
0.0
0.0
0.0
0.0
0.0
0.0
0.0
0.0
0.0
0.0
0.0
0.0
0.0
0.0
0.0
0.0
0.0
0.0
0.0
0.0
0.0
0.0
0.0
0.0
0.0
0.0
0.0
0.0
0.0
0.0
0.0
0.0
0.0
0.0
0.0
0.0
0.0
0.0
0.0
0.0
0.0
0.0
0.0
0.0
0.0
0.0
0.0
0.0
0.0
0.0
0.0
0.0
0.0
0.0
0.0
0.0
0.0
0.0
0.0
0.0
0.0
0.0
0.0
0.0
0.0
0.0
0.0
0.0
0.0
0.0
0.0
0.0
0.0
0.0
0.0
0.0
0.0
0.0
0.0
0.0
0.0
0.0
0.0
0.0
0.0
0.0
0.0
0.0
0.0
0.0
0.0
0.0
0.0
0.0
0.0
0.0
0.0
0.0
0.0
0.0
0.0
0.0
0.0
0.0
0.0
0.0
0.0
0.0
0.0
0.0
0.0
0.0
0.0
0.0
0.0
0.0
0.0
0.0
0.0
0.0
0.0
0.0
0.0
0.0
0.0
0.0
0.0
0.0
0.0
0.0
0.0
0.0
0.0
0.0
0.0
0.0
0.0
0.0
0.0
0.0
0.0
0.0
0.0
0.0
0.0
0.0
0.0
0.0
0.0
0.0
0.0
0.0
0.0
0.0
0.0
0.0
0.0
0.0
0.0
0.0
0.0
0.0
0.0
0.0
0.0
0.0
0.0
0.0
0.0
0.0
0.0
0.0
0.0
0.0
0.0
0.0
0.0
0.0
0.0
0.0
0.0
0.0
0.0
0.0
0.0
0.0
0.0
0.0
0.0
0.0
0.0
0.0
0.0
0.0
0.0
0.0
0.0
0.0
0.0
0.0
0.0
0.0
0.0
0.0
0.0
0.0
0.0
0.0
0.0
0.0
0.0
0.0
0.0
0.0
0.0
0.0
0.0
0.0
0.0
0.0
0.0
0.0
0.0
0.0
0.0
0.0
0.0
0.0
0.0
0.0
0.0
0.0
0.0
0.0
0.0
0.0
0.0
0.0
0.0
0.0
0.0
0.0
0.0
0.0
0.0
0.0
0.0
0.0
0.0
0.0
0.0
0.0
0.0
0.0
0.0
0.0
0.0
0.0
0.0
0.0
0.0
0.0
0.0
0.0
0.0
0.0
0.0
0.0
0.0
0.0
0.0
0.0
0.0
0.0
0.0
0.0
0.0
0.0
0.0
0.0
0.0
0.0
0.0
0.0
0.0
0.0
0.0
0.0
0.0
0.0
0.0
0.0
0.0
0.0
0.0
0.0
0.0
0.0
0.0
0.0
0.0
0.0
0.0
0.0
0.0
0.0
0.0
0.0
0.0
0.0
0.0
0.0
0.0
0.0
0.0
0.0
0.0
0.0
0.0
0.0
0.0
0.0
0.0
0.0
0.0
0.0
0.0
0.0
0.0
0.0
0.0
0.0
0.0
0.0
0.0
0.0
0.0
0.0
0.0
0.0
0.0
0.0
0.0
0.0
0.0
0.0
0.0
0.0
0.0
0.0
0.0
0.0
0.0
0.0
0.0
0.0
0.0
0.0
0.0
0.0
0.0
0.0
0.0
0.0
0.0
0.0
0.0
0.0
0.0
0.0
0.0
0.0
0.0
0.0
0.0
0.0
0.0
0.0
0.0
0.0
0.0
0.0
0.0
0.0
0.0
0.0
0.0
0.0
0.0
0.0
0.0
0.0
0.0
0.0
0.0
0.0
0.0
0.0
0.0
0.0
0.0
0.0
0.0
0.0
0.0
0.0
0.0
0.0
0.0
0.0
0.0
0.0
0.0
0.0
0.0
0.0
0.0
0.0
0.0
0.0
0.0
0.0
0.0
0.0
0.0
0.0
0.0
0.0
0.0
0.0
0.0
0.0
0.0
0.0
0.0
0.0
0.0
0.0
0.0
0.0
0.0
0.0
0.0
0.0
0.0
0.0
0.0
0.0
0.0
0.0
0.0
0.0
0.0
0.0
0.0
0.0
0.0
0.0
0.0
0.0
0.0
0.0
0.0
0.0
0.0
0.0
0.0
0.0
0.0
0.0
0.0
0.0
0.0
0.0
0.0
0.0
0.0
0.0
0.0
0.0
0.0
0.0
0.0
0.0
0.0
0.0
0.0
0.0
0.0
0.0
0.0
0.0
0.0
0.0
0.0
0.0
0.0
0.0
0.0
0.0
0.0
0.0
0.0
0.0
0.0
0.0
0.0
0.0
0.0
0.0
0.0
0.0
0.0
0.0
0.0
0.0
0.0
0.0
0.0
0.0
0.0
0.0
0.0
0.0
0.0
0.0
0.0
0.0
0.0
0.0
0.0
0.0
0.0
0.0
0.0
0.0
0.0
0.0
0.0
0.0
0.0
0.0
0.0
0.0
0.0
0.0
0.0
0.0
0.0
0.0
0.0
0.0
0.0
0.0
0.0
0.0
0.0
0.0
0.0
0.0
0.0
0.0
0.0
0.0
0.0
0.0
0.0
0.0
0.0
0.0
0.0
0.0
0.0
0.0
0.0
0.0
0.0
0.0
0.0
0.0
0.0
0.0
0.0
0.0
0.0
0.0
0.0
0.0
0.0
0.0
0.0
0.0
0.0
0.0
0.0
0.0
0.0
0.0
0.0
0.0
0.0
0.0
0.0
0.0
0.0
0.0
0.0
0.0
0.0
0.0
0.0
0.0
0.0
0.0
0.0
0.0
0.0
0.0
0.0
0.0
0.0
0.0
0.0
0.0
0.0
0.0
0.0
0.0
0.0
0.0
0.0
0.0
0.0
0.0
0.0
0.0
0.0
0.0
0.0
0.0
0.0
0.0
0.0
0.0
0.0
0.0
0.0
0.0
0.0
0.0
0.0
0.0
0.0
0.0
0.0
0.0
0.0
0.0
0.0
0.0
0.0
0.0
0.0
0.0
0.0
0.0
0.0
0.0
0.0
0.0
0.0
0.0
0.0
0.0
0.0
0.0
0.0
0.0
0.0
0.0
0.0
0.0
0.0
0.0
0.0
0.0
0.0
0.0
0.0
0.0
0.0
0.0
0.0
0.0
0.0
0.0
0.0
0.0
0.0
0.0
0.0
0.0
0.0
0.0
0.0
0.0
0.0
0.0
0.0
0.0
0.0
0.0
0.0
0.0
0.0
0.0
0.0
0.0
0.0
0.0
0.0
0.0
0.0
0.0
0.0
0.0
0.0
0.0
0.0
0.0
0.0
0.0
0.0
0.0
0.0
0.0
0.0
0.0
0.0
0.0
0.0
0.0
0.0
0.0
0.0
0.0
0.0
0.0
0.0
0.0
0.0
0.0
0.0
0.0
0.0
0.0
0.0
0.0
0.0
0.0
0.0
0.0
0.0
0.0
0.0
0.0
0.0
0.0
0.0
0.0
0.0
0.0
0.0
0.0
0.0
0.0
0.0
0.0
0.0
0.0
0.0
0.0
0.0
0.0
0.0
0.0
0.0
0.0
0.0
0.0
0.0
0.0
0.0
0.0
0.0
0.0
0.0
0.0
0.0
0.0
0.0
0.0
0.0
0.0
0.0
0.0
0.0
0.0
0.0
0.0
0.0
0.0
0.0
0.0
0.0
0.0
0.0
0.0
0.0
0.0
0.0
0.0
0.0
0.0
0.0
0.0
0.0
0.0
0.0
0.0
0.0
0.0
0.0
0.0
0.0
0.0
0.0
0.0
0.0
0.0
0.0
0.0
0.0
0.0
0.0
0.0
0.0
0.0
0.0
0.0
0.0
0.0
0.0
0.0
0.0
0.0
0.0
0.0
0.0
0.0
0.0
0.0
0.0
0.0
0.0
0.0
0.0
0.0
0.0
0.0
0.0
0.0
0.0
0.0
0.0
0.0
0.0
0.0
0.0
0.0
0.0
0.0
0.0
0.0
0.0
0.0
0.0
0.0
0.0
0.0
0.0
0.0
0.0
0.0
0.0
0.0
0.0
0.0
0.0
0.0
0.0
0.0
0.0
0.0
0.0
0.0
0.0
0.0
0.0
0.0
0.0
0.0
0.0
0.0
0.0
0.0
0.0
0.0
0.0
0.0
0.0
0.0
0.0
0.0
0.0
0.0
0.0
0.0
0.0
0.0
0.0
0.0
0.0
0.0
0.0
0.0
0.0
0.0
0.0
0.0
0.0
0.0
0.0
0.0
0.0
0.0
0.0
0.0
0.0
0.0
0.0
0.0
0.0
0.0
0.0
0.0
0.0
0.0
0.0
0.0
0.0
0.0
0.0
0.0
0.0
0.0
0.0
0.0
0.0
0.0
0.0
0.0
0.0
0.0
0.0
0.0
0.0
0.0
0.0
0.0
0.0
0.0
0.0
0.0
0.0
0.0
0.0
0.0
0.0
0.0
0.0
0.0
0.0
0.0
0.0
0.0
0.0
0.0
0.0
0.0
0.0
0.0
0.0
0.0
0.0
0.0
0.0
0.0
0.0
0.0
0.0
0.0
0.0
0.0
0.0
0.0
0.0
0.0
0.0
0.0
0.0
0.0
0.0
0.0
0.0
0.0
0.0
0.0
0.0
0.0
0.0
0.0
0.0
0.0
0.0
0.0
0.0
0.0
0.0
0.0
0.0
0.0
0.0
0.0
0.0
0.0
0.0
0.0
0.0
0.0
0.0
0.0
0.0
0.0
0.0
0.0
0.0
0.0
0.0
0.0
0.0
0.0
0.0
0.0
0.0
0.0
0.0
0.0
0.0
0.0
0.0
0.0
0.0
0.0
0.0
0.0
0.0
0.0
0.0
0.0
0.0
0.0
0.0
0.0
0.0
0.0
0.0
0.0
0.0
0.0
0.0
0.0
0.0
0.0
0.0
0.0
0.0
0.0
0.0
0.0
0.0
0.0
0.0
0.0
0.0
0.0
0.0
0.0
0.0
0.0
0.0
0.0
0.0
0.0
0.0
0.0
0.0
0.0
0.0
0.0
0.0
0.0
0.0
0.0
0.0
0.0
0.0
0.0
0.0
0.0
0.0
0.0
0.0
0.0
0.0
0.0
0.0
0.0
0.0
0.0
0.0
0.0
0.0
0.0
0.0
0.0
0.0
0.0
0.0
0.0
0.0
0.0
0.0
0.0
0.0
0.0
0.0
0.0
0.0
0.0
0.0
0.0
0.0
0.0
0.0
0.0
0.0
0.0
0.0
0.0
0.0
0.0
0.0
0.0
0.0
0.0
0.0
0.0
0.0
0.0
0.0
0.0
0.0
0.0
0.0
0.0
0.0
0.0
0.0
0.0
0.0
0.0
0.0
0.0
0.0
0.0
0.0
0.0
0.0
0.0
0.0
0.0
0.0
0.0
0.0
0.0
0.0
0.0
0.0
0.0
0.0
0.0
0.0
0.0
0.0
0.0
0.0
0.0
0.0
0.0
0.0
0.0
0.0
0.0
0.0
0.0
0.0
0.0
0.0
0.0
0.0
0.0
0.0
0.0
0.0
0.0
0.0
0.0
0.0
0.0
0.0
0.0
0.0
0.0
0.0
0.0
0.0
0.0
0.0
0.0
0.0
0.0
0.0
0.0
0.0
0.0
0.0
0.0
0.0
0.0
0.0
0.0
0.0
0.0
0.0
0.0
0.0
0.0
0.0
0.0
0.0
0.0
0.0
0.0
0.0
0.0
0.0
0.0
0.0
0.0
0.0
0.0
0.0
0.0
0.0
0.0
0.0
0.0
0.0
0.0
0.0
0.0
0.0
0.0
0.0
0.0
0.0
0.0
0.0
0.0
0.0
0.0
0.0
0.0
0.0
0.0
0.0
0.0
0.0
0.0
0.0
0.0
0.0
0.0
0.0
0.0
0.0
0.0
0.0
0.0
0.0
0.0
0.0
0.0
0.0
0.0
0.0
0.0
0.0
0.0
0.0
0.0
0.0
0.0
0.0
0.0
0.0
0.0
0.0
0.0
0.0
0.0
0.0
0.0
0.0
0.0
0.0
0.0
0.0
0.0
0.0
0.0
0.0
0.0
0.0
0.0
0.0
0.0
0.0
0.0
0.0
0.0
0.0
0.0
0.0
0.0
0.0
0.0
0.0
0.0
0.0
0.0
0.0
0.0
0.0
0.0
0.0
0.0
0.0
0.0
0.0
0.0
0.0
0.0
0.0
0.0
0.0
0.0
0.0
0.0
0.0
0.0
0.0
0.0
0.0
0.0
0.0
0.0
0.0
0.0
0.0
0.0
0.0
0.0
0.0
0.0
0.0
0.0
0.0
0.0
0.0
0.0
0.0
0.0
0.0
0.0
0.0
0.0
0.0
0.0
0.0
0.0
0.0
0.0
0.0
0.0
0.0
0.0
0.0
0.0
0.0
0.0
0.0
0.0
0.0
0.0
0.0
0.0
0.0
0.0
0.0
0.0
0.0
0.0
0.0
0.0
0.0
0.0
0.0
0.0
0.0
0.0
0.0
0.0
0.0
0.0
0.0
0.0
0.0
0.0
0.0
0.0
0.0
0.0
0.0
0.0
0.0
0.0
0.0
0.0
0.0
0.0
0.0
0.0
0.0
0.0
0.0
0.0
0.0
0.0
0.0
0.0
0.0
0.0
0.0
0.0
0.0
0.0
0.0
0.0
0.0
0.0
0.0
0.0
0.0
0.0
0.0
0.0
0.0
0.0
0.0
0.0
0.0
0.0
0.0
0.0
0.0
0.0
0.0
0.0
0.0
0.0
0.0
0.0
0.0
0.0
0.0
0.0
0.0
0.0
0.0
0.0
0.0
0.0
0.0
0.0
0.0
0.0
0.0
0.0
0.0
0.0
0.0
0.0
0.0
0.0
0.0
0.0
0.0
0.0
0.0
0.0
0.0
0.0
0.0
0.0
0.0
0.0
0.0
0.0
0.0
0.0
0.0
0.0
0.0
0.0
0.0
0.0
0.0
0.0
0.0
0.0
0.0
0.0
0.0
0.0
0.0
0.0
0.0
0.0
0.0
0.0
0.0
0.0
0.0
0.0
0.0
0.0
0.0
0.0
0.0
0.0
0.0
0.0
0.0
0.0
0.0
0.0
0.0
0.0
0.0
0.0
0.0
0.0
0.0
0.0
0.0
0.0
0.0
0.0
0.0
0.0
0.0
0.0
0.0
0.0
0.0
0.0
0.0
0.0
0.0
0.0
0.0
0.0
0.0
0.0
0.0
0.0
0.0
0.0
0.0
0.0
0.0
0.0
0.0
0.0
0.0
0.0
0.0
0.0
0.0
0.0
0.0
0.0
0.0
0.0
0.0
0.0
0.0
0.0
0.0
0.0
0.0
0.0
0.0
0.0
0.0
0.0
0.0
0.0
0.0
0.0
0.0
0.0
0.0
0.0
0.0
0.0
0.0
0.0
0.0
0.0
0.0
0.0
0.0
0.0
0.0
0.0
0.0
0.0
0.0
0.0
0.0
0.0
0.0
0.0
0.0
0.0
0.0
0.0
0.0
0.0
0.0
0.0
0.0
0.0
0.0
0.0
0.0
0.0
0.0
0.0
0.0
0.0
0.0
0.0
0.0
0.0
0.0
0.0
0.0
0.0
0.0
0.0
0.0
0.0
0.0
0.0
0.0
0.0
0.0
0.0
0.0
0.0
0.0
0.0
0.0
0.0
0.0
0.0
0.0
0.0
0.0
0.0
0.0
0.0
0.0
0.0
0.0
0.0
0.0
0.0
0.0
0.0
0.0
0.0
0.0
0.0
0.0
0.0
0.0
0.0
0.0
0.0
0.0
0.0
0.0
0.0
0.0
0.0
0.0
0.0
0.0
0.0
0.0
0.0
0.0
0.0
0.0
0.0
0.0
0.0
0.0
0.0
0.0
0.0
0.0
0.0
0.0
0.0
0.0
0.0
0.0
0.0
0.0
0.0
0.0
0.0
0.0
0.0
0.0
0.0
0.0
0.0
0.0
0.0
0.0
0.0
0.0
0.0
0.0
0.0
0.0
0.0
0.0
0.0
0.0
0.0
0.0
0.0
0.0
0.0
0.0
0.0
0.0
0.0
0.0
0.0
0.0
0.0
0.0
0.0
0.0
0.0
0.0
0.0
0.0
0.0
0.0
0.0
0.0
0.0
0.0
0.0
0.0
0.0
0.0
0.0
0.0
0.0
0.0
0.0
0.0
0.0
0.0
0.0
0.0
0.0
0.0
0.0
0.0
0.0
0.0
0.0
0.0
0.0
0.0
0.0
0.0
0.0
0.0
0.0
0.0
0.0
0.0
0.0
0.0
0.0
0.0
0.0
0.0
0.0
0.0
0.0
0.0
0.0
0.0
0.0
0.0
0.0
0.0
0.0
0.0
0.0
0.0
0.0
0.0
0.0
0.0
0.0
0.0
0.0
0.0
0.0
0.0
0.0
0.0
0.0
0.0
0.0
0.0
0.0
0.0
0.0
0.0
0.0
0.0
0.0
0.0
0.0
0.0
0.0
0.0
0.0
0.0
0.0
0.0
0.0
0.0
0.0
0.0
0.0
0.0
0.0
0.0
0.0
0.0
0.0
0.0
0.0
0.0
0.0
0.0
0.0
0.0
0.0
0.0
0.0
0.0
0.0
0.0
0.0
0.0
0.0
0.0
0.0
0.0
0.0
0.0
0.0
0.0
0.0
0.0
0.0
0.0
0.0
0.0
0.0
0.0
0.0
0.0
0.0
0.0
0.0
0.0
0.0
0.0
0.0
0.0
0.0
0.0
0.0
0.0
0.0
0.0
0.0
0.0
0.0
0.0
0.0
0.0
0.0
0.0
0.0
0.0
0.0
0.0
0.0
0.0
0.0
0.0
0.0
0.0
0.0
0.0
0.0
0.0
0.0
0.0
0.0
0.0
0.0
0.0
0.0
0.0
0.0
0.0
0.0
0.0
0.0
0.0
0.0
0.0
0.0
0.0
0.0
0.0
0.0
0.0
0.0
0.0
0.0
0.0
0.0
0.0
0.0
0.0
0.0
0.0
0.0
0.0
0.0
0.0
0.0
0.0
0.0
0.0
0.0
0.0
0.0
0.0
0.0
0.0
0.0
0.0
0.0
0.0
0.0
0.0
0.0
0.0
0.0
0.0
0.0
0.0
0.0
0.0
0.0
0.0
0.0
0.0
0.0
0.0
0.0
0.0
0.0
0.0
0.0
0.0
0.0
0.0
0.0
0.0
0.0
0.0
0.0
0.0
0.0
0.0
0.0
0.0
0.0
0.0
0.0
0.0
0.0
0.0
0.0
0.0
0.0
0.0
0.0
0.0
0.0
0.0
0.0
0.0
0.0
0.0
0.0
0.0
0.0
0.0
0.0
0.0
0.0
0.0
0.0
0.0
0.0
0.0
0.0
0.0
0.0
0.0
0.0
0.0
0.0
0.0
0.0
0.0
0.0
0.0
0.0
0.0
0.0
0.0
0.0
0.0
0.0
0.0
0.0
0.0
0.0
0.0
0.0
0.0
0.0
0.0
0.0
0.0
0.0
0.0
0.0
0.0
0.0
0.0
0.0
0.0
0.0
0.0
0.0
0.0
0.0
0.0
0.0
0.0
0.0
0.0
0.0
0.0
0.0
0.0
0.0
0.0
0.0
0.0
0.0
0.0
0.0
0.0
0.0
0.0
0.0
0.0
0.0
0.0
0.0
0.0
0.0
0.0
0.0
0.0
0.0
0.0
0.0
0.0
0.0
0.0
0.0
0.0
0.0
0.0
0.0
0.0
0.0
0.0
0.0
0.0
0.0
0.0
0.0
0.0
0.0
0.0
0.0
0.0
0.0
0.0
0.0
0.0
0.0
0.0
0.0
0.0
0.0
0.0
0.0
0.0
0.0
0.0
0.0
0.0
0.0
0.0
0.0
0.0
0.0
0.0
0.0
0.0
0.0
0.0
0.0
0.0
0.0
0.0
0.0
0.0
0.0
0.0
0.0
0.0
0.0
0.0
0.0
0.0
0.0
0.0
0.0
0.0
0.0
0.0
0.0
0.0
0.0
0.0
0.0
0.0
0.0
0.0
0.0
0.0
0.0
0.0
0.0
0.0
0.0
0.0
0.0
0.0
0.0
0.0
0.0
0.0
0.0
0.0
0.0
0.0
0.0
0.0
0.0
0.0
0.0
0.0
0.0
0.0
0.0
0.0
0.0
0.0
0.0
0.0
0.0
0.0
0.0
0.0
0.0
0.0
0.0
0.0
0.0
0.0
0.0
0.0
0.0
0.0
0.0
0.0
0.0
0.0
0.0
0.0
0.0
0.0
0.0
0.0
0.0
0.0
0.0
0.0
0.0
0.0
0.0
0.0
0.0
0.0
0.0
0.0
0.0
0.0
0.0
0.0
0.0
0.0
0.0
0.0
0.0
0.0
0.0
0.0
0.0
0.0
0.0
0.0
0.0
0.0
0.0
0.0
0.0
0.0
0.0
0.0
0.0
0.0
0.0
0.0
0.0
0.0
0.0
0.0
0.0
0.0
0.0
0.0
0.0
0.0
0.0
0.0
0.0
0.0
0.0
0.0
0.0
0.0
0.0
0.0
0.0
0.0
0.0
0.0
0.0
0.0
0.0
0.0
0.0
0.0
0.0
0.0
0.0
0.0
0.0
0.0
0.0
0.0
0.0
0.0
0.0
0.0
0.0
0.0
0.0
0.0
0.0
0.0
0.0
0.0
0.0
0.0
0.0
0.0
0.0
0.0
0.0
0.0
0.0
0.0
0.0
0.0
0.0
0.0
0.0
0.0
0.0
0.0
0.0
0.0
0.0
0.0
0.0
0.0
0.0
0.0
0.0
0.0
0.0
0.0
0.0
0.0
0.0
0.0
0.0
0.0
0.0
0.0
0.0
0.0
0.0
0.0
0.0
0.0
0.0
0.0
0.0
0.0
0.0
0.0
0.0
0.0
0.0
0.0
0.0
0.0
0.0
0.0
0.0
0.0
0.0
0.0
0.0
0.0
0.0
0.0
0.0
0.0
0.0
0.0
0.0
0.0
0.0
0.0
0.0
0.0
0.0
0.0
0.0
0.0
0.0
0.0
0.0
0.0
0.0
0.0
0.0
0.0
0.0
0.0
0.0
0.0
0.0
0.0
0.0
0.0
0.0
0.0
0.0
0.0
0.0
0.0
0.0
0.0
0.0
0.0
0.0
0.0
0.0
0.0
0.0
0.0
0.0
0.0
0.0
0.0
0.0
0.0
0.0
0.0
0.0
0.0
0.0
0.0
0.0
0.0
0.0
0.0
0.0
0.0
0.0
0.0
0.0
0.0
0.0
0.0
0.0
0.0
0.0
0.0
0.0
0.0
0.0
0.0
0.0
0.0
0.0
0.0
0.0
0.0
0.0
0.0
0.0
0.0
0.0
0.0
0.0
0.0
0.0
0.0
0.0
0.0
0.0
0.0
0.0
0.0
0.0
0.0
0.0
0.0
0.0
0.0
0.0
0.0
0.0
0.0
0.0
0.0
0.0
0.0
0.0
0.0
0.0
0.0
0.0
0.0
0.0
0.0
0.0
0.0
0.0
0.0
0.0
0.0
0.0
0.0
0.0
0.0
0.0
0.0
0.0
0.0
0.0
0.0
0.0
0.0
0.0
0.0
0.0
0.0
0.0
0.0
0.0
0.0
0.0
0.0
0.0
0.0
0.0
0.0
0.0
0.0
0.0
0.0
0.0
0.0
0.0
0.0
0.0
0.0
0.0
0.0
0.0
0.0
0.0
0.0
0.0
0.0
0.0
0.0
0.0
0.0
0.0
0.0
0.0
0.0
0.0
0.0
0.0
0.0
0.0
0.0
0.0
0.0
0.0
0.0
0.0
0.0
0.0
0.0
0.0
0.0
0.0
0.0
0.0
0.0
0.0
0.0
0.0
0.0
0.0
0.0
0.0
0.0
0.0
0.0
0.0
0.0
0.0
0.0
0.0
0.0
0.0
0.0
0.0
0.0
0.0
0.0
0.0
0.0
0.0
0.0
0.0
0.0
0.0
0.0
0.0
0.0
0.0
0.0
0.0
0.0
0.0
0.0
0.0
0.0
0.0
0.0
0.0
0.0
0.0
0.0
0.0
0.0
0.0
0.0
0.0
0.0
0.0
0.0
0.0
0.0
0.0
0.0
0.0
0.0
0.0
0.0
0.0
0.0
0.0
0.0
0.0
0.0
0.0
0.0
0.0
0.0
0.0
0.0
0.0
0.0
0.0
0.0
0.0
0.0
0.0
0.0
0.0
0.0
0.0
0.0
0.0
0.0
0.0
0.0
0.0
0.0
0.0
0.0
0.0
0.0
0.0
0.0
0.0
0.0
0.0
0.0
0.0
0.0
0.0
0.0
0.0
0.0
0.0
0.0
0.0
0.0
0.0
0.0
0.0
0.0
0.0
0.0
0.0
0.0
0.0
0.0
0.0
0.0
0.0
0.0
0.0
0.0
0.0
0.0
0.0
0.0
0.0
0.0
0.0
0.0
0.0
0.0
0.0
0.0
0.0
0.0
0.0
0.0
0.0
0.0
0.0
0.0
0.0
0.0
0.0
0.0
0.0
0.0
0.0
0.0
0.0
0.0
0.0
0.0
0.0
0.0
0.0
0.0
0.0
0.0
0.0
0.0
0.0
0.0
0.0
0.0
0.0
0.0
0.0
0.0
0.0
0.0
0.0
0.0
0.0
0.0
0.0
0.0
0.0
0.0
0.0
0.0
0.0
0.0
0.0
0.0
0.0
0.0
0.0
0.0
0.0
0.0
0.0
0.0
0.0
0.0
0.0
0.0
0.0
0.0
0.0
0.0
0.0
0.0
0.0
0.0
0.0
0.0
0.0
0.0
0.0
0.0
0.0
0.0
0.0
0.0
0.0
0.0
0.0
0.0
0.0
0.0
0.0
0.0
0.0
0.0
0.0
0.0
0.0
0.0
0.0
0.0
0.0
0.0
0.0
0.0
0.0
0.0
0.0
0.0
0.0
0.0
0.0
0.0
0.0
0.0
0.0
0.0
0.0
0.0
0.0
0.0
0.0
0.0
0.0
0.0
0.0
0.0
0.0
0.0
0.0
0.0
0.0
0.0
0.0
0.0
0.0
0.0
0.0
0.0
0.0
0.0
0.0
0.0
0.0
0.0
0.0
0.0
0.0
0.0
0.0
0.0
0.0
0.0
0.0
0.0
0.0
0.0
0.0
0.0
0.0
0.0
0.0
0.0
0.0
0.0
0.0
0.0
0.0
0.0
0.0
0.0
0.0
0.0
0.0
0.0
0.0
0.0
0.0
0.0
0.0
0.0
0.0
0.0
0.0
0.0
0.0
0.0
0.0
0.0
0.0
0.0
0.0
0.0
0.0
0.0
0.0
0.0
0.0
0.0
0.0
0.0
0.0
0.0
0.0
0.0
0.0
0.0
0.0
0.0
0.0
0.0
0.0
0.0
0.0
0.0
0.0
0.0
0.0
0.0
0.0
0.0
0.0
0.0
0.0
0.0
0.0
0.0
0.0
0.0
0.0
0.0
0.0
0.0
0.0
0.0
0.0
0.0
0.0
0.0
0.0
0.0
0.0
0.0
0.0
0.0
0.0
0.0
0.0
0.0
0.0
0.0
0.0
0.0
0.0
0.0
0.0
0.0
0.0
0.0
0.0
0.0
0.0
0.0
0.0
0.0
0.0
0.0
0.0
0.0
0.0
0.0
0.0
0.0
0.0
0.0
0.0
0.0
0.0
0.0
0.0
0.0
0.0
0.0
0.0
0.0
0.0
0.0
0.0
0.0
0.0
0.0
0.0
0.0
0.0
0.0
0.0
0.0
0.0
0.0
0.0
0.0
0.0
0.0
0.0
0.0
0.0
0.0
0.0
0.0
0.0
0.0
0.0
0.0
0.0
0.0
0.0
0.0
0.0
0.0
0.0
0.0
0.0
0.0
0.0
0.0
0.0
0.0
0.0
0.0
0.0
0.0
0.0
0.0
0.0
0.0
0.0
0.0
0.0
0.0
0.0
0.0
0.0
0.0
0.0
0.0
0.0
0.0
0.0
0.0
0.0
0.0
0.0
0.0
0.0
0.0
0.0
0.0
0.0
0.0
0.0
0.0
0.0
0.0
0.0
0.0
0.0
0.0
0.0
0.0
0.0
0.0
0.0
0.0
0.0
0.0
0.0
0.0
0.0
0.0
0.0
0.0
0.0
0.0
0.0
0.0
0.0
0.0
0.0
0.0
0.0
0.0
0.0
0.0
0.0
0.0
0.0
0.0
0.0
0.0
0.0
0.0
0.0
0.0
0.0
0.0
0.0
0.0
0.0
0.0
0.0
0.0
0.0
0.0
0.0
0.0
0.0
0.0
0.0
0.0
0.0
0.0
0.0
0.0
0.0
0.0
0.0
0.0
0.0
0.0
0.0
0.0
0.0
0.0
0.0
0.0
0.0
0.0
0.0
0.0
0.0
0.0
0.0
0.0
0.0
0.0
0.0
0.0
0.0
0.0
0.0
0.0
0.0
0.0
0.0
0.0
0.0
0.0
0.0
0.0
0.0
0.0
0.0
0.0
0.0
0.0
0.0
0.0
0.0
0.0
0.0
0.0
0.0
0.0
0.0
0.0
0.0
0.0
0.0
0.0
0.0
0.0
0.0
0.0
0.0
0.0
0.0
0.0
0.0
0.0
0.0
0.0
0.0
0.0
0.0
0.0
0.0
0.0
0.0
0.0
0.0
0.0
0.0
0.0
0.0
0.0
0.0
0.0
0.0
0.0
0.0
0.0
0.0
0.0
0.0
0.0
0.0
0.0
0.0
0.0
0.0
0.0
0.0
0.0
0.0
0.0
0.0
0.0
0.0
0.0
0.0
0.0
0.0
0.0
0.0
0.0
0.0
0.0
0.0
0.0
0.0
0.0
0.0
0.0
0.0
0.0
0.0
0.0
0.0
0.0
0.0
0.0
0.0
0.0
0.0
0.0
0.0
0.0
0.0
0.0
0.0
0.0
0.0
0.0
0.0
0.0
0.0
0.0
0.0
0.0
0.0
0.0
0.0
0.0
0.0
0.0
0.0
0.0
0.0
0.0
0.0
0.0
0.0
0.0
0.0
0.0
0.0
0.0
0.0
0.0
0.0
0.0
0.0
0.0
0.0
0.0
0.0
0.0
0.0
0.0
0.0
0.0
0.0
0.0
0.0
0.0
0.0
0.0
0.0
0.0
0.0
0.0
0.0
0.0
0.0
0.0
0.0
0.0
0.0
0.0
0.0
0.0
0.0
0.0
0.0
0.0
0.0
0.0
0.0
0.0
0.0
0.0
0.0
0.0
0.0
0.0
0.0
0.0
0.0
0.0
0.0
0.0
0.0
0.0
0.0
0.0
0.0
0.0
0.0
0.0
0.0
0.0
0.0
0.0
0.0
0.0
0.0
0.0
0.0
0.0
0.0
0.0
0.0
0.0
0.0
0.0
0.0
0.0
0.0
0.0
0.0
0.0
0.0
0.0
0.0
0.0
0.0
0.0
0.0
0.0
0.0
0.0
0.0
0.0
0.0
0.0
0.0
0.0
0.0
0.0
0.0
0.0
0.0
0.0
0.0
0.0
0.0
0.0
0.0
0.0
0.0
0.0
0.0
0.0
0.0
0.0
0.0
0.0
0.0
0.0
0.0
0.0
0.0
0.0
0.0
0.0
0.0
0.0
0.0
0.0
0.0
0.0
0.0
0.0
0.0
0.0
0.0
0.0
0.0
0.0
0.0
0.0
0.0
0.0
0.0
0.0
0.0
0.0
0.0
0.0
0.0
0.0
0.0
0.0
0.0
0.0
0.0
0.0
0.0
0.0
0.0
0.0
0.0
0.0
0.0
0.0
0.0
0.0
0.0
0.0
0.0
0.0
0.0
0.0
0.0
0.0
0.0
0.0
0.0
0.0
0.0
0.0
0.0
0.0
0.0
0.0
0.0
0.0
0.0
0.0
0.0
0.0
0.0
0.0
0.0
0.0
0.0
0.0
0.0
0.0
0.0
0.0
0.0
0.0
0.0
0.0
0.0
0.0
0.0
0.0
0.0
0.0
0.0
0.0
0.0
0.0
0.0
0.0
0.0
0.0
0.0
0.0
0.0
0.0
0.0
0.0
0.0
0.0
0.0
0.0
0.0
0.0
0.0
0.0
0.0
0.0
0.0
0.0
0.0
0.0
0.0
0.0
0.0
0.0
0.0
0.0
0.0
0.0
0.0
0.0
0.0
0.0
0.0
0.0
0.0
0.0
0.0
0.0
0.0
0.0
0.0
0.0
0.0
0.0
0.0
0.0
0.0
0.0
0.0
0.0
0.0
0.0
0.0
0.0
0.0
0.0
0.0
0.0
0.0
0.0
0.0
0.0
0.0
0.0
0.0
0.0
0.0
0.0
0.0
0.0
0.0
0.0
0.0
0.0
0.0
0.0
0.0
0.0
0.0
0.0
0.0
0.0
0.0
0.0
0.0
0.0
0.0
0.0
0.0
0.0
0.0
0.0
0.0
0.0
0.0
0.0
0.0
0.0
0.0
0.0
