-0.240023974739
-2.71005909197
0.0
0.0
0.0
-0.019548528218
-0.391779912838
0.0
-0.142280990232
0.0
-0.0965794393824
-0.388529108641
-0.200606302635
-0.349155486894
0.0
-0.0856433905576
1.1004192262
-0.53773518949
-0.0835341067081
-0.0615109172644
0.0
0.0
0.0
0.0
0.0
1.86430065682
-0.0918994771073
-0.188116294014
0.0
0.0
-0.0107056250688
0.607528227389
0.0
0.0
-0.52001719591
-0.108912186175
0.0
1.1117995004
0.0155692104404
0.0
-0.00650496589095
2.42582371037
-0.299000016108
0.0
-0.0553797859616
-0.0491331015027
0.0
0.0
0.839240761527
0.0
-0.466048662069
-0.0230552034274
-0.0909167817008
0.523159890535
-0.0868801077417
-0.0563070342792
-0.0353177019243
-0.0152787758937
0.0
0.0
0.0
0.0234356385437
-0.271094288924
0.0
0.0
-0.0541402286152
-0.202215441579
0.0
0.153077150925
-0.0620115945173
-0.0785007226067
0.0
-0.0247192554054
-0.000862972532873
-0.0577788468932
0.0
0.0
-0.0649508820487
0.0
-1.16748089178
-0.779011448405
-1.10120222242
-1.327435077
0.0
0.0
0.0
0.0
0.0
0.0
-0.000802120287363
0.0
0.0
0.538871961884
-0.0115273028054
0.0
-0.355414754642
0.0
0.0
0.0
-0.108995727951
-0.0970123379937
-1.1760495212
-0.0135003356289
0.0
-1.05979696826
-0.0113819950659
0.0
0.0
-0.768984957615
0.0
-0.232335776953
0.0
0.0
0.0
0.0
-0.306756614512
0.0
0.097014699025
0.0
0.0
0.0
0.0
-0.486528245306
0.0
0.0
0.0
0.0
0.0
0.0
-0.766884330478
-0.319564468385
-0.428112990046
-0.0663458633435
0.0
0.0
0.0
0.0
0.0
-1.35833401313
0.0
0.0
0.0
-0.954815460143
0.0
0.0
0.0
0.0
0.0
-0.523039699912
0.0
0.0
0.0
0.0
-1.32163490862
0.0
-0.0121321811618
-0.722544123492
0.0
0.0
0.0
0.0
-1.21652576897
-0.104606165197
-0.763938849457
0.0
0.0
-0.0949228024254
0.0
0.0
0.0
-1.09987738581
0.0
0.0
-0.202092182182
0.0
0.0
0.0
0.0
0.0
-0.125480412708
-1.09265464005
-1.66972250817
-0.187671340282
-0.308482320975
0.0
-0.0193020702381
0.0
-0.121632061327
-1.0506987627
0.0
-0.948270213332
0.0
-0.262581603684
-0.592571461282
0.0
0.0
0.0
0.0
0.0
0.0
-1.12096477022
0.199488969682
-1.15435474736
0.0927751540423
0.0
0.0
0.0
-0.0330751481202
0.0
0.0
0.0
0.0
-0.526902142604
0.0
-0.971109223537
-0.017775125394
0.0
-0.47492292287
-0.0773084790495
0.0
-0.143318304459
0.0
-0.00511477884452
-0.00159674380541
0.0
0.0
0.0
0.0
-0.100942320827
-1.27908095564
-0.482762204193
0.0
0.0
0.0
-0.679260208135
-1.14112280669
-0.00564822820795
-0.626735262083
0.0
0.0
-0.0187546957746
-0.591455892762
-0.392001449558
0.0
-0.265850944939
0.0
-0.103755163651
-0.120614985696
-1.19955740018
-0.603038008977
-0.779329670908
-0.0314754719288
0.0
0.0
-0.0947599011896
0.0
0.0
0.0
0.0
0.0
0.0
0.0
-0.723514926801
-1.17719582459
0.0497843170761
0.0
-0.428462931345
0.0
-0.718517854182
-0.852480299852
-0.00348080475781
-0.287626469685
-0.212628810874
-0.0507638394769
-0.180286700932
-0.209771902591
0.0
0.0
-0.501798684392
0.0
-1.21162365618
0.0
-0.551439853243
0.0
-0.517232197933
0.0
-0.121632061327
0.0
0.0
0.0
-0.118531060093
-0.779999592829
-1.14556942394
-0.150159392248
0.0
0.0
0.0
0.0
-1.10578104223
0.0
0.0
-0.541202583899
-0.0386709541844
0.0
-0.783897410715
-0.0134947243586
0.0
0.239946577244
0.0
-0.161204128044
0.0
-0.586516113872
0.0
-0.196395947189
0.0
-0.471305353887
-0.0796131214462
-0.541507527082
0.0
0.0
0.0
-1.37439240713
-0.109164662973
0.161139528865
0.0
0.0
0.0
0.0
0.0
0.0
0.0
0.0
0.204569826418
-0.824567519133
0.0
-1.3520026733
-0.00136184876136
0.0
0.196148098107
0.0
0.0
0.144007227114
-0.295116856935
0.0
-0.0105826704788
0.0
-0.561281969079
-0.592179717443
-0.0722916064341
-0.00132118940844
0.0
-0.0350686488939
-0.0811794602125
-0.0970939870549
0.121657524174
-0.00145934726238
0.0
-0.0738280404681
0.0
0.0
0.00407952241406
0.16643885125
-0.467670015231
-0.620859390856
-0.134880310678
0.0
0.0
-0.131768817989
0.0
-0.483139600304
0.0
0.0
-0.50772887592
0.0
0.0
0.0
0.0
-0.322050013642
0.0
0.0
0.0
0.858266462133
-1.17026593853
-0.131521432413
-0.293883954187
0.0
0.0
0.0
0.0
-0.180716803832
0.0
0.0
-0.939841838733
0.0
0.0
-0.297113912125
-0.00912454128206
0.0
-0.159898528538
0.0
0.0
0.185270770136
0.0
0.0
-0.257223890042
-0.0386050919811
0.0
0.0
-0.319779271449
-0.238361549254
0.0
-0.547700849712
0.0
0.0
-0.518118432537
-0.264751112485
0.0
0.0
-0.0119425943982
0.0
0.0
0.0
0.0
0.0
0.671009320452
-0.400872895859
0.0
0.0
0.0
-0.290992180034
0.0
0.0
-0.928864964551
-0.288771766207
-0.0131718343155
0.0
0.29478915668
0.488324250038
-0.730026822859
-0.515493465599
0.150463719834
0.168457121309
0.0
-0.234008732341
1.01000053734
-0.0898974731756
0.2087209271
0.372013261351
0.095806902719
-0.263831469155
-0.487468987582
0.205667550326
0.401614349894
0.0
-0.12362713159
-0.605540834565
0.0934831832201
-0.0307885233006
0.636373390625
-0.51697788991
-0.150004633861
-0.0101376926429
0.514006436279
0.0839490326926
0.377285081169
-0.0678117662473
0.0541857862018
-0.421832268997
-0.84509117633
0.142861150475
-0.214354198268
0.181634791159
-0.865968359998
0.278591198848
0.309487953111
0.475848920971
0.0655794734558
0.441771622061
-0.886830409108
-0.392260815514
0.997806102544
-0.32743370896
0.429209064973
-0.796306863882
-0.0530769266764
0.186285806994
-1.44100385194
0.0
0.198651621769
0.492830630593
0.49198096729
-0.812770567878
0.32698691766
-1.34852299255
0.599962565747
-0.39947024925
-0.767913987821
0.0408518304938
0.207810927211
-0.798177948282
0.316128862228
0.434716490859
-2.02765193474
-0.277054334683
-0.312520009879
0.146617465727
-1.58879903515
-0.831938699671
-0.465495801868
-0.771547351614
0.0
0.0
0.0
0.0
-0.0835595086658
0.0
0.0
0.0
-0.0145881739468
0.0
-0.00250247118022
0.0
0.0
0.0
0.0
0.0
0.0
-0.67079081244
-1.22779675203
0.109394129713
-0.584515263662
-0.101847192759
-0.123864684481
1.01448894676
-0.132384143301
-1.22965469264
-0.295539617038
-1.20835243801
-0.281001804004
-1.30179951848
-1.38624913912
0.0
-0.00655841249457
0.0
0.0
-0.723821901237
-0.701291328265
-0.887797769439
0.283881571865
-0.434524418047
-0.0904857222944
0.437435888744
0.0
0.0
1.17106961448
0.0
0.0
0.0
0.0
0.0
0.0
0.0
0.0
0.0
0.0
0.0
0.0
0.0
0.0
0.0
0.0
0.0
0.0
0.0
0.0
0.0
0.0
0.0
0.0
0.0
0.0
0.0
0.0
0.0
0.0
0.0
0.0
0.0
0.0
-0.190848475347
-0.837076549158
-1.02859038561
-0.269479951825
-0.477623659774
0.0
-0.832734377037
-0.239864792897
-0.718588014894
-0.537377096263
0.153021938981
0.523228672017
-0.829930568485
0.077814977348
-0.263303865177
-0.0256269055203
-0.0533587328453
-0.367017156555
-0.960221866258
-0.785720698137
-0.375577454536
-0.381651302906
0.0
0.0
0.0
0.0
-0.629449552684
-1.17269910857
-0.357294873358
0.494596821356
-0.00565868406884
-0.325243608381
0.0
-0.146640605082
0.0
-0.153780814911
-0.378499270461
-0.968987389419
-0.642308649582
0.0
0.0
-0.723420049715
0.0
0.0
-0.181439449336
-0.38930953754
0.0
0.0
0.904195301416
-0.274223473939
-0.260118414373
-0.00158854200367
0.0
0.0
0.0
0.112233366757
-1.07210324462
0.0
-0.185161572097
-0.596817028602
-0.684029135465
-0.371519445172
-0.502852663048
0.129250238995
-0.145873537285
0.0
-0.557612130369
0.0
-0.367070343074
-0.653296445375
-0.0809836491006
-0.40696866658
-0.0192876319884
0.0
-0.732001990079
-0.118811295761
0.0
-0.327492728104
0.0
-0.550427533115
0.0
0.0
-0.276342121528
-0.46511251789
0.0
-0.454140350137
0.0
0.0
0.0
-0.299470947438
0.0
-0.655695102355
-0.385103354463
-0.0317462750422
-0.238177062185
0.0
-0.527957431882
-0.47239348611
0.0
-1.26679657474
-0.22636184692
0.0
-0.225201666937
0.0548703183727
-0.778768830611
0.0
0.0
0.0
0.0
-0.52640637937
0.0
0.0
-0.0158216116943
0.0
0.0
-0.0408833770338
-1.6964672581
-1.27942960187
-0.951408650227
-0.0542533770868
0.0
0.0
0.0
0.0
0.0
0.0
0.0
0.0
0.0
0.0
-0.746782582714
0.0
0.0
-0.0614353355067
0.0
-0.219177267824
0.0
-0.214615253431
-0.138174664581
-0.530546411504
-0.223080521375
-0.00282829323756
0.0
-0.571912044173
0.0
0.0
-0.122287290302
0.0
-0.446976314059
0.0
0.0
0.0
-0.104361398364
-0.667779132451
-0.259816728074
-0.000802120287363
0.0
-0.438187161482
-0.356613518254
-0.195815665252
-1.03941182378
0.0
0.0
0.0433671575133
-0.325438062054
-1.20594103645
-0.0684260682105
0.0
0.0
0.0
0.0
0.546472581692
-0.924826905506
0.0
-0.31116393895
0.0376845653075
-0.259576703581
0.0
-0.79647061925
-0.00357054935727
0.0
-0.36128913954
0.0
-0.101969696502
-0.173496373688
-0.406205245759
0.0
0.435889508968
-0.851341721802
-0.0511236392388
-0.0795194460563
0.0404621803343
0.0
-0.653153052756
-0.234286338251
0.0425735827016
-0.486251426323
0.0
0.0
-0.47395801779
0.0
-0.453220655503
0.0
0.0
0.141697782795
-0.695829819725
-0.379842942243
0.0
-0.180017491649
0.0
0.442353022237
0.395821914423
0.0
0.605026710853
0.0
0.0
-0.469012201763
-0.086047578469
-0.390857759477
0.0
0.0
-0.0464206353664
-0.0877465556257
-0.271080553453
0.0
0.0
0.0
-0.0588748100268
-0.0103935774602
0.0
0.0
0.0
0.0
0.0
0.0
-0.184821066076
-1.44433462505
-1.39411604554
-1.05967525245
-0.0985812619996
0.0
0.0
-0.520263570341
0.0
-0.509841929273
-0.333380737205
0.0
-0.675907403902
-0.0405080511861
-0.570344838932
-0.202901473835
-0.257288324025
0.0
-0.583396296119
-0.821325270563
-0.202046709365
-0.765269264227
-0.483094551925
-0.0883539341148
-0.00490445137562
-0.195515965931
-0.358763218455
-0.132067228885
-0.243264122653
0.349207465371
-0.588578446179
-0.564555346716
0.0
-0.18200764311
-0.00288278067624
-0.0577705438449
0.193455615248
-0.10453947093
0.0
-0.531845465763
-0.456308896735
-0.0390150435312
0.0
-0.224895183415
-0.197563852061
0.0
0.0
0.0
0.0
-0.781605774403
-0.505201495287
-0.0126361747717
-0.685223710751
-0.142014340082
-0.2622424571
-0.116347155726
-0.458310328944
-0.0817331298321
0.0
-0.141156981735
0.0
-0.513488251352
-0.363046135208
-0.265739340066
0.0
-0.493347379751
0.0
-0.064734385844
0.0
-0.186393580554
0.0
-0.177184664705
-0.0736647134311
-0.0234245868216
-0.152431456463
0.0
0.607229023855
-1.03957359679
-0.68251891137
-0.186064489689
-0.631522469432
-0.060307492848
0.0
0.236033813082
0.0
0.746191963475
0.0
0.0
-0.474095770928
-0.558449021716
-0.0723854236372
-0.175544192423
0.197549743323
0.0
0.0
-0.242117907557
-0.151724381171
-0.38570044308
-0.748357584394
-0.0284204802367
-0.163184424864
-0.245308872523
-0.187387288889
-0.318167808442
-0.258516210338
-0.00975770574072
-0.0217704434301
0.0
-0.663094764874
-1.19811922377
0.0
-0.0934248576356
0.0
0.0
0.0
-0.0635558591972
-0.142249969599
0.0
-0.205920056242
0.0
-0.0342285807768
0.168394927312
0.159766246531
0.0
0.0
0.0
-0.135639815328
-0.168024200557
-0.0198565999687
0.298418676513
-0.0580202530648
0.0
-0.0372239181165
-0.192535140023
0.0
0.0
-0.0240018634441
-0.0335163571856
0.0
-0.432437988609
-0.201867584716
0.0
0.0
-0.0460351874413
-0.0636079512691
0.116911807774
-0.203580401367
-0.368179268871
-0.17312526112
-0.144809161219
0.0
0.0
0.138058313984
-0.464232750702
-0.27105110809
-0.216005200938
-0.139753888173
0.0
0.0
0.0
0.0
0.0
0.0
0.0
0.0
-0.245657865043
-2.25988335689
-1.0112525493
0.0
-0.0727720471493
0.0
0.0
0.0
0.0
-0.0315067486967
-0.3611956715
0.0
-0.544746945972
-0.0322819299142
-0.302943216196
0.0
-0.0724212201116
-0.276973093937
-0.0283731133651
0.0
0.0
0.0
0.0
0.959684042217
-0.0802753032423
0.0
0.0
-0.460324518178
0.0
-0.0708568742566
0.0
-0.328125453057
-0.212575410755
0.0
-0.16283283226
-0.155346065
-0.311759441551
-0.241643247114
-0.355795005528
-0.0992419384997
0.0
0.0
0.0
0.507398957229
0.540255928413
-0.254175544453
0.0
-0.0164884894173
0.0
0.0
-0.388787743344
-0.51189434103
-0.0638778883065
-0.0506254506418
0.0
0.0
-0.0132742525134
-0.310336147355
-0.103166429719
-0.573108413907
-0.0726898310744
0.023261539512
-0.056167327463
0.0
-0.626485823277
0.0
-0.158312208933
0.419549779735
-0.0258024550802
-0.0738378123014
-0.506162301647
-0.274720426382
-0.31640523208
-0.0600025418658
0.0
0.0929163486777
-0.193510260572
0.212654453334
0.0
-0.15945752807
0.0
-0.415379230303
0.0
-0.0213709551263
-0.0276902624509
-0.0327883410648
-0.334103000316
0.0
0.0
-0.932540871552
0.0966370070685
-0.0872097042422
-0.0586836742671
-0.0327225840633
-0.436215634766
0.0
-0.178620460854
0.0
-0.167627553593
-0.245126821713
-0.0165268862248
-1.23341539889
-0.812583289198
0.0
0.0
-1.04485659964
0.0
-0.0425108088068
0.0
0.0
-0.424548221458
-0.439391940418
0.0
0.0
0.0
-0.0337081073337
0.0
0.0
0.0
0.0
-0.107021864496
-0.379139986955
0.0
-0.221843498055
-0.024526577047
-0.0253648871397
-0.0251086923804
-0.0236801535727
0.0
0.0
-0.297099802199
-0.19819440508
0.0
-0.155959005521
-1.02886116244
-0.0248078718996
0.0
-0.0108064295349
-0.377772999544
0.249374358095
0.0
-0.0396714069802
-0.897683865908
-0.0995219936407
0.0
-0.0356702857491
-0.179180792959
-0.18320617544
-0.0136766155747
-0.174485397851
-0.0307438782918
0.0
0.0
-0.00117730494791
0.0
0.0
0.0
0.0
0.0
0.0
0.0
0.0
0.0
-1.01755424426
-1.81891377865
-1.81546446218
-0.563698374415
0.0
0.0
0.0
0.0
0.0
0.0
-0.298668346558
-0.0265839241911
-0.0262070207557
-0.328768189875
-0.0263955166495
-0.256642857986
-0.0328394225
0.0
-0.121632061327
0.0
0.0
0.154267353874
-0.594145764644
-0.907502417828
0.0
0.0
-0.0503129571228
-0.0492967544881
-0.124581429859
-0.0818232292379
-0.0247192554054
-0.364059231689
-0.315877194898
0.0
0.0
-0.291455312393
-0.668687821312
-0.524839620026
0.0
-0.118419182305
-0.11057323438
-0.94272594756
-0.0106840638685
-0.101307368746
0.0
-0.40599898105
-0.275210232861
-0.0138788071394
0.0
0.0
-0.064440247452
0.0
-0.0653226665557
-0.13436901205
-0.0295916266941
0.0
0.0
-0.379207548956
-0.569599194085
0.0
-0.0452463648002
0.0
0.0
-0.255880197997
0.0
-0.0270160630263
-0.0799467526799
-0.356235429664
-0.064560495221
0.0
-0.146656471552
0.0
0.0
0.340425280379
-0.649543685257
-0.259218557619
0.0
0.0
-0.368009083752
-0.0178899817793
0.0
-0.00495078952111
-0.00194603348295
0.0
-0.0611948939361
0.0
0.0
-0.456230186966
0.0
0.0
-0.450451351829
-0.177289752116
-0.327666997293
-0.170093441765
-0.0669209248431
0.0
-0.731189981993
-0.148343270968
0.0
-0.157644075952
-0.0500805627448
0.231597497551
-0.189564221269
-0.345568984302
-0.0507972729094
-0.0243882034346
0.0
0.185020062713
-0.0840425629665
0.0
-0.114359116868
-0.0190187466501
-0.0458761748829
0.0
-0.0790458025758
-0.101080469947
-0.0190187466501
0.0
-0.607583331836
-0.0631130113559
-0.0713603865582
0.0
-0.0243932185292
-0.348280229513
-0.178108303627
0.0
0.0
-0.0165776307811
0.0
-0.0581434869992
0.0
-0.00218160977627
-0.00144646521909
-0.109797381375
-0.0270619950397
-0.0717974091603
-0.121632061327
-0.125863103717
0.0
0.0
-0.359415860342
0.0
0.0
0.0
0.0
0.0
0.0
0.0
0.0
-0.187154564827
-0.719290444348
-0.329111087317
-0.0534110235449
0.0
0.0
0.0
0.0
-0.0824250749744
-0.00887058909801
-0.14984013259
-0.0472833867935
0.0
0.243343746581
-0.0494648449467
-0.0339302415289
0.0
-0.0248790709407
-0.450201010082
-0.159378479005
0.0
-0.0548249256897
0.0204145773318
0.669170545247
-0.815198683174
-0.0192235076677
0.0
-0.118203059397
-0.684505110193
-0.424518493582
-0.268530771885
-0.0854350299085
0.0
0.0
-0.425136500872
-0.511462013085
0.0
-0.372333078194
-0.111203293832
0.0
-0.0175407787744
0.0
0.0
-0.826236819679
-0.178208086349
0.0
-0.0190187466501
0.0
-0.293398814842
-0.129231184643
-0.0661345357044
-0.167419677152
-0.335893666464
-0.116353043118
-0.0154632502179
0.0
-0.437736619471
-0.532048799267
-0.0232015652504
0.0
0.0
0.323346785947
0.0
-0.0215963153762
0.0
-0.312811716503
-0.0083356308344
-0.0330583985578
0.0
-0.00403187275718
0.0
-0.180428994379
-0.792152413859
-0.0128866362367
-0.00306731232485
-0.0112830447041
-0.242962912815
-0.0092288269307
0.0
-0.620024547331
-0.527772954295
-0.0431403120849
0.0
-0.805458798598
-0.0196563473693
0.0
0.0
0.0
-0.0506398517928
-0.0243644914459
-0.0791673308319
-0.056912891727
0.0
0.646489134621
-0.145084467178
0.0
-0.098805110831
0.0
-0.0583489552002
-0.0121321811618
0.0
-0.200436022889
-0.0266390165304
0.0
-0.0215569921756
0.0
-0.82116741135
-0.317163516132
0.0
0.0
-0.343579362477
-0.0339840380277
0.0
-0.0765052686171
0.0
-0.0101726390017
-0.00246180664345
0.0
0.0
-0.0945873741506
0.0
0.0
0.0
0.0
0.0
0.0
0.0
-0.407118313557
-0.698996478145
-0.40000197821
0.0
0.0
0.0
-0.0420554212247
0.0
-0.0416670821904
0.0
0.0
0.0
-0.0627827472923
-0.0106378702093
-0.0809691839617
0.0
0.443763659772
-0.27407257595
-0.0186823680258
0.0
-0.289036305874
-0.03526650837
-0.178824558573
0.0
1.49539492535
-1.01434112091
-0.403699779153
0.0
-0.0509540503959
-0.298890810614
-0.225134534365
-0.0545495425587
-0.0407156071591
-0.0232843495501
0.594884267408
0.0
0.0
-0.39587568023
-0.053811824924
-0.0658166905595
-0.0641777184223
-0.0275664010598
0.0
-1.09840526372
-0.427841670594
0.0
-0.207176501233
-0.17175053996
-0.0334661199413
-0.0226226299469
-0.0906944732963
0.0
0.180518088624
-0.667468378975
-0.59841508748
-0.323970664716
-0.457778185427
0.0
-0.0555129083595
-0.0135994388229
-0.0235279616741
0.0
0.0
-1.7155888444
-0.610956662669
0.0
0.0
0.0
-0.00518656063039
-0.51316933327
0.0
-0.00261665050508
-0.131199945727
0.0
-0.424794836318
-0.00457149134762
0.0
-0.064235150457
0.0
-0.104693591336
-0.360412173405
0.0
-0.0263320430489
0.155965376247
-0.139027060312
-0.0777552123091
-0.0293713932967
-0.0886719010889
-0.0329451626016
0.917964377046
-0.312249897519
-0.013715920646
0.591959281874
0.071559668757
-0.380056809757
-0.0294009450793
-0.0374354098839
0.240669701811
-0.0321107195623
-0.0293675396348
0.0
-0.0655428835102
0.0
0.0
-0.00377419522133
-0.0437439451415
0.0
0.0
0.0
0.0
-0.471556076265
-1.91335511914
-0.804294056486
0.0
-0.0129058255151
0.0
-0.422515763969
-0.266017052522
-0.223592605504
-0.0966709146176
0.0
-0.03368510939
-0.44140356025
-0.0641777184223
0.0
-0.183601366473
-0.460087657089
0.0
-0.141092846692
0.0
-0.0235955654145
-0.421684099788
-0.0308520275011
-0.132341894785
-0.219379976348
0.0
0.0
0.0
0.0
0.0795619103466
-0.0335809411061
0.0
0.0
-0.155715137745
-0.0332760359818
-0.00320375218834
-0.00508382261347
0.0
-0.0283120222424
-0.0225305161436
-0.0201628717858
-0.300607356478
-0.0121321811618
-0.014880212626
0.0
-0.00144596876702
-0.00498342704518
-0.0829559023001
0.0
0.0
-0.50776888206
-0.0929289541428
-0.0307693549785
0.0
-0.302111136191
-0.0194836797314
-0.0306552069028
0.0
-0.0346131322573
0.0
0.570055677348
-1.14054957092
-0.487597435424
0.0
-0.291781143232
-0.0629442165835
-0.122559235837
0.0
-0.043901355721
0.0
-0.0846992720184
-0.223753161503
0.0
0.0
-0.0384444796544
-0.0475837829154
0.0
0.0164777561483
-0.175653271005
-0.288166350738
-0.192257270539
-0.20960698589
0.0
-0.229020390311
0.0
0.0
-0.281197960012
-0.157973120724
-0.029029839139
-0.0902857141571
0.0
-0.000862972532873
-0.0603674443345
0.0
-0.113140207758
-0.0453261995317
0.0
-0.535210298602
-0.327008724723
-0.332509661007
-0.00191369859307
-0.0256069634196
0.0
0.0
-0.143464630084
0.0
0.0
-0.0676158716895
0.0
-0.180639536264
0.0
0.0
0.0
-0.0343471832753
-0.325987534942
-0.697804252077
0.0
-0.0995880181246
-0.688881603187
-0.0317440488091
-0.05871620397
0.0
-0.121632061327
0.0
0.0607028116344
-0.0400139943124
-0.563595760147
-0.0317859733202
-0.0192235076677
-0.392570838958
-0.031394481221
-0.382553666731
-0.027246712934
-0.0476405999139
-0.0460390736031
0.309443467623
-0.180477672211
-0.0841878665569
0.0475657821535
0.0
-0.0743161084504
0.0
0.0
-0.410324571912
0.0
-0.0468433009775
0.0
0.0
0.0
-0.0613149716431
-0.798670059175
0.0
0.0
-0.148664823958
0.0
0.0
-0.274729157527
-0.0440710765087
-0.489622808828
-0.597230822317
0.0
-0.0833644189636
0.0
0.0
-0.402653827296
-0.206871420904
-0.0115273028054
-0.205464706252
0.0
-0.017028040947
0.0
-0.32090304397
-0.00385479339078
0.0
0.0
-0.00746641270913
-0.0715704420681
0.0
0.0
-0.0440032846177
-0.0584932184189
-0.00687995305243
0.0
-0.568269988951
-0.791544089638
-0.064440247452
-0.21949439104
-0.0736198126991
0.0
-0.0299501140809
-0.819240443442
-1.75130919965
-0.0776400669625
0.0
0.0
0.0
0.0
0.0
0.0
0.0
0.0
0.0
0.0
-0.0339168940603
0.0
-0.0600413003356
-0.00897504192287
-0.0672729157712
0.0
-0.108756632246
0.0
-0.231702762992
0.0
0.0
0.0
0.233306845811
-1.20171589862
0.0
0.0
0.0
0.0
0.0
0.0
0.0
0.0
0.0
-0.270963490348
0.0
0.0
0.0
0.0
-0.0054027802442
0.0
0.0
0.0
-0.00192746597725
-0.0475184513131
-0.00334680981372
-0.178700007247
-0.00145589076575
0.0
0.0
0.0
0.0
0.0
0.0
0.0
0.0
0.0
0.0
0.0
0.0
0.0
0.0
0.0
0.0
0.0
-0.0472894221721
0.0
0.0
0.0
0.0
0.0
0.0
0.29478915668
0.0
0.0
-0.515493465599
-0.011891778337
0.0
0.0
0.0
0.0
0.0
0.0
0.0
0.0
0.0
0.0
-0.00225172396507
0.0
0.0
0.0
0.0
0.0
-0.0186964182591
0.0
0.0
0.0
0.0
0.0
-0.00936038630864
0.0
-0.00282525531001
0.0
0.0
-0.0165975298429
-0.00881851251033
0.0
-0.237474368705
-0.038736418164
0.0
0.0
0.0
0.0
0.0
0.0
0.0
0.0
0.0
0.0
0.0
0.0
0.0
0.0
0.0
0.0
0.0
0.0
0.0
0.0
0.0
0.0
0.0
0.0
0.0
0.0
0.0
0.0
0.0
0.0
0.0
0.0
0.0
0.0
0.0
0.0
0.0
0.0
0.0
0.0
0.0
0.0
0.0
-0.0768066046836
0.0
0.0
0.0334857222953
0.0
0.0
0.0
0.0
0.0
-0.325260051303
0.0
-0.384006123993
0.0
0.0
0.0
0.0
0.0
0.0
0.0
0.0
0.0
-0.0033863258043
0.0
0.0
0.0
0.0715598490419
0.0
0.0
0.0
0.0
-0.301574589402
0.0
-0.0409964275615
0.0
-0.00773461742053
-0.146498735147
0.0
0.0
0.0
0.0
-0.15336547416
-0.0031122448448
-0.0300762612162
0.0
0.0
0.0
0.0
0.0
0.0
-0.183527276685
0.0
0.0
-0.0163988038505
0.0
0.0
0.0
0.0
0.0
0.0
0.0
-0.00383297017269
0.0
-0.0463493840651
0.0
0.0
-0.174078646095
-0.493779490154
-0.160716939217
0.0
0.0
0.0
0.0
0.0
0.0
0.0
0.0
0.0
0.0
-0.0975105181042
0.0
0.0
0.0
0.0
-0.474146874928
0.0
0.0
-0.00286126770374
0.0
0.0
0.0
0.0
0.0
0.0
0.29478915668
0.0
0.0
0.0
0.0
0.0
0.0
0.0
0.0
-0.00817758132241
0.0
0.0
0.0
0.112417995041
0.0
0.0
0.0
-0.169718272177
-0.15307512593
0.0
0.0
-0.00559712915443
0.0
0.0
0.0
0.0
0.0
0.0
0.0
-0.0296573486459
0.0
0.0
0.0
0.0
0.0
0.0
0.0
0.0
0.0
0.0
-0.00106427596565
0.0
0.0
0.0
0.0
0.0
-0.267176582889
-0.343812710366
0.0
0.0
-0.0514233469871
-0.00427574284408
-0.0303661927586
0.0
0.0
0.0
-0.106028193952
0.0
0.0
0.132667249447
0.0
0.0
0.0715598490419
0.0
0.0
0.0
0.0
0.0
0.0
0.0
0.0
0.0
0.0
0.0
0.0
0.0
0.0
0.0
0.0
-0.00704309792145
0.0
0.0
0.0
0.0
0.0
0.0
0.0
0.0
0.0
0.0
-0.102307727287
-0.940873858996
-0.244010144911
0.0
-0.0945068935673
0.0
0.0
0.0
0.0
0.0
-0.117157992041
-0.0244798447571
-0.00183058232819
0.0
0.0
0.0
0.0
-0.153366415495
0.0
0.0
0.0
0.0
0.0995926427734
0.0
0.0
0.0
0.0
0.0
-0.121632061327
0.0
0.0
-0.0233508740458
0.0
0.0
0.0
-0.206238155701
0.0
0.0
0.0
0.0
0.0
0.0
-0.00110518435215
0.0
0.0
0.0
0.0
0.0
0.0
0.0
-0.00197974971032
0.0
-0.0583754899982
-0.00865395397443
0.0
0.0
0.0
0.0
0.0550717928554
-0.0958271081994
0.0
0.0
-0.497440688117
0.0
0.0
0.0
0.0
0.0
0.0
0.0
0.0
-0.0302658833476
0.0
0.0
-0.00246475292569
0.0
-0.0361185645397
-0.0210500124682
-0.0215469199316
-0.0195111056953
0.0
0.0
-1.34083599899
-0.0250252350443
-0.0532254752918
0.0
0.0
0.0
0.0
0.0
-0.229405981332
0.0
-0.0266568211513
0.0
-0.0180239395838
0.0
0.0
0.0
0.0
0.0
0.0
-1.69167393545
0.0
0.0
0.0
0.0
0.0
0.0
-0.0159579292098
0.0
0.0
-0.306068116553
0.0
0.0
0.0
0.0
-0.146127421497
0.0
0.0
0.0
0.0
0.0
0.0
-0.0372111272229
0.0
0.0
0.0
0.0
0.0
0.0
0.0
0.0
0.0
0.0
0.0
0.0
0.0
0.0
-0.117157992041
0.0
0.0
-0.0506659137313
0.0
0.0
0.0
0.0
0.0
0.0
0.0
0.0
0.0
-0.00490203788
0.0
0.0
-0.020568269363
-0.0860367375921
0.0
0.0
-0.0231236248782
0.0
-0.520538309638
0.0
-0.0756890940785
-0.204296186561
0.0
0.0
0.0
0.0
0.0
-0.119234689755
-0.0464698743
-1.93987714846
0.0
0.0
0.0
0.0
-0.171868066479
-0.00152522455168
0.0
-0.0568925423571
0.0
0.0
0.0
0.0
0.0
0.0
0.0
0.0
-0.394926530811
0.0
0.0
0.0
-0.207124104871
-0.00111457248368
0.0
0.0
-0.0110491249751
0.0
-0.0536841582457
0.0
0.0
0.0
-0.0026672018639
0.0
0.0
0.0
-0.630363563799
0.0
0.0
0.0
0.0
0.0
-0.111077567349
0.0
0.0
0.0
0.0
-0.00487229466828
0.0
0.0
0.396738310048
-0.00121883698592
0.0
0.0
-0.0899745049296
0.0
0.0
-0.283701730283
0.0
0.0
-0.0719672497583
0.0
0.0
-0.244154964426
0.0
0.0
-0.18623517909
0.0
0.0
0.0
0.0
0.0
0.0
0.0
-0.00253573992429
0.0
0.0
0.0
0.0
0.0
-0.0343434603005
0.0
0.0
0.0
0.0
-0.0447921559436
0.0
0.0
0.0
0.0
0.141949271996
0.0
0.0
0.0
-0.0304305766405
0.0
0.0
0.0
0.0
0.0
0.0
0.0
0.0
-0.835310435662
0.0
0.0
-0.929022900053
0.0
-0.00661810129228
0.0
0.0
0.0
0.0
0.0
0.0
-0.021867319531
0.0
0.0
0.0
0.0
0.0
0.0
0.0
0.0
0.0
0.0
-0.14543602952
0.0
-0.103674423567
0.0
0.0
0.0
0.0
0.0
0.0
0.0
-0.325488958072
0.0
-0.246664382505
0.0
0.0
0.0
0.0
0.0
0.0
0.0
0.0
0.0
0.0
0.0
0.0
0.869295345253
0.0
-0.0166445707429
0.0
-0.0322622359929
0.0
0.0
-0.0196792797078
0.0
0.0
0.0
0.0
-0.753141171114
0.0
-0.111077567349
0.0
0.0
0.0
0.0
0.0
0.0
0.117771669496
0.0
0.0
-0.0203630805411
0.0
0.226502624397
0.0
0.0
0.0
0.0
0.0
0.0
0.117771669496
0.0
0.0
0.0
-0.0165027926008
0.0
-0.180713768932
-0.0290472609287
0.0
0.0
-0.473972204515
0.0
0.0
0.0
0.0
-0.000816916887339
-0.901316042804
0.0
0.0
0.0
0.0
0.0
0.0
0.0
0.0
0.0
0.0
0.0
-0.00204016545948
0.0
0.0
-0.00571619119322
0.0
0.0
0.0
0.0
-0.517716145946
-0.121632061327
-0.0475096176
0.0
0.0526439150094
0.0
0.0
0.0
0.0
0.0
0.0
0.0
0.0
0.0
0.0
0.0
-0.0123187394672
0.0
0.0
0.0
0.0
-0.0454389404827
-0.00984308830472
0.0
0.0
0.0
0.0
0.0
-0.0114355198406
0.0
0.0
0.0
0.0
-0.00855412402151
-0.00476367525303
-0.00748923954147
-1.06277177714
-0.00325881018176
0.0
0.0
0.0
0.0
-0.00817758132241
0.0
0.0
0.0
0.0
0.0
0.0
0.0
0.0
0.0
0.0
0.0
0.0
0.0
0.0
0.0
0.0
0.0
0.0
0.0
0.0
0.0
-0.168334809401
0.0
0.0
-0.00748923954147
0.0
0.0
0.0
0.0
-0.0041974088464
-0.111929830953
0.0
-0.0271838349228
0.0
0.0
0.0
-0.0369400829015
0.0
-0.433854463994
0.0
0.0
0.0
0.0
0.0
-1.0822748029
0.0
-0.0152379887872
0.0
0.0
0.0
0.0
0.0
0.0
0.132667249447
0.0
0.0
0.0
0.0
-0.00992369686248
-0.029538516212
-0.0151340494169
0.0
0.141949271996
0.0
0.0
0.0
0.0
-0.486355735967
0.0
-0.197806230675
0.0
-0.123896169534
0.0
0.0
0.0
0.0
0.0
-0.0403543374612
-0.551710959522
0.0
0.0
0.0
0.0
-3.91367863376
0.0
0.0
0.0
-0.198190541877
-0.000950765017242
0.0
0.0
-0.136674749638
-0.0131309907376
0.0
0.0
-0.00314534981163
0.0
-0.0545168815477
0.0
0.0
-0.200169524012
0.0
0.0
0.0
0.0
0.0
0.0
0.0
0.0
0.0
0.0
0.0
0.0
0.0
0.0
0.0
0.0
0.0
0.0
0.0
0.0
0.0
0.0
0.0
0.0
0.0
0.0
0.0
0.0
0.0
0.0
0.0
0.0
0.0
0.0
0.0
0.0
0.0
0.0
0.0
0.0
0.0
0.0
0.0
0.0
0.0
0.0
0.0
0.0
0.0
0.0
-0.121632061327
0.0
-0.0271485863277
-0.0965215524324
0.0
0.0
0.0
-0.121632061327
0.0
0.0
0.0
0.350860064042
0.0
-0.189321568147
0.0
0.0
0.0
0.0
0.0
0.0
-0.187875317943
0.0
0.0
0.0
0.0
0.0
0.0
-0.525667194207
-0.625690813157
0.0
0.0
0.0
-0.151860637013
-0.133535544752
-0.119590189871
0.0
0.0
0.0
-0.011057939983
0.0
-0.0245685365794
0.0
0.0
0.0
0.0
0.0
0.0
0.0
-0.902334874359
-0.513384242773
0.0
-0.0593146972919
0.0
0.0
0.0
0.0
0.0
0.0
0.0
0.0
-0.632863444872
-0.0238504077469
0.0
0.0
0.0
0.0
0.0
-0.017960250511
-0.0131718343155
0.0297671389426
-0.141503293074
0.0
-0.0273041227723
0.0
-0.916663861089
0.0
0.0
-0.000726745543263
0.0
-0.214251404633
0.0
0.0
0.0
-0.00410674057071
0.0
0.0
-0.0189608398592
0.0
0.0
-0.445182508886
-0.0457216561047
0.0
0.0
-0.0821256723397
-0.207879827567
-0.00315892261145
0.0
0.0
0.0
-0.0442972872031
0.0
0.0
0.0
0.0
0.0
-0.122859659864
-0.122849442235
-0.102801727076
-0.4978717564
0.0
0.0
-0.00555151232376
0.0
0.0
0.0
0.156146603288
0.0
0.0
0.0
0.0
0.0
0.0
0.0
0.0
0.0
-0.611681539287
0.0
-0.181951565158
0.0
-0.257020555759
0.0
0.0
0.0
0.0
0.0
0.0
0.0
-0.00535835960609
0.0
0.0
0.0
0.0
0.0
0.0
0.0
0.0
0.0
0.0
0.0
0.0
0.0
0.0
0.0
0.0
0.0
-0.168891553163
0.0
0.0
0.0
0.0
0.0
0.0
0.0
0.0
0.0
0.0
0.0683068754066
0.0
0.0
0.0
0.0
0.0
-0.00220641099567
-0.480235587071
-0.0231126956038
0.0
0.16011458117
0.0
0.0
0.0
-0.36489618398
-0.073326536265
0.0
-0.0187455654842
0.0
0.0
0.0
0.0
0.0
-0.0114813701032
0.0
0.0
-0.0299288497551
-0.00924178216833
0.0
-0.0315786816714
-0.122859659864
0.0
0.0
0.0
0.0
0.0
0.0
0.0781699009534
0.0
0.0
0.0
0.0
-0.519909038273
0.0
0.0
0.0
-0.0158173583937
0.0
0.0
-0.569774197653
0.0
0.0
0.0
-0.035129654288
0.0
0.0
0.0
0.0
0.0
-0.0774360289209
0.0
0.0
-0.20012558694
-0.401121916427
-0.586375402127
0.0
-0.0254445445126
-1.13888045229
0.0
-0.412420215467
0.0
0.0
0.0
0.0
0.0
0.0
0.0
0.0
0.0
0.0
-0.0120846768347
-0.00787437079459
0.0
0.0
0.0
-0.238601496759
0.0
-0.060006338493
0.0
-0.353917650819
-0.118296491605
-0.0974760668132
-0.013012428372
0.0
0.0
0.0
0.0
0.0
0.0
-0.0343065595219
0.0
-0.390431980502
0.0
0.301891445023
3.09406943013
0.0
-0.0133520314262
0.0
0.0
0.0
0.0
0.0
0.0
-1.40904820249
0.0
0.0
0.0
-1.07044283512
0.0
0.0
0.0
0.0
-0.906715377113
0.0
-0.353757496344
0.0
0.0
0.0
0.0
0.0
0.0
0.0
0.0
0.0
0.0
0.0
0.0
0.0
0.0
0.0
0.0
0.0
-0.121632061327
-0.15188341343
-0.027056097375
0.0
0.0
-0.00248088702438
0.0
-0.0304305766405
0.0
0.0
0.0
0.0
-0.598698382207
-0.0309038190627
0.0
-0.243742645422
-0.162834539131
0.0
0.0
0.0
0.0
0.0
0.0
0.0
0.0
-0.290650151985
-0.00902575793843
0.0
0.0
0.0
-0.638610485396
0.0
-0.443103073032
0.0
-1.0309021406
0.0
0.0
0.0
0.0
0.0
0.0
0.0
0.0
0.0
0.0
-0.310168103639
0.0
0.0
-0.904730774577
0.0
-1.43865177222
-1.40613362165
0.0
0.28614744268
0.0
-0.0579907364884
0.0
0.0
0.0
-0.0142269311798
0.0
-0.00639269110217
-0.00595781620381
0.0
0.0
0.0
0.0
0.0
0.0
0.0
0.0
0.268998027663
0.0
0.0
0.0
0.0
0.0
0.0
0.0
0.0
0.0
0.0
0.0
0.0
0.0
0.0
0.0
0.0
0.0
0.0
0.0
0.0
0.0
0.0
0.0
0.0
0.0992324600686
0.0
0.0
-0.100305033847
-0.00259803640161
0.0
0.0
0.0
0.0
0.0
0.0
0.0
0.0
0.0
0.0
0.0
0.0
0.0
0.0
0.0
0.0
0.0
0.0
0.0
0.0
0.0
0.0
0.0
0.0
-0.0511838246726
0.0
0.0
0.0
0.0
0.598397812767
0.0
0.0
0.0
0.0
0.0
0.0
0.0
0.0
0.0
0.0
0.0
-0.0688698745875
0.0
0.0
0.0
-0.201726298203
-0.186173032316
0.0
0.0
0.0
-0.032484453973
0.0
0.0
0.0
0.0
0.312094165161
0.0
0.0
0.0
0.0
0.0
-0.0148992179932
0.0
0.0
0.0
0.0
0.0
0.0
0.0
0.0
0.0
-0.424900386984
0.0
0.0
0.0
0.0
0.0
-0.0278104653779
0.0
0.0
-0.438585251095
-0.596582180215
-0.151647408832
0.0
0.0
-0.166685489903
0.0
0.0
0.0
0.0
-0.248711490585
-0.140963064706
0.0
0.0
0.0
0.0
-0.303457051398
-0.029690370842
-0.224410715774
-0.0518606136701
0.0
-0.228564140707
0.0478554672403
0.0
0.0
0.0
0.0
-0.0581128205547
0.0
-0.883427907904
0.0
-0.520738787865
0.0
0.0
0.0
-0.222424897937
0.0
0.0
0.0
-0.00690724243835
0.0
-0.0079839410928
-0.121632061327
0.0
0.0
-0.121632061327
-0.0435243132158
0.0
0.0
0.0
0.0
-0.0375183073214
0.0
0.0
0.0
0.0
0.0
0.0
0.0
-0.0158702583467
-0.0164340499066
-0.0151830963793
-0.186902587442
0.0
0.0
0.0
0.0
0.0
0.0787960293966
0.0
-0.146937466798
0.0
0.0
0.0
-0.196670671124
0.0
0.0
-0.42418479435
0.0
-0.145231902267
0.0
0.0
0.0
0.0
0.0
0.0
0.0
-0.0150235450265
-0.103158721874
0.0
0.0
-0.0139704384487
0.0
0.0
0.0
0.0
0.0
-0.00880197725607
0.0
0.0
0.0
0.0
0.0501344848694
0.0
-0.770640412777
-0.00085835519018
0.0
-1.27085767191
0.0
0.0
0.0
-0.192207882646
-0.20963635985
-0.00206868568604
0.0
-0.0583676130655
0.0
0.0
0.0
0.0
0.0
-0.3418294587
0.0
0.0
0.0
0.0
0.0
-0.0151475731416
0.0
0.0
-0.243264122653
0.0
0.0
0.0
0.0
0.0
0.0
0.0
-0.0296573486459
0.0
-0.0140576346724
-0.0583982347521
-0.0318407173767
0.0
-0.198082812928
-0.00462532567224
0.0
0.578511005555
0.0641172319408
-0.0196617913145
0.0
0.0
0.0
0.0
0.0
0.0
0.0
0.0
-0.00210611177909
0.0
-0.326417244162
-0.421689933281
-0.038163960674
-0.0372111272229
-0.0351338217969
-1.12453935178
-0.0287859716794
0.0
0.0
0.0
0.0
0.0
-0.152049160271
0.0
0.0
0.0
-0.0238776366786
0.0
-0.00693848462676
0.0
0.0
0.0
0.0
0.0
0.0
-0.136288572506
-0.0232611717679
0.30958692028
-0.622117206859
0.0
-0.143439597794
-0.219020675282
-0.0423393203455
-0.0146931884444
0.0
0.0
0.0
0.0
0.0
0.0
0.0
-0.03055354097
-0.0296573486459
0.0
-0.249768636407
0.0
0.0
0.0
-0.515493465599
-0.0994876777972
-0.101516446827
0.0
-0.00222154820164
-0.0745447112016
0.0
0.0
0.0
0.0
0.0
0.0
-0.0308223784784
0.0
0.0
-1.41069557951
-0.0246295249074
0.0
0.0
0.0
0.29478915668
-0.0372111272229
0.0
-0.00110518435215
0.0
0.0
0.0
0.0
0.0
0.0
0.0
-0.0339727838573
0.0
-0.000726745543263
0.0
0.0
-0.0389672296662
0.0
0.0
0.0
0.0
0.0
-0.215896316732
0.0
0.0
0.0
0.0
0.229574334081
0.0
0.0
0.0
0.0
-0.014836303722
0.0
0.0
0.0
0.0
0.0
0.0
0.0
0.0
0.0
0.0
0.0
0.0
-0.448928308508
0.0
0.0
0.0
0.0
0.0
0.0
0.0
-0.392938793098
-0.385739563877
0.0
0.0
0.0
0.0
0.0
-0.291074799122
0.0
0.0
0.0
0.0
-0.581381061031
0.0
0.0
-3.45680685407
-0.173702697461
0.0
0.0
0.0
-0.0358598994485
0.0
-0.0595403142821
-0.0868957896263
-0.00219733567509
-1.00908223037
-0.237535851112
0.0931420902971
-0.126133561019
0.0
0.0
0.0
0.0
0.0
0.0
-0.0123938306456
0.0
0.0
-0.121632061327
-0.0188979622819
0.0
0.0
0.0
0.0
0.0
0.0
0.0
0.0
-0.615389043249
-0.0168979827245
0.0
0.0
0.168914571985
0.0
0.0
-0.0702600211363
0.0
0.0
0.0
0.167578764775
-0.0453866200193
0.0
0.0
-0.0495414830758
-0.361190201746
0.0
0.0
-0.343784272411
-0.0025035453309
-0.00570581761667
0.0
-0.00151632992768
0.0
-0.0165975298429
-0.117439871537
0.0
0.0
-0.291598051733
0.0
-0.00632296569228
0.0
0.0
0.0
0.0
-0.268999867844
0.0
0.0
0.0
0.0
-0.0842499148895
0.0
0.0
-0.0138366202295
0.0
0.0
0.0
-0.177704526849
0.0
-0.116527199292
0.0
-0.00509365365382
-0.00639928729832
0.0
0.0
0.0
-0.243264122653
0.0
0.0
0.0
0.0
0.0
0.0
0.0
0.0
0.0
0.0
-0.0559059620396
0.0
0.0
0.0
0.0
0.0
0.0
0.0
0.0
0.0
0.0
0.0
0.0
0.0
0.0
0.0
0.0
0.0
0.0
-0.162834539131
0.0
-0.0242972310739
0.0
0.0
0.0
0.0
0.0
0.0
0.0
0.0
0.0
0.0
0.0
0.0
-0.0608958555088
0.0
0.0
0.0
0.0
-0.107909096141
0.0
0.0
0.0
0.0
0.0
0.0
-0.0144673587391
1.21079275444
0.0
-2.76812508432
0.0
-0.0592209032631
0.0
0.0
0.0
0.0
0.0
0.0
0.0
0.0
0.0
0.0
0.0
0.0
0.0
0.0
0.0
0.0
0.0
0.0
0.0
0.0
0.0
0.0
0.0
0.0
0.0
0.0
0.0
0.0
0.0
0.0
0.0
0.0
0.0
0.0
0.0
0.0
0.0
0.0
0.0
0.0
0.0
0.0
0.0
0.0
0.0
0.0
0.0
0.0
0.0
0.0
0.0
0.0
0.0
0.0
0.0
0.142972332455
0.0
-0.994491160723
-0.496533751121
0.0
0.0
0.0
0.0
0.0
-0.0362892289247
0.0
0.0
1.29171582371
0.0
0.0
0.0
0.0
-0.00837943785608
0.0
0.0
0.0
-0.110755827898
-0.131803603163
-0.121632061327
0.0
0.0
0.0
0.0
0.0
0.0
-0.022265566379
0.0
0.0
0.0
0.0
0.0
0.0
0.0
0.0
0.0
-0.306442087448
-0.0637029812696
-0.0703131020987
0.0
0.0
0.0
0.0
0.0
0.0
0.0
-0.697961856353
0.0
0.0
0.0
0.0
-0.0508222026756
0.0
0.0
-3.38628319692
0.0
0.0
0.0
0.0
0.0
0.0
0.0
0.0
0.0
0.0
0.0
0.0
0.0
0.0
0.0
0.0
0.0
-0.636107294981
-0.09001100116
0.0
0.0860426752412
0.0
0.0
0.0
-0.559651949849
0.0
-0.534816047491
0.0
0.0
-0.00836415977103
0.0
0.0
0.0
0.0
0.0
0.0
0.0
0.0
-0.0117958232489
0.0
0.0
-0.0144673587391
0.0
0.0
0.0
0.0
0.0
0.0
0.0
0.0
0.0
0.0
0.0
-0.00204016545948
0.0
0.0
0.0
0.0
0.0
0.0
0.0
0.0
0.0
-0.0647226298038
0.0
0.0
0.0
0.0
-0.439108534131
0.0
0.0
0.0
0.0
0.0
0.0
0.0
-0.0344200590819
-0.326768018123
0.0
0.0
0.0
0.0
0.0
-0.125389291051
0.0
-0.0372111272229
-0.341165049248
0.0
0.0
0.0
0.0
-0.0266129230276
-0.330756554829
0.0
0.0
0.0
-0.00441899420118
0.0
0.0
0.0
0.0
-0.00383297017269
0.0
0.0
0.0
0.0
0.0
0.0
0.0
0.0
-1.07872001797
0.0
0.0
0.0
0.0
0.0
0.0
-0.0833999802066
0.0
-0.0368060925546
0.0
0.0
0.0
0.0
0.0
0.0
0.0
0.0
0.0
-0.121632061327
0.0
0.103663707951
0.0
0.0
-0.11699949134
0.0
0.0
0.0
0.0
-0.122859659864
0.0
0.0
-0.286320938192
0.0
-0.0222037634656
0.0
-0.0167502993876
0.0
0.0
0.0
0.0
0.0
0.0
-0.00515718020553
0.0
0.0
0.0
0.0
0.0
0.0
0.0
0.0
0.0
0.0
0.0
-0.0126391901674
0.0
0.0
0.0
0.0
-0.00476367525303
0.0
0.0
-0.671140767266
-1.1878410512
0.0
0.0
0.0
0.0
0.0
0.0
0.0
0.0
0.0
0.0
0.0
0.0
0.0
0.0
-0.105351460518
0.0
-0.101568919038
-0.160716939217
-0.0255132538938
-0.327761977724
0.0
0.0
0.0
0.0
0.0
0.0
0.0
0.0
0.0
0.0
0.0
0.287953114296
0.0
0.0
0.0
0.0
0.0
-0.847976335494
0.0
0.0
0.0
0.0
0.0
-0.00085835519018
0.0
0.154265944658
0.0501344848694
0.0
0.0
0.0
0.0
0.0
0.0
-0.142202195735
0.0
0.0
0.0
0.0
0.0
0.0
0.0
0.0
0.0
0.0
-0.0023984925491
0.0
0.0
-0.365844369838
0.0
0.0
0.0
-0.0426512597683
0.0
0.0
0.0
0.0
0.0
0.0
0.0
0.0
0.0
-0.00367165411381
-0.168047688089
0.0
0.23450442879
0.0
0.0
0.0
0.0
0.0
-0.0515202318893
-0.0128233058932
0.0
0.0
-0.026328407135
0.0
0.0
-0.0467144097498
0.0
0.0
0.386535309723
0.0
0.0
0.0
0.0
0.0
0.0
0.0
0.0
0.0
0.0
0.0
0.0
0.0
0.0
0.0
0.0
0.0
0.0
0.0
0.0
0.0
0.0
0.0
0.237365740425
0.0
0.0
-0.0552286593527
-0.00333014118999
-0.186173032316
0.0
0.0
-2.51396735069
0.0
0.0
-0.0246467052929
0.0
0.0
0.0
0.0
0.0
0.0
0.0
-0.840212673853
0.0
0.0
0.0
0.119310699156
0.0
0.0
-0.114273366345
0.0
0.0
-0.25831311085
0.0
-0.167760797205
0.0
0.0
0.0
0.0
0.0
0.0
-0.00282525531001
-0.0155618761097
0.0
0.0
0.0
-0.110143328878
0.0
-0.342959386559
0.0
0.0
0.0
0.30525335399
0.0
0.0
0.0
0.0
0.0
-0.135572077847
0.0
0.0
0.0
0.0
0.0
0.0
0.0
0.0
0.0
0.0
0.0
0.0
0.0
0.122436727181
0.0
0.0
0.0
0.0
0.0
0.0
0.0
0.0
0.0
0.0
-0.0372111272229
0.0
0.0
0.0
-0.474290474794
0.0
0.0182141382929
0.0
-0.398979223599
-0.0188979622819
-0.289765052553
0.0895468688594
0.0
0.0
0.0
-0.00235895766078
0.0
0.0
-0.0101644691874
-0.0128441686175
-0.00246180664345
0.0
0.0
0.0
0.0
0.0
0.0
0.0
0.0
0.0
0.0
0.0
0.0
-0.155593893986
0.0
0.0
0.0
0.0
0.0
0.0
0.0
0.0
0.0
0.0
0.0
0.0
0.0
0.0
0.0
-0.061038325566
0.0
0.0
0.0
0.0
0.0
0.0
0.0
0.0
-0.0301357373195
0.0
0.0
0.0
0.0
0.0
0.0
-0.0296573486459
-0.0349508198231
0.0
0.0
0.0
0.234423563956
0.0
-0.573466722933
-0.00834538405164
0.0
0.0
0.0
0.0
0.0
-0.0860367375921
0.0
0.0
0.0
0.0
0.0
0.0
-0.129624297665
0.0
0.0
0.0
0.0
0.0
0.0
0.0
0.0
0.0
0.0
0.0957109344806
-0.114532309113
0.0
0.0
0.0
0.0
-0.0630469632215
0.0715598490419
0.0
0.0
-0.500797893898
0.0
-0.0382446910508
-0.0228532855801
0.0
0.0
0.0
0.0
0.0
0.0
-0.0227432323718
0.0
0.0
-0.0144132324987
0.0
-0.00210611177909
0.0
0.0
0.0
0.0
0.0
0.0
0.0
0.0
0.0
0.0
0.0
0.0
-0.712372551919
0.0
0.0
0.0
0.0
-0.190261729922
0.0
0.0
-0.0111850610819
0.0
-0.0375755791266
0.0
0.0
0.0
0.0
0.0
0.0
-0.244103007468
0.0
0.0
0.0
-0.00555922159527
0.0
0.143119698084
0.0
-0.0173821439278
0.0
0.311277417788
0.0
0.102907524623
0.19701370753
0.0
0.0
0.0
0.0
0.0
0.0
0.0
0.0
0.0
-0.280593741169
0.0
0.0
-3.38628319692
-0.243264122653
0.0
0.0
0.0
0.0
0.0
0.0
0.0
-0.808935487702
0.0
0.0
0.0
0.0
0.0
0.0
-0.381890133632
-0.00085835519018
0.0
-0.173732902048
0.0
-0.0173611322913
0.0
0.0
-0.0204857462272
0.0
0.0
0.0
-0.0379168087249
0.0
0.0
0.0
0.0
0.0
0.0
-0.0254031505347
0.0
0.0
0.0
0.0
0.0
0.0
0.0
0.0
0.0
0.0
0.0
0.0
0.0
0.0
0.0
0.0
0.0
0.0
0.0
0.29478915668
0.0
0.0
0.0
0.0
0.0
-0.00602885572264
0.0
0.854706149168
-0.116648593588
0.0
-0.164559249737
0.0
0.0
0.0
0.0
0.0
-0.354335511715
-0.243264122653
0.0
-0.0251681309342
0.0
0.0
0.0
0.0
0.0
0.0
0.0
-0.0225835993331
0.0
-0.0362614637558
0.0
0.0
0.0
0.0
0.0
0.0
0.0
-0.258059010279
0.0
-0.0928877411638
0.0
-0.0859332825673
0.0
-0.224871393014
0.0
0.0478554672403
0.0
-0.113687634292
0.0
0.0
-0.150529398304
0.0
0.0
0.0
0.481379261665
0.0
0.0
0.0
-0.0218144190025
-0.0120188827311
-0.0392207779705
0.0
0.0
0.0
0.0
0.0
0.0
0.0
0.0
0.0
-0.171973262522
0.0
0.0
0.0
0.0
-0.00721814256028
0.0
0.0
0.0
-0.0530728463754
-0.30107652587
0.0
0.0
0.0
0.0
0.110608604769
0.0
-0.00118987684477
-0.00145589076575
0.0
-6.27748230451
0.0
0.0
0.0
0.0
0.0
0.0
0.0
0.0
0.0
0.0
0.0
-0.00693848462676
-0.090461239272
-0.0457065711602
0.0
-0.0565712254698
-0.19709531904
0.0
0.0
-0.0369700579394
0.0
0.0
0.0
0.0
0.0
0.0
0.0
0.0
0.0
0.0
0.0
0.0
0.0
0.0439594608702
0.0
0.0
0.0987052694987
0.0
-0.00651421628649
0.0
0.0
0.0
0.0
0.0
0.0
0.0
0.0
0.0
-1.76490543669
0.0
0.0
0.0
0.0
-0.0372111272229
0.0
0.0
0.0
0.0
-0.02189498328
0.264899656224
-0.113275738258
-0.0128413468182
0.0
0.0
0.0
0.0
-0.107981493841
0.0
0.167906154365
0.0
0.0
-0.40453308189
-0.121632061327
0.0
0.0
-0.239822131638
0.0
0.0
0.0
0.0
-0.128760714625
0.0
-0.040486576118
0.0
-0.00185342641436
-0.0465677194059
0.0
0.0
0.0
0.0
0.0
-0.0147820857711
0.0
0.0
0.0
-0.0847879248534
0.0
0.0
0.0
0.0
0.0683068754066
0.0
-0.110576991164
0.0
0.0
0.0
-0.92354830935
0.0
0.0
0.0462384784993
0.0
0.0
0.0
0.0
0.0
0.0
-0.0825200088633
0.0
0.257965664581
-0.714446557641
0.0
-0.0309614651928
0.0
0.0
-0.0460264463898
0.0
0.0
0.0
0.0
0.0
0.0
-0.066635303782
-0.00620241909008
0.0
0.0
-0.464214685453
0.0
0.0
0.0
0.0
0.930582084602
0.0
0.0
0.0
0.0
0.0
0.0
-0.00282829323756
0.0
0.0
0.0
-0.0469642975259
0.0
0.0478554672403
0.0
0.0
-0.0167502993876
0.0
0.0
0.261444583494
0.0
0.0
0.0
-0.0435696655604
-0.138028385368
0.0
0.273720044178
-0.0135901897612
0.0
0.0
0.0
0.0
0.0
0.0
-0.0116505796106
0.0
0.0
0.0
0.0
-0.301374513364
-0.042296160667
0.0
0.0
-0.00324674028881
0.0
0.0
-0.0169604773765
0.0
0.0
0.0
0.0
0.0
0.0
0.0
0.0
0.0
-0.0248399427702
0.0
-0.10274033771
-0.268267723823
0.0
0.0
0.0
0.0
0.0
0.0
0.0
0.0
0.0
0.0
0.0
0.0
0.0
0.0
0.0
0.0
0.0
0.0
0.0
0.0
0.0
0.0
0.0
0.0
0.0
0.0
0.0
0.0
0.0
0.0
0.0
0.0
0.0
0.0
0.0
0.0
0.0
0.0
0.0
0.0
0.0
0.0
0.0
0.0
0.0
0.0
0.0
0.0
0.0
0.0
0.0
0.0
0.0
0.0
0.0
0.0
0.0
0.0
0.0
0.0
0.0
0.0
0.0
0.0
0.0
0.0
0.0
0.0
0.0
0.0
0.0
0.0
0.0
0.0
0.0
0.0
0.0
0.0
0.0
0.0
0.0
0.0
0.0
0.0
0.0
0.0
0.0
0.0
0.0
0.0
0.0
0.0
0.0
0.0
0.0
0.0
0.0
0.0
0.0
0.0
0.0
0.0
0.0
0.0
0.0
0.0
0.0
0.0
0.0
0.0
0.0
0.0
0.0
0.0
0.0
0.0
0.0
0.0
0.0
0.0
0.0
0.0
0.0
0.0
0.0
0.0
0.0
0.0
0.0
0.0
0.0
0.0
0.0
0.0
0.0
0.0
0.0
0.0
0.0
0.0
0.0
0.0
0.0
0.0
0.0
0.0
0.0
0.0
0.0
0.0
0.0
0.0
0.0
0.0
0.0
0.0
0.0
0.0
0.0
0.0
0.0
0.0
0.0
0.0
0.0
0.0
0.0
0.0
0.0
0.0
0.0
0.0
0.0
0.0
0.0
0.0
0.0
0.0
0.0
0.0
0.0
0.0
0.0
0.0
0.0
0.0
0.0
0.0
0.0
0.0
0.0
0.0
0.0
0.0
0.0
0.0
0.0
0.0
0.0
0.0
0.0
0.0
0.0
0.0
0.0
0.0
0.0
0.0
0.0
0.0
0.0
0.0
0.0
0.0
0.0
0.0
0.0
0.0
0.0
0.0
0.0
0.0
0.0
0.0
0.0
0.0
0.0
0.0
0.0
0.0
0.0
0.0
0.0
0.0
0.0
0.0
0.0
0.0
0.0
0.0
0.0
0.0
0.0
0.0
0.0
0.0
0.0
0.0
0.0
0.0
0.0
0.0
0.0
0.0
0.0
0.0
0.0
0.0
0.0
0.0
0.0
0.0
0.0
0.0
0.0
0.0
0.0
0.0
0.0
0.0
0.0
0.0
0.0
0.0
0.0
0.0
0.0
0.0
0.0
0.0
0.0
0.0
0.0
0.0
0.0
0.0
0.0
0.0
0.0
0.0
0.0
0.0
0.0
0.0
0.0
0.0
0.0
0.0
0.0
0.0
0.0
0.0
0.0
0.0
0.0
0.0
0.0
0.0
0.0
0.0
0.0
0.0
0.0
0.0
0.0
0.0
0.0
0.0
0.0
0.0
0.0
0.0
0.0
0.0
0.0
0.0
0.0
0.0
0.0
0.0
0.0
0.0
0.0
0.0
0.0
0.0
0.0
0.0
0.0
0.0
0.0
0.0
0.0
0.0
0.0
0.0
0.0
0.0
0.0
0.0
0.0
0.0
0.0
0.0
0.0
0.0
0.0
0.0
0.0
0.0
0.0
0.0
0.0
0.0
0.0
0.0
0.0
0.0
0.0
0.0
0.0
0.0
0.0
0.0
0.0
0.0
0.0
0.0
0.0
0.0
0.0
0.0
0.0
0.0
0.0
0.0
0.0
0.0
0.0
0.0
0.0
0.0
0.0
0.0
0.0
0.0
0.0
0.0
0.0
0.0
0.0
0.0
0.0
0.0
0.0
0.0
0.0
0.0
0.0
0.0
0.0
0.0
0.0
0.0
0.0
0.0
0.0
0.0
0.0
0.0
0.0
0.0
0.0
0.0
0.0
0.0
0.0
0.0
0.0
0.0
0.0
0.0
0.0
0.0
0.0
0.0
0.0
0.0
0.0
0.0
0.0
0.0
0.0
0.0
0.0
0.0
0.0
0.0
0.0
0.0
0.0
0.0
0.0
0.0
0.0
0.0
0.0
0.0
0.0
0.0
0.0
0.0
0.0
0.0
0.0
0.0
0.0
0.0
0.0
0.0
0.0
0.0
0.0
0.0
0.0
0.0
0.0
0.0
0.0
0.0
0.0
0.0
0.0
0.0
0.0
0.0
0.0
0.0
0.0
0.0
0.0
0.0
0.0
0.0
0.0
0.0
0.0
0.0
0.0
0.0
0.0
0.0
0.0
0.0
0.0
0.0
0.0
0.0
0.0
0.0
0.0
0.0
0.0
0.0
0.0
0.0
0.0
0.0
0.0
0.0
0.0
0.0
0.0
0.0
0.0
0.0
0.0
0.0
0.0
0.0
0.0
0.0
0.0
0.0
0.0
0.0
0.0
0.0
0.0
0.0
0.0
0.0
0.0
0.0
0.0
0.0
0.0
0.0
0.0
0.0
0.0
0.0
0.0
0.0
0.0
0.0
0.0
0.0
0.0
0.0
0.0
0.0
0.0
0.0
0.0
0.0
0.0
0.0
0.0
0.0
0.0
0.0
0.0
0.0
0.0
0.0
0.0
0.0
0.0
0.0
0.0
0.0
0.0
0.0
0.0
0.0
0.0
0.0
0.0
0.0
0.0
0.0
0.0
0.0
0.0
0.0
0.0
0.0
0.0
0.0
0.0
0.0
0.0
0.0
0.0
0.0
0.0
0.0
0.0
0.0
0.0
0.0
0.0
0.0
0.0
0.0
0.0
0.0
0.0
0.0
0.0
0.0
0.0
0.0
0.0
0.0
0.0
0.0
0.0
0.0
0.0
0.0
0.0
0.0
0.0
0.0
0.0
0.0
0.0
0.0
0.0
0.0
0.0
0.0
0.0
0.0
0.0
0.0
0.0
0.0
0.0
0.0
0.0
0.0
0.0
0.0
0.0
0.0
0.0
0.0
0.0
0.0
0.0
0.0
0.0
0.0
0.0
0.0
0.0
0.0
0.0
0.0
0.0
0.0
0.0
0.0
0.0
0.0
0.0
0.0
0.0
0.0
0.0
0.0
0.0
0.0
0.0
0.0
0.0
0.0
0.0
0.0
0.0
0.0
0.0
0.0
0.0
0.0
0.0
0.0
0.0
0.0
0.0
0.0
0.0
0.0
0.0
0.0
0.0
0.0
0.0
0.0
0.0
0.0
0.0
0.0
0.0
0.0
0.0
0.0
0.0
0.0
0.0
0.0
0.0
0.0
0.0
0.0
0.0
0.0
0.0
0.0
0.0
0.0
0.0
0.0
0.0
0.0
0.0
0.0
0.0
0.0
0.0
0.0
0.0
0.0
0.0
0.0
0.0
0.0
0.0
0.0
0.0
0.0
0.0
0.0
0.0
0.0
0.0
0.0
0.0
0.0
0.0
0.0
0.0
0.0
0.0
0.0
0.0
0.0
0.0
0.0
0.0
0.0
0.0
0.0
0.0
0.0
0.0
0.0
0.0
0.0
0.0
0.0
0.0
0.0
0.0
0.0
0.0
0.0
0.0
0.0
0.0
0.0
0.0
0.0
0.0
0.0
0.0
0.0
0.0
0.0
0.0
0.0
0.0
0.0
0.0
0.0
0.0
0.0
0.0
0.0
0.0
0.0
0.0
0.0
0.0
0.0
0.0
0.0
0.0
0.0
0.0
0.0
0.0
0.0
0.0
0.0
0.0
0.0
0.0
0.0
0.0
0.0
0.0
0.0
0.0
0.0
0.0
0.0
0.0
0.0
0.0
0.0
0.0
0.0
0.0
0.0
0.0
0.0
0.0
0.0
0.0
0.0
0.0
0.0
0.0
0.0
0.0
0.0
0.0
0.0
0.0
0.0
0.0
0.0
0.0
0.0
0.0
0.0
0.0
0.0
0.0
0.0
0.0
0.0
0.0
0.0
0.0
0.0
0.0
0.0
0.0
0.0
0.0
0.0
0.0
0.0
0.0
0.0
0.0
0.0
0.0
0.0
0.0
0.0
0.0
0.0
0.0
0.0
0.0
0.0
0.0
0.0
0.0
0.0
0.0
0.0
0.0
0.0
0.0
0.0
0.0
0.0
0.0
0.0
0.0
0.0
0.0
0.0
0.0
0.0
0.0
0.0
0.0
0.0
0.0
0.0
0.0
0.0
0.0
0.0
0.0
0.0
0.0
0.0
0.0
0.0
0.0
0.0
0.0
0.0
0.0
0.0
0.0
0.0
0.0
0.0
0.0
0.0
0.0
0.0
0.0
0.0
0.0
0.0
0.0
0.0
0.0
0.0
0.0
0.0
0.0
0.0
0.0
0.0
0.0
0.0
0.0
0.0
0.0
0.0
0.0
0.0
0.0
0.0
0.0
0.0
0.0
0.0
0.0
0.0
0.0
0.0
0.0
0.0
0.0
0.0
0.0
0.0
0.0
0.0
0.0
0.0
0.0
0.0
0.0
0.0
0.0
0.0
0.0
0.0
0.0
0.0
0.0
0.0
0.0
0.0
0.0
0.0
0.0
0.0
0.0
0.0
0.0
0.0
0.0
0.0
0.0
0.0
0.0
0.0
0.0
0.0
0.0
0.0
0.0
0.0
0.0
0.0
0.0
0.0
0.0
0.0
0.0
0.0
0.0
0.0
0.0
0.0
0.0
0.0
0.0
0.0
0.0
0.0
0.0
0.0
0.0
0.0
0.0
0.0
0.0
0.0
0.0
0.0
0.0
0.0
0.0
0.0
0.0
0.0
0.0
0.0
0.0
0.0
0.0
0.0
0.0
0.0
0.0
0.0
0.0
0.0
0.0
0.0
0.0
0.0
0.0
0.0
0.0
0.0
0.0
0.0
0.0
0.0
0.0
0.0
0.0
0.0
0.0
0.0
0.0
0.0
0.0
0.0
0.0
0.0
0.0
0.0
0.0
0.0
0.0
0.0
0.0
0.0
0.0
0.0
0.0
0.0
0.0
0.0
0.0
0.0
0.0
0.0
0.0
0.0
0.0
0.0
0.0
0.0
0.0
0.0
0.0
0.0
0.0
0.0
0.0
0.0
0.0
0.0
0.0
0.0
0.0
0.0
0.0
0.0
0.0
0.0
0.0
0.0
0.0
0.0
0.0
0.0
0.0
0.0
0.0
0.0
0.0
0.0
0.0
0.0
0.0
0.0
0.0
0.0
0.0
0.0
0.0
0.0
0.0
0.0
0.0
0.0
0.0
0.0
0.0
0.0
0.0
0.0
0.0
0.0
0.0
0.0
0.0
0.0
0.0
0.0
0.0
0.0
0.0
0.0
0.0
0.0
0.0
0.0
0.0
0.0
0.0
0.0
0.0
0.0
0.0
0.0
0.0
0.0
0.0
0.0
0.0
0.0
0.0
0.0
0.0
0.0
0.0
0.0
0.0
0.0
0.0
0.0
0.0
0.0
0.0
0.0
0.0
0.0
0.0
0.0
0.0
0.0
0.0
0.0
0.0
0.0
0.0
0.0
0.0
0.0
0.0
0.0
0.0
0.0
0.0
0.0
0.0
0.0
0.0
0.0
0.0
0.0
0.0
0.0
0.0
0.0
0.0
0.0
0.0
0.0
0.0
0.0
0.0
0.0
0.0
0.0
0.0
0.0
0.0
0.0
0.0
0.0
0.0
0.0
0.0
0.0
0.0
0.0
0.0
0.0
0.0
0.0
0.0
0.0
0.0
0.0
0.0
0.0
0.0
0.0
0.0
0.0
0.0
0.0
0.0
0.0
0.0
0.0
0.0
0.0
0.0
0.0
0.0
0.0
0.0
0.0
0.0
0.0
0.0
0.0
0.0
0.0
0.0
0.0
0.0
0.0
0.0
0.0
0.0
0.0
0.0
0.0
0.0
0.0
0.0
0.0
0.0
0.0
0.0
0.0
0.0
0.0
0.0
0.0
0.0
0.0
0.0
0.0
0.0
0.0
0.0
0.0
0.0
0.0
0.0
0.0
0.0
0.0
0.0
0.0
0.0
0.0
0.0
0.0
0.0
0.0
0.0
0.0
0.0
0.0
0.0
0.0
0.0
0.0
0.0
0.0
0.0
0.0
0.0
0.0
0.0
0.0
0.0
0.0
0.0
0.0
0.0
0.0
0.0
0.0
0.0
0.0
0.0
0.0
0.0
0.0
0.0
0.0
0.0
0.0
0.0
0.0
0.0
0.0
0.0
0.0
0.0
0.0
0.0
0.0
0.0
0.0
0.0
0.0
0.0
0.0
0.0
0.0
0.0
0.0
0.0
0.0
0.0
0.0
0.0
0.0
0.0
0.0
0.0
0.0
0.0
0.0
0.0
0.0
0.0
0.0
0.0
0.0
0.0
0.0
0.0
0.0
0.0
0.0
0.0
0.0
0.0
0.0
0.0
0.0
0.0
0.0
0.0
0.0
0.0
0.0
0.0
0.0
0.0
0.0
0.0
0.0
0.0
0.0
0.0
0.0
0.0
0.0
0.0
0.0
0.0
0.0
0.0
0.0
0.0
0.0
0.0
0.0
0.0
0.0
0.0
0.0
0.0
0.0
0.0
0.0
0.0
0.0
0.0
0.0
0.0
0.0
0.0
0.0
0.0
0.0
0.0
0.0
0.0
0.0
0.0
0.0
0.0
0.0
0.0
0.0
0.0
0.0
0.0
0.0
0.0
0.0
0.0
0.0
0.0
0.0
0.0
0.0
0.0
0.0
0.0
0.0
0.0
0.0
0.0
0.0
0.0
0.0
0.0
0.0
0.0
0.0
0.0
0.0
0.0
0.0
0.0
0.0
0.0
0.0
0.0
0.0
0.0
0.0
0.0
0.0
0.0
0.0
0.0
0.0
0.0
0.0
0.0
0.0
0.0
0.0
0.0
0.0
0.0
0.0
0.0
0.0
0.0
0.0
0.0
0.0
0.0
0.0
0.0
0.0
0.0
0.0
0.0
0.0
0.0
0.0
0.0
0.0
0.0
0.0
0.0
0.0
0.0
0.0
0.0
0.0
0.0
0.0
0.0
0.0
0.0
0.0
0.0
0.0
0.0
0.0
0.0
0.0
0.0
0.0
0.0
0.0
0.0
0.0
0.0
0.0
0.0
0.0
0.0
0.0
0.0
0.0
0.0
0.0
0.0
0.0
0.0
0.0
0.0
0.0
0.0
0.0
0.0
0.0
0.0
0.0
0.0
0.0
0.0
0.0
0.0
0.0
0.0
0.0
0.0
0.0
0.0
0.0
0.0
0.0
0.0
0.0
0.0
0.0
0.0
0.0
0.0
0.0
0.0
0.0
0.0
0.0
0.0
0.0
0.0
0.0
0.0
0.0
0.0
0.0
0.0
0.0
0.0
0.0
0.0
0.0
0.0
0.0
0.0
0.0
0.0
0.0
0.0
0.0
0.0
0.0
0.0
0.0
0.0
0.0
0.0
0.0
0.0
0.0
0.0
0.0
0.0
0.0
0.0
0.0
0.0
0.0
0.0
0.0
0.0
0.0
0.0
0.0
0.0
0.0
0.0
0.0
0.0
0.0
0.0
0.0
0.0
0.0
0.0
0.0
0.0
0.0
0.0
0.0
0.0
0.0
0.0
0.0
0.0
0.0
0.0
0.0
0.0
0.0
0.0
0.0
0.0
0.0
0.0
0.0
0.0
0.0
0.0
0.0
0.0
0.0
0.0
0.0
0.0
0.0
0.0
0.0
0.0
0.0
0.0
0.0
0.0
0.0
0.0
0.0
0.0
0.0
0.0
0.0
0.0
0.0
0.0
0.0
0.0
0.0
0.0
0.0
0.0
0.0
0.0
0.0
0.0
0.0
0.0
0.0
0.0
0.0
0.0
0.0
0.0
0.0
0.0
0.0
0.0
0.0
0.0
0.0
0.0
0.0
0.0
0.0
0.0
0.0
0.0
0.0
0.0
0.0
0.0
0.0
0.0
0.0
0.0
0.0
0.0
0.0
0.0
0.0
0.0
0.0
0.0
0.0
0.0
0.0
0.0
0.0
0.0
0.0
0.0
0.0
0.0
0.0
0.0
0.0
0.0
0.0
0.0
0.0
0.0
0.0
0.0
0.0
0.0
0.0
0.0
0.0
0.0
0.0
0.0
0.0
0.0
0.0
0.0
0.0
0.0
0.0
0.0
0.0
0.0
0.0
0.0
0.0
0.0
0.0
0.0
0.0
0.0
0.0
0.0
0.0
0.0
0.0
0.0
0.0
0.0
0.0
0.0
0.0
0.0
0.0
0.0
0.0
0.0
0.0
0.0
0.0
0.0
0.0
0.0
0.0
0.0
0.0
0.0
0.0
0.0
0.0
0.0
0.0
0.0
0.0
0.0
0.0
0.0
0.0
0.0
0.0
0.0
0.0
0.0
0.0
0.0
0.0
0.0
0.0
0.0
0.0
0.0
0.0
0.0
0.0
0.0
0.0
0.0
0.0
0.0
0.0
0.0
0.0
0.0
0.0
0.0
0.0
0.0
0.0
0.0
0.0
0.0
0.0
0.0
0.0
0.0
0.0
0.0
0.0
0.0
0.0
0.0
0.0
0.0
0.0
0.0
0.0
0.0
0.0
0.0
0.0
0.0
0.0
0.0
0.0
0.0
0.0
0.0
0.0
0.0
0.0
0.0
0.0
0.0
0.0
0.0
0.0
0.0
0.0
0.0
0.0
0.0
0.0
0.0
0.0
0.0
0.0
0.0
0.0
0.0
0.0
0.0
0.0
0.0
0.0
0.0
0.0
0.0
0.0
0.0
0.0
0.0
0.0
0.0
0.0
0.0
0.0
0.0
0.0
0.0
0.0
0.0
0.0
0.0
0.0
0.0
0.0
0.0
0.0
0.0
0.0
0.0
0.0
0.0
0.0
0.0
0.0
0.0
0.0
0.0
0.0
0.0
0.0
0.0
0.0
0.0
0.0
0.0
0.0
0.0
0.0
0.0
0.0
0.0
0.0
0.0
0.0
0.0
0.0
0.0
0.0
0.0
0.0
0.0
0.0
0.0
0.0
0.0
0.0
0.0
0.0
0.0
0.0
0.0
0.0
0.0
0.0
0.0
0.0
0.0
0.0
0.0
0.0
0.0
0.0
0.0
0.0
0.0
0.0
0.0
0.0
0.0
0.0
0.0
0.0
0.0
0.0
0.0
0.0
0.0
0.0
0.0
0.0
0.0
0.0
0.0
0.0
0.0
0.0
0.0
0.0
0.0
0.0
0.0
0.0
0.0
0.0
0.0
0.0
0.0
0.0
0.0
0.0
0.0
0.0
0.0
0.0
0.0
0.0
0.0
0.0
0.0
0.0
0.0
0.0
0.0
0.0
0.0
0.0
0.0
0.0
0.0
0.0
0.0
0.0
0.0
0.0
0.0
0.0
0.0
0.0
0.0
0.0
0.0
0.0
0.0
0.0
0.0
0.0
0.0
0.0
0.0
0.0
0.0
0.0
0.0
0.0
0.0
0.0
0.0
0.0
0.0
0.0
0.0
0.0
0.0
0.0
0.0
0.0
0.0
0.0
0.0
0.0
0.0
0.0
0.0
0.0
0.0
0.0
0.0
0.0
0.0
0.0
0.0
0.0
0.0
0.0
0.0
0.0
0.0
0.0
0.0
0.0
0.0
0.0
0.0
0.0
0.0
0.0
0.0
0.0
0.0
0.0
0.0
0.0
0.0
0.0
0.0
0.0
0.0
0.0
0.0
0.0
0.0
0.0
0.0
0.0
0.0
0.0
0.0
0.0
0.0
0.0
0.0
0.0
0.0
0.0
0.0
0.0
0.0
0.0
0.0
0.0
0.0
0.0
0.0
0.0
0.0
0.0
0.0
0.0
0.0
0.0
0.0
0.0
0.0
0.0
0.0
0.0
0.0
0.0
0.0
0.0
0.0
0.0
0.0
0.0
0.0
0.0
0.0
0.0
0.0
0.0
0.0
0.0
0.0
0.0
0.0
0.0
0.0
0.0
0.0
0.0
0.0
0.0
0.0
0.0
0.0
0.0
0.0
0.0
0.0
0.0
0.0
0.0
0.0
0.0
0.0
0.0
0.0
0.0
0.0
0.0
0.0
0.0
0.0
0.0
0.0
0.0
0.0
0.0
0.0
0.0
0.0
0.0
0.0
0.0
0.0
0.0
0.0
0.0
0.0
0.0
0.0
0.0
0.0
0.0
0.0
0.0
0.0
0.0
0.0
0.0
0.0
0.0
0.0
0.0
0.0
0.0
0.0
0.0
0.0
0.0
0.0
0.0
0.0
0.0
0.0
0.0
0.0
0.0
0.0
0.0
0.0
0.0
0.0
0.0
0.0
0.0
0.0
0.0
0.0
0.0
0.0
0.0
0.0
0.0
0.0
0.0
0.0
0.0
0.0
0.0
0.0
0.0
0.0
0.0
0.0
0.0
0.0
0.0
0.0
0.0
0.0
0.0
0.0
0.0
0.0
0.0
0.0
0.0
0.0
0.0
0.0
0.0
0.0
0.0
0.0
0.0
0.0
0.0
0.0
0.0
0.0
0.0
0.0
0.0
0.0
0.0
0.0
0.0
0.0
0.0
0.0
0.0
0.0
0.0
0.0
0.0
0.0
0.0
0.0
0.0
0.0
0.0
0.0
0.0
0.0
0.0
0.0
0.0
0.0
0.0
0.0
0.0
0.0
0.0
0.0
0.0
0.0
0.0
0.0
0.0
0.0
0.0
0.0
0.0
0.0
0.0
0.0
0.0
0.0
0.0
0.0
0.0
0.0
0.0
0.0
0.0
0.0
0.0
0.0
0.0
0.0
0.0
0.0
0.0
0.0
0.0
0.0
0.0
0.0
0.0
0.0
0.0
0.0
0.0
0.0
0.0
0.0
0.0
0.0
0.0
0.0
0.0
0.0
0.0
0.0
0.0
0.0
0.0
0.0
0.0
0.0
0.0
0.0
0.0
0.0
0.0
0.0
0.0
0.0
0.0
0.0
0.0
0.0
0.0
0.0
0.0
0.0
0.0
0.0
0.0
0.0
0.0
0.0
0.0
0.0
0.0
0.0
0.0
0.0
0.0
0.0
0.0
0.0
0.0
0.0
0.0
0.0
0.0
0.0
0.0
0.0
0.0
0.0
0.0
0.0
0.0
0.0
0.0
0.0
0.0
0.0
0.0
0.0
0.0
0.0
0.0
0.0
0.0
0.0
0.0
0.0
0.0
0.0
0.0
0.0
0.0
0.0
0.0
0.0
0.0
0.0
0.0
0.0
0.0
0.0
0.0
0.0
0.0
0.0
0.0
0.0
0.0
0.0
0.0
0.0
0.0
0.0
0.0
0.0
0.0
0.0
0.0
0.0
0.0
0.0
0.0
0.0
0.0
0.0
0.0
0.0
0.0
0.0
0.0
0.0
0.0
0.0
0.0
0.0
0.0
0.0
0.0
0.0
0.0
0.0
0.0
0.0
0.0
0.0
0.0
0.0
0.0
0.0
0.0
0.0
0.0
0.0
0.0
0.0
0.0
0.0
0.0
0.0
0.0
0.0
0.0
0.0
0.0
0.0
0.0
0.0
0.0
0.0
0.0
0.0
0.0
0.0
0.0
0.0
0.0
0.0
0.0
0.0
0.0
0.0
0.0
0.0
0.0
0.0
0.0
0.0
0.0
0.0
0.0
0.0
0.0
0.0
0.0
0.0
0.0
0.0
0.0
0.0
0.0
0.0
0.0
0.0
0.0
0.0
0.0
0.0
0.0
0.0
0.0
0.0
0.0
0.0
0.0
0.0
0.0
0.0
0.0
0.0
0.0
0.0
0.0
0.0
0.0
0.0
0.0
0.0
0.0
0.0
0.0
0.0
0.0
0.0
0.0
0.0
0.0
0.0
0.0
0.0
0.0
0.0
0.0
0.0
0.0
0.0
0.0
0.0
0.0
0.0
0.0
0.0
0.0
0.0
0.0
0.0
0.0
0.0
0.0
0.0
0.0
0.0
0.0
0.0
0.0
0.0
0.0
0.0
0.0
0.0
0.0
0.0
0.0
0.0
0.0
0.0
0.0
0.0
0.0
0.0
0.0
0.0
0.0
0.0
0.0
0.0
0.0
0.0
0.0
0.0
0.0
0.0
0.0
0.0
0.0
0.0
0.0
0.0
0.0
0.0
0.0
0.0
0.0
0.0
0.0
0.0
0.0
0.0
0.0
0.0
0.0
0.0
0.0
0.0
0.0
0.0
0.0
0.0
0.0
0.0
0.0
0.0
0.0
0.0
0.0
0.0
0.0
0.0
0.0
0.0
0.0
0.0
0.0
0.0
0.0
0.0
0.0
0.0
0.0
0.0
0.0
0.0
0.0
0.0
0.0
0.0
0.0
0.0
0.0
0.0
0.0
0.0
0.0
0.0
0.0
0.0
0.0
0.0
0.0
0.0
0.0
0.0
0.0
0.0
0.0
0.0
0.0
0.0
0.0
0.0
0.0
0.0
0.0
0.0
0.0
0.0
0.0
0.0
0.0
0.0
0.0
0.0
0.0
0.0
0.0
0.0
0.0
0.0
0.0
0.0
0.0
0.0
0.0
0.0
0.0
0.0
0.0
0.0
0.0
0.0
0.0
0.0
0.0
0.0
0.0
0.0
0.0
0.0
0.0
0.0
0.0
0.0
0.0
0.0
0.0
0.0
0.0
0.0
0.0
0.0
0.0
0.0
0.0
0.0
0.0
0.0
0.0
0.0
0.0
0.0
0.0
0.0
0.0
0.0
0.0
0.0
0.0
0.0
0.0
0.0
0.0
0.0
0.0
0.0
0.0
0.0
0.0
0.0
0.0
0.0
0.0
0.0
0.0
0.0
0.0
0.0
0.0
0.0
0.0
0.0
0.0
0.0
0.0
0.0
0.0
0.0
0.0
0.0
0.0
0.0
0.0
0.0
0.0
0.0
0.0
0.0
0.0
0.0
0.0
0.0
0.0
0.0
0.0
0.0
0.0
0.0
0.0
0.0
0.0
0.0
0.0
0.0
0.0
0.0
0.0
0.0
0.0
0.0
0.0
0.0
0.0
0.0
0.0
0.0
0.0
0.0
0.0
0.0
0.0
0.0
0.0
0.0
0.0
0.0
0.0
0.0
0.0
0.0
0.0
0.0
0.0
0.0
0.0
0.0
0.0
0.0
0.0
0.0
0.0
0.0
0.0
0.0
0.0
0.0
0.0
0.0
0.0
0.0
0.0
0.0
0.0
0.0
0.0
0.0
0.0
0.0
0.0
0.0
0.0
0.0
0.0
0.0
0.0
0.0
0.0
0.0
0.0
0.0
0.0
0.0
0.0
0.0
0.0
0.0
0.0
0.0
0.0
0.0
0.0
0.0
0.0
0.0
0.0
0.0
0.0
0.0
0.0
0.0
0.0
0.0
0.0
0.0
0.0
0.0
0.0
0.0
0.0
0.0
0.0
0.0
0.0
0.0
0.0
0.0
0.0
0.0
0.0
0.0
0.0
0.0
0.0
0.0
0.0
0.0
0.0
0.0
0.0
0.0
0.0
0.0
0.0
0.0
0.0
0.0
0.0
0.0
0.0
0.0
0.0
0.0
0.0
0.0
0.0
0.0
0.0
0.0
0.0
0.0
0.0
0.0
0.0
0.0
0.0
0.0
0.0
0.0
0.0
0.0
0.0
0.0
0.0
0.0
0.0
0.0
0.0
0.0
0.0
0.0
0.0
0.0
0.0
0.0
0.0
0.0
0.0
0.0
0.0
0.0
0.0
0.0
0.0
0.0
0.0
0.0
0.0
0.0
0.0
0.0
0.0
0.0
0.0
0.0
0.0
0.0
0.0
0.0
0.0
0.0
0.0
0.0
0.0
0.0
0.0
0.0
0.0
0.0
0.0
0.0
0.0
0.0
0.0
0.0
0.0
0.0
0.0
0.0
0.0
0.0
0.0
0.0
0.0
0.0
0.0
0.0
0.0
0.0
0.0
0.0
0.0
0.0
0.0
0.0
0.0
0.0
0.0
0.0
0.0
0.0
0.0
0.0
0.0
0.0
0.0
0.0
0.0
0.0
0.0
0.0
0.0
0.0
0.0
0.0
0.0
0.0
0.0
0.0
0.0
0.0
0.0
0.0
0.0
0.0
0.0
0.0
0.0
0.0
0.0
0.0
0.0
0.0
0.0
0.0
0.0
0.0
0.0
0.0
0.0
0.0
0.0
0.0
0.0
0.0
0.0
0.0
0.0
0.0
0.0
0.0
0.0
0.0
0.0
0.0
0.0
0.0
0.0
0.0
0.0
0.0
0.0
0.0
0.0
0.0
0.0
0.0
0.0
0.0
0.0
0.0
0.0
0.0
0.0
0.0
0.0
0.0
0.0
0.0
0.0
0.0
0.0
0.0
0.0
0.0
0.0
0.0
0.0
0.0
0.0
0.0
0.0
0.0
0.0
0.0
0.0
0.0
0.0
0.0
0.0
0.0
0.0
0.0
0.0
0.0
0.0
0.0
0.0
0.0
0.0
0.0
0.0
0.0
0.0
0.0
0.0
0.0
0.0
0.0
0.0
0.0
0.0
0.0
0.0
0.0
0.0
0.0
0.0
0.0
0.0
0.0
0.0
0.0
0.0
0.0
0.0
0.0
0.0
0.0
0.0
0.0
0.0
0.0
0.0
0.0
0.0
0.0
0.0
0.0
0.0
0.0
0.0
0.0
0.0
0.0
0.0
0.0
0.0
0.0
0.0
0.0
0.0
0.0
0.0
0.0
0.0
0.0
0.0
0.0
0.0
0.0
0.0
0.0
0.0
0.0
0.0
0.0
0.0
0.0
0.0
0.0
0.0
0.0
0.0
0.0
0.0
0.0
0.0
0.0
0.0
0.0
0.0
0.0
0.0
0.0
0.0
0.0
0.0
0.0
0.0
0.0
0.0
0.0
0.0
0.0
0.0
0.0
0.0
0.0
0.0
0.0
0.0
0.0
0.0
0.0
0.0
0.0
0.0
0.0
0.0
0.0
0.0
0.0
0.0
0.0
0.0
0.0
0.0
0.0
0.0
0.0
0.0
0.0
0.0
0.0
0.0
0.0
0.0
0.0
0.0
0.0
0.0
0.0
0.0
0.0
0.0
0.0
0.0
0.0
0.0
0.0
0.0
0.0
0.0
0.0
0.0
0.0
0.0
0.0
0.0
0.0
0.0
0.0
0.0
0.0
0.0
0.0
0.0
0.0
0.0
0.0
0.0
0.0
0.0
0.0
0.0
0.0
0.0
0.0
0.0
0.0
0.0
0.0
0.0
0.0
0.0
0.0
0.0
0.0
0.0
0.0
0.0
0.0
0.0
0.0
0.0
0.0
0.0
0.0
0.0
0.0
0.0
0.0
0.0
0.0
0.0
0.0
0.0
0.0
0.0
0.0
0.0
0.0
0.0
0.0
0.0
0.0
0.0
0.0
0.0
0.0
0.0
0.0
0.0
0.0
0.0
0.0
0.0
0.0
0.0
0.0
0.0
0.0
0.0
0.0
0.0
0.0
0.0
0.0
0.0
0.0
0.0
0.0
0.0
0.0
0.0
0.0
0.0
0.0
0.0
0.0
0.0
0.0
0.0
0.0
0.0
0.0
0.0
0.0
0.0
0.0
0.0
0.0
0.0
0.0
0.0
0.0
0.0
0.0
0.0
0.0
0.0
0.0
0.0
0.0
0.0
0.0
0.0
0.0
0.0
0.0
0.0
0.0
0.0
0.0
0.0
0.0
0.0
0.0
0.0
0.0
0.0
0.0
0.0
0.0
0.0
0.0
0.0
0.0
0.0
0.0
0.0
0.0
0.0
0.0
0.0
0.0
0.0
0.0
0.0
0.0
0.0
0.0
0.0
0.0
0.0
0.0
0.0
0.0
0.0
0.0
0.0
0.0
0.0
0.0
0.0
0.0
0.0
0.0
0.0
0.0
0.0
0.0
0.0
0.0
0.0
0.0
0.0
0.0
0.0
0.0
0.0
0.0
0.0
0.0
0.0
0.0
0.0
0.0
0.0
0.0
0.0
0.0
0.0
0.0
0.0
0.0
0.0
0.0
0.0
0.0
0.0
0.0
0.0
0.0
0.0
0.0
0.0
0.0
0.0
0.0
0.0
0.0
0.0
0.0
0.0
0.0
0.0
0.0
0.0
0.0
0.0
0.0
0.0
0.0
0.0
0.0
0.0
0.0
0.0
0.0
0.0
0.0
0.0
0.0
0.0
0.0
0.0
0.0
0.0
0.0
0.0
0.0
0.0
0.0
0.0
0.0
0.0
0.0
0.0
0.0
0.0
0.0
0.0
0.0
0.0
0.0
0.0
0.0
0.0
0.0
0.0
0.0
0.0
0.0
0.0
0.0
0.0
0.0
0.0
0.0
0.0
0.0
0.0
0.0
0.0
0.0
0.0
0.0
0.0
0.0
0.0
0.0
0.0
0.0
0.0
0.0
0.0
0.0
0.0
0.0
0.0
0.0
0.0
0.0
0.0
0.0
0.0
0.0
0.0
0.0
0.0
0.0
0.0
0.0
0.0
0.0
0.0
0.0
0.0
0.0
0.0
0.0
0.0
0.0
0.0
0.0
0.0
0.0
0.0
0.0
0.0
0.0
0.0
0.0
0.0
0.0
0.0
0.0
0.0
0.0
0.0
0.0
0.0
0.0
0.0
0.0
0.0
0.0
0.0
0.0
0.0
0.0
0.0
0.0
0.0
0.0
0.0
0.0
0.0
0.0
0.0
0.0
0.0
0.0
0.0
0.0
0.0
0.0
0.0
0.0
0.0
0.0
0.0
0.0
0.0
0.0
0.0
0.0
0.0
0.0
0.0
0.0
0.0
0.0
0.0
0.0
0.0
0.0
0.0
0.0
0.0
0.0
0.0
0.0
0.0
0.0
0.0
0.0
0.0
0.0
0.0
0.0
0.0
0.0
0.0
0.0
0.0
0.0
0.0
0.0
0.0
0.0
0.0
0.0
0.0
0.0
0.0
0.0
0.0
0.0
0.0
0.0
0.0
0.0
0.0
0.0
0.0
0.0
0.0
0.0
0.0
0.0
0.0
0.0
0.0
0.0
0.0
0.0
0.0
0.0
0.0
0.0
0.0
0.0
0.0
0.0
0.0
0.0
0.0
0.0
0.0
0.0
0.0
0.0
0.0
0.0
0.0
0.0
0.0
0.0
0.0
0.0
0.0
0.0
0.0
0.0
0.0
0.0
0.0
0.0
0.0
0.0
0.0
0.0
0.0
0.0
0.0
0.0
0.0
0.0
0.0
0.0
0.0
0.0
0.0
0.0
0.0
0.0
0.0
0.0
0.0
0.0
0.0
0.0
0.0
0.0
0.0
0.0
0.0
0.0
0.0
0.0
0.0
0.0
0.0
0.0
0.0
0.0
0.0
0.0
0.0
0.0
0.0
0.0
0.0
0.0
0.0
0.0
0.0
0.0
0.0
0.0
0.0
0.0
0.0
0.0
0.0
0.0
0.0
0.0
0.0
0.0
0.0
0.0
0.0
0.0
0.0
0.0
0.0
0.0
0.0
0.0
0.0
0.0
0.0
0.0
0.0
0.0
0.0
0.0
0.0
0.0
0.0
0.0
0.0
0.0
0.0
0.0
0.0
0.0
0.0
0.0
0.0
0.0
0.0
0.0
0.0
0.0
0.0
0.0
0.0
0.0
0.0
0.0
0.0
0.0
0.0
0.0
0.0
0.0
0.0
0.0
0.0
0.0
0.0
0.0
0.0
0.0
0.0
0.0
0.0
0.0
0.0
0.0
0.0
0.0
0.0
0.0
0.0
0.0
0.0
0.0
0.0
0.0
0.0
0.0
0.0
0.0
0.0
0.0
0.0
0.0
0.0
0.0
0.0
0.0
0.0
0.0
0.0
0.0
0.0
0.0
0.0
0.0
0.0
0.0
0.0
0.0
0.0
0.0
0.0
0.0
0.0
0.0
0.0
0.0
0.0
0.0
0.0
0.0
0.0
0.0
0.0
0.0
0.0
0.0
0.0
0.0
0.0
0.0
0.0
0.0
0.0
0.0
0.0
0.0
0.0
0.0
0.0
0.0
0.0
0.0
0.0
0.0
0.0
0.0
0.0
0.0
0.0
0.0
0.0
0.0
0.0
0.0
0.0
0.0
0.0
0.0
0.0
0.0
0.0
0.0
0.0
0.0
0.0
0.0
0.0
0.0
0.0
0.0
0.0
0.0
0.0
0.0
0.0
0.0
0.0
0.0
0.0
0.0
0.0
0.0
0.0
0.0
0.0
0.0
0.0
0.0
0.0
0.0
0.0
0.0
0.0
0.0
0.0
0.0
0.0
0.0
0.0
0.0
0.0
0.0
0.0
0.0
0.0
0.0
0.0
0.0
0.0
0.0
0.0
0.0
0.0
0.0
0.0
0.0
0.0
0.0
0.0
0.0
0.0
0.0
0.0
0.0
0.0
0.0
0.0
0.0
0.0
0.0
0.0
0.0
0.0
0.0
0.0
0.0
0.0
0.0
0.0
0.0
0.0
0.0
0.0
0.0
0.0
0.0
0.0
0.0
0.0
0.0
0.0
0.0
0.0
0.0
0.0
0.0
0.0
0.0
0.0
0.0
0.0
0.0
0.0
0.0
0.0
0.0
0.0
0.0
0.0
0.0
0.0
0.0
0.0
0.0
0.0
0.0
0.0
0.0
0.0
0.0
0.0
0.0
0.0
0.0
0.0
0.0
0.0
0.0
0.0
0.0
0.0
0.0
0.0
0.0
0.0
0.0
0.0
0.0
0.0
0.0
0.0
0.0
0.0
0.0
0.0
0.0
0.0
0.0
0.0
0.0
0.0
0.0
0.0
0.0
0.0
0.0
0.0
0.0
0.0
0.0
0.0
0.0
0.0
0.0
0.0
0.0
0.0
0.0
0.0
0.0
0.0
0.0
0.0
0.0
0.0
0.0
0.0
0.0
0.0
0.0
0.0
0.0
0.0
0.0
0.0
0.0
0.0
0.0
0.0
0.0
0.0
0.0
0.0
0.0
0.0
0.0
0.0
0.0
0.0
0.0
0.0
0.0
0.0
0.0
0.0
0.0
0.0
0.0
0.0
0.0
0.0
0.0
0.0
0.0
0.0
0.0
0.0
0.0
0.0
0.0
0.0
0.0
0.0
0.0
0.0
0.0
0.0
0.0
0.0
0.0
0.0
0.0
0.0
0.0
0.0
0.0
0.0
0.0
0.0
0.0
0.0
0.0
0.0
0.0
0.0
0.0
0.0
0.0
0.0
0.0
0.0
0.0
0.0
0.0
0.0
0.0
0.0
0.0
0.0
0.0
0.0
0.0
0.0
0.0
0.0
0.0
0.0
0.0
0.0
0.0
0.0
0.0
0.0
0.0
0.0
0.0
0.0
0.0
0.0
0.0
0.0
0.0
0.0
0.0
0.0
0.0
0.0
0.0
0.0
0.0
0.0
0.0
0.0
0.0
0.0
0.0
0.0
0.0
0.0
0.0
0.0
0.0
0.0
0.0
0.0
0.0
0.0
0.0
0.0
0.0
0.0
0.0
0.0
0.0
0.0
0.0
0.0
0.0
0.0
0.0
0.0
0.0
0.0
0.0
0.0
0.0
0.0
0.0
0.0
0.0
0.0
0.0
0.0
0.0
0.0
0.0
0.0
0.0
0.0
0.0
0.0
0.0
0.0
0.0
0.0
0.0
0.0
0.0
0.0
0.0
0.0
0.0
0.0
0.0
0.0
0.0
0.0
0.0
0.0
0.0
0.0
0.0
0.0
0.0
0.0
0.0
0.0
0.0
0.0
0.0
0.0
0.0
0.0
0.0
0.0
0.0
0.0
0.0
0.0
0.0
0.0
0.0
0.0
0.0
0.0
0.0
0.0
0.0
0.0
0.0
0.0
0.0
0.0
0.0
0.0
0.0
0.0
0.0
0.0
0.0
0.0
0.0
0.0
0.0
0.0
0.0
0.0
0.0
0.0
0.0
0.0
0.0
0.0
0.0
0.0
0.0
0.0
0.0
0.0
0.0
0.0
0.0
0.0
0.0
0.0
0.0
0.0
0.0
0.0
0.0
0.0
0.0
0.0
0.0
0.0
0.0
0.0
0.0
0.0
0.0
0.0
0.0
0.0
0.0
0.0
0.0
0.0
0.0
0.0
0.0
0.0
0.0
0.0
0.0
0.0
0.0
0.0
0.0
0.0
0.0
0.0
0.0
0.0
0.0
0.0
0.0
0.0
0.0
0.0
0.0
0.0
0.0
0.0
0.0
0.0
0.0
0.0
0.0
0.0
0.0
0.0
0.0
0.0
0.0
0.0
0.0
0.0
0.0
0.0
0.0
0.0
0.0
0.0
0.0
0.0
0.0
0.0
0.0
0.0
0.0
0.0
0.0
0.0
0.0
0.0
0.0
0.0
0.0
0.0
0.0
0.0
0.0
0.0
0.0
0.0
0.0
0.0
0.0
0.0
0.0
0.0
0.0
0.0
0.0
0.0
0.0
0.0
0.0
0.0
0.0
0.0
0.0
0.0
0.0
0.0
0.0
0.0
0.0
0.0
0.0
0.0
0.0
0.0
0.0
0.0
0.0
0.0
0.0
0.0
0.0
0.0
0.0
0.0
0.0
0.0
0.0
0.0
0.0
0.0
0.0
0.0
0.0
0.0
0.0
0.0
0.0
0.0
0.0
0.0
0.0
0.0
0.0
0.0
0.0
0.0
0.0
0.0
0.0
0.0
0.0
0.0
0.0
0.0
0.0
0.0
0.0
0.0
0.0
0.0
0.0
0.0
0.0
0.0
0.0
0.0
0.0
0.0
0.0
0.0
0.0
0.0
0.0
0.0
0.0
0.0
0.0
0.0
0.0
0.0
0.0
0.0
0.0
0.0
0.0
0.0
0.0
0.0
0.0
0.0
0.0
0.0
0.0
0.0
0.0
0.0
0.0
0.0
0.0
0.0
0.0
0.0
0.0
0.0
0.0
0.0
0.0
0.0
0.0
0.0
0.0
0.0
0.0
0.0
0.0
0.0
