-0.422160286846
-3.13792159067
0.0
0.0
0.0
-0.0275500578949
-0.137349511655
0.0
-0.0398026784636
0.0
0.232124546121
-0.112928918728
-0.076611979705
-0.411382069488
0.0
-0.0438210638893
-0.327849020045
-0.567171133132
-0.0338223683857
-0.00842717478487
0.0
0.0
0.0
0.0
0.0
0.223618260923
-0.0384504328494
-0.0326614223373
0.0
0.0
-0.00693659081966
-0.244808972664
0.0
0.0
0.437977723056
-0.0212174073447
0.0
0.85316497956
-0.130665381284
0.0
-0.0103484302072
-0.367983334991
-0.236060734472
0.0
-0.0203306204094
-0.0151997946116
0.0
0.0
0.119807999643
0.0
-0.160617671179
-0.0124131910872
-0.0691580680381
-0.594828095906
-0.015189391077
-0.0151842049767
-0.0392573565671
-0.0307159499991
0.0
0.0
0.0
0.723305650109
-0.0649345277045
0.0
0.0
-0.00741522510073
-0.0538620674847
0.0
-0.278139654508
-0.0432954118321
-0.00142324445429
0.0
-0.011489677467
-0.000881803202127
-0.0105928609074
0.0
0.0
-0.0411873488049
0.0
-1.32725103273
-1.53339087057
-1.60581328517
-1.2764765059
0.0
0.0
0.0
0.0
0.0
0.0
-0.000746121527457
0.0
0.0
0.00840154964942
-0.00649580853715
0.0
-0.814508850964
0.0
0.0
0.0
-0.669753061195
-0.0396401401624
-0.756742471545
-0.0283967763653
0.0
-1.35495660745
-0.0192797249873
0.0
0.0
-0.489528477995
0.0
-0.460222409619
0.0
0.0
0.0
0.0
-0.429574235845
0.0
-0.117723540885
0.0
0.0
0.0
0.0
-0.499092988541
0.0
0.0
0.0
0.0
0.0
0.0
-2.16100141627
-0.990761890969
-0.355967866481
-0.104972826895
0.0
0.0
0.0
0.0
0.0
-1.21133260933
0.0
0.0
0.0
-0.79524639386
0.0
0.0
0.0
0.0
0.0
-0.401339342092
0.0
0.0
0.0
0.0
-0.889175816355
0.0
-0.0262087547142
-0.177819538937
0.0
0.0
0.0
0.0
-0.808677737532
-0.113403485141
-0.892531713244
0.0
0.0
-0.354566339783
0.0
0.0
0.0
-0.62742726891
0.0
0.0
-0.233318684403
0.0
0.0
0.0
0.0
0.0
-0.883494221227
-0.665097327103
-1.61030750211
0.147754890796
-0.209507353657
0.0
-0.0192917930477
0.0
-0.124773247135
-0.634958016726
0.0
-1.0289685146
0.0
-0.178113339515
-0.712554640445
0.0
0.0
0.0
0.0
0.0
0.0
-0.808099799307
0.0
-1.24412311861
-0.145169079269
0.0
0.0
0.0
-0.0185737388915
0.0
0.0
0.0
0.0
-0.924005343695
0.0
-0.707285159622
-0.0101903924124
0.0
-0.401014173617
-0.106273051133
0.0
-0.295609341131
0.0
-0.00553287885198
-0.00128097410889
0.0
0.0
0.0
0.0
-1.38781767368
-1.58049372961
-0.439897780804
0.0
0.0
0.0
-0.0168059161644
-0.805362537963
-0.00367731984867
-0.373343369283
0.0
0.0
-0.0117239436225
-0.281824219064
-0.315074124051
0.0
-0.379776923727
0.0
-0.44195181081
-0.116399454074
-1.11725201894
-0.555088119095
-0.836412832645
-0.0300853996341
0.0
0.0
-0.114953530103
0.0
0.0
0.0
0.0
0.0
0.0
0.0
-1.3175291987
-0.547713126955
-0.0472307668066
0.0
-0.186069396723
0.0
0.111472943696
0.0664531732508
-0.00285080779355
0.253773901622
-0.151764278116
-0.0757532295758
-0.661437060807
-0.223378421954
0.0
0.0
-0.204726072516
0.0
-0.661658281861
0.0
-0.579630454953
0.0
-0.364084643901
0.0
-0.124773247135
0.0
0.0
0.0
-0.550873427288
-1.13842071628
-0.156998248794
0.151814788415
0.0
0.0
0.0
0.0
-1.02349381778
0.0
0.0
-0.521221577374
-0.0218448237492
0.0
-1.05035032393
-0.0080894025227
0.0
-0.589415001807
0.0
-0.360000035152
0.0
-0.406460650356
0.0
-0.114032484838
0.0
-0.246172413098
-0.0480358215303
-0.398354022964
0.0
0.0
0.0
-2.26563274001
-0.975861809016
-0.085729292769
0.0
0.0
0.0
0.0
0.0
0.0
0.0
0.0
-0.15386771977
-0.449819814745
0.0
-0.575651149397
-0.0012249866605
0.0
-0.167831279542
0.0
0.0
-0.145765451167
-0.354638716242
0.0
-0.139950889177
0.0
-0.581722410393
-0.439122069079
-0.0730577404191
-0.00119791231245
0.0
-2.05474722642
-0.438040299074
-0.163548437322
-0.192012652302
-0.0015258682512
0.0
-0.0790885263926
0.0
0.0
-0.223776334054
-0.0511610150095
-0.698402849532
-0.116425412547
-0.167822975907
0.0
0.0
-0.100821012864
0.0
-0.638703153785
0.214731268813
0.0
-0.450352102758
0.254792963145
0.0
0.0
0.0
-0.566536196048
0.0
0.0
0.0
-1.71735732209
-0.564037275378
-0.387807994457
-0.163074889313
0.0
0.0
0.239315823688
0.0
-0.192121482559
0.220718325859
0.0
-0.488736143345
0.481601122786
0.0
-0.295523738143
-0.00766011507628
0.0
-0.159736862428
0.0
0.0
0.231940359412
0.0
0.0
0.000295093439739
-0.0542390126075
0.44270834997
0.0
-0.113035477813
-0.134966606274
0.0
-0.498601218197
0.184755244376
0.0
-0.87361587794
-0.10963952363
0.239756309526
0.494431671632
0.151652839198
0.684675938323
0.0795880347329
0.0
0.0
0.0
-1.95477790763
0.120718212803
0.0
0.291900167233
0.249475541223
-0.0967303400954
0.570757151254
0.34215710602
-0.435145432782
-0.0802296652561
0.120025713543
0.245757075455
0.33984671752
0.277121808431
-1.13916238275
0.62405931179
1.12282206999
0.274977320086
1.37192826261
-0.144196882822
0.455363692688
0.190648130496
0.363381678553
0.15372575505
0.21737158742
-0.241018082099
0.648461088498
0.39315421521
0.516554151308
0.0
0.125927725706
-0.493778610987
0.430496128904
0.645645269686
0.227592233877
-0.238628465833
0.142958227159
0.77328484323
-0.148260461525
-0.0352770251808
0.663566455435
-0.060249722295
-0.508585211038
0.103768990697
0.374427118964
1.05772495658
0.272340322723
0.18560397976
0.0488628478601
-0.313400470308
0.439183873222
0.880554015741
-0.0872242365695
-0.379838953199
-0.200600006945
0.229086891514
-0.356128800312
-0.416074044614
-0.299962175003
0.216538467765
0.203214154759
-1.21801694913
-0.86403308911
0.0
-0.121121866375
-0.754057464001
-0.557939391612
-0.904019392202
-0.991085423062
-0.709485861423
0.161694086623
-0.641326521774
-0.785300757455
-1.03013582844
-1.12492101839
-0.685402444442
-1.03822450053
-0.407705523066
-1.659419898
-0.570619387983
-0.923283153596
-0.912728674874
-1.51221590888
-0.994903851323
-1.05587458355
-1.15206997203
0.0
0.0
0.0
0.0
-0.0806438024845
0.0
0.0
0.0
-0.00773758342633
0.0
-0.000711706586591
0.0
0.0
0.0
0.0
0.0
0.0
-0.714289534683
-1.14697983657
-0.733155849163
-0.776163470462
-0.100462745546
-0.23837235888
-1.36989584473
-2.01930301405
-0.984248350339
-1.81574640725
-1.77148486591
-1.84365186979
-1.89847945712
-2.4770318682
0.0
-0.0078685856578
0.0
0.0
-0.849554522741
-1.95752276339
-2.2373297939
-1.26415095914
-2.20349564211
-1.59844035261
-1.92203481129
0.0
0.0
-1.65992434095
0.0
0.0
0.0
0.0
0.0
0.0
0.0
0.0
0.0
0.0
0.0
0.0
0.0
0.0
0.0
0.0
0.0
0.0
0.0
0.0
0.0
0.0
0.0
0.0
0.0
0.0
0.0
0.0
0.0
0.0
0.0
0.0
0.0
0.0
-2.09466650824
-0.210013330587
-0.516151780647
-0.256349195612
-0.697184952406
0.0
-0.582166334599
-0.298722251811
-0.618508700993
-0.714663638515
0.0
-0.156118091693
-0.861588150606
-0.156327778564
-0.0552093268042
-0.0342981572369
0.225356865551
-0.291726241963
-0.76125827914
-0.607514877499
-0.0112063979599
-0.523749984764
0.0
0.0
0.0
0.0
-1.44831655936
-0.998540380676
-0.322844742692
-0.00483032754684
-0.00640027371083
-0.417163421192
0.0
-0.0619024207644
0.0
-0.318948981547
-0.222137302631
-0.916407480148
-0.457014005646
0.0
0.0
-0.368275208751
0.0
0.0
-0.742518006561
-0.270472178588
0.0
0.0
-1.28311364506
-0.293207800246
-0.421144847997
-0.00149979766914
0.0
0.0
0.0
-0.100947290993
-1.03653887903
0.0
-0.12581277697
0.00138156398332
-0.365788504441
-0.276214453274
-0.774140242163
-0.132990640847
-0.309877800706
0.0
-0.317345710301
0.0
-2.09642587703
-0.569220127812
-0.218849838673
-0.216084048789
-0.0230131835423
0.0
-0.475997898561
-0.388742978028
0.0
-0.353624969845
0.0
-0.462739177479
0.0
0.0
-0.117272536552
-0.175353460375
0.0
-0.231209107552
0.0
0.0
0.0
-0.200329784845
0.0
-1.28164133457
-0.445762775858
-0.0333508522283
-0.272269623479
0.0
-0.400356657103
-0.360382133903
0.0
-1.19887580148
0.181467433981
0.0
-0.157186425058
-0.172363138745
-0.612712722039
0.0
0.0
0.0
0.0
-0.429928878672
0.0
0.0
-0.015630332026
0.0
0.0
-1.17543745219
-1.19391117652
-0.679103898066
-0.40333486344
-0.0607849024319
0.0
0.0
0.0
0.0
0.0
0.0
0.0
0.0
0.0
0.0
-0.547990743125
0.0
0.0
-0.0592849509755
0.0
-0.102039431754
0.0
-0.0910151207076
-0.144467370962
-0.439918079479
-0.131468548938
-0.000804370872238
0.0
-0.406506302536
0.0
0.0
-0.0350663917624
0.0
-0.512281729496
0.0
0.0
0.0
-2.14875349534
-0.770523028663
-0.53499836248
-0.000746121527457
0.0
-0.304431069471
-0.310482548744
-0.0435175559375
-0.836393494877
0.0
0.0
-0.135590672986
0.114036831699
-1.1079753157
-0.068738152706
0.0
0.0
0.0
0.0
-2.07653359295
-0.938975470884
0.0
-0.265032100339
-0.316699857901
0.101556073326
0.0
-0.664423216693
-0.00107579930821
0.0
-0.613108250981
0.0
-0.0488461627304
-0.098995847385
-0.0945214643838
0.0
-1.94647472341
-0.733872350919
-0.0103467670247
-0.52314803813
-0.308975893974
0.0
-0.491043300082
-0.0339463181032
-0.153135749589
-0.249551460176
0.0
0.0
-0.265309071891
0.0
-0.390753157924
0.0
0.0
-1.49749228318
-0.471790006607
-0.289842398229
0.0
-0.0958197381579
0.0
-0.200119082126
0.299880007124
0.0
-0.238093075874
0.0
0.0
-0.391548245005
-0.09906892173
-0.517058443759
0.0
0.0
-0.0512978191275
-0.0895450884763
-0.2666465304
0.0
0.0
0.0
-0.062019196607
-0.00743226771733
0.0
0.0
0.0
0.0
0.0
0.0
-1.1524113773
-1.01859209572
-0.813845973069
-1.2442547221
-0.0810546987771
0.0
0.0
-0.275024324292
0.0
0.15520942608
-0.479994785318
0.0
-0.989155526862
-0.347313801061
-0.401322232377
-0.152183864026
-0.197634622321
0.0
-1.81320598707
-0.640545469341
0.0810565216862
-0.656426749963
-0.398349875283
-0.0236151112411
-0.202960783579
-0.171362307463
-0.206738780952
-0.123994822344
-0.24954649427
-1.88858318487
-0.711673862917
-0.65484317222
0.0
-0.315577623207
-0.206649621335
-0.0259332496776
-0.141854457517
-0.113783568241
0.0
-0.760453265507
-0.30637993245
-0.112180915278
0.0
-0.127386315012
-0.235721149322
0.0
0.0
0.0
0.0
-1.78354328562
-0.343654567214
-0.0068953577363
-0.379049314241
-0.100723125862
-0.129279341425
0.234932590273
-0.337014479247
0.542311760834
0.0
-0.183295629238
0.0
-1.82811538528
-0.155475821186
-0.40684112039
0.0
-0.366957768824
0.0
-0.0221424630072
0.0
0.255067870327
0.0
-0.100474515612
-0.042818094213
-0.0269423808683
-0.15013055917
0.0
-0.495534293101
-0.858508014691
-0.316330025368
0.803043227224
-0.315908188669
-0.0581997270371
0.0
-0.0308817060216
0.0
-0.0192363550999
0.0
0.0
-0.274138595728
-0.599358539425
-0.0915149543695
-0.104631013419
-0.0141149297742
0.0
0.0
-0.867766467779
-0.441609609243
-0.341833820538
-0.643954580219
-0.0220049596287
-0.0958921996963
-0.128690355045
-0.287489318911
-0.196183311009
0.199640085496
-0.0212002989589
-0.0103893392869
0.0
-1.28866874716
-0.85582019536
0.0
-0.0103859040456
0.0
0.0
0.0
-0.0331768501248
-0.137454858961
0.0
-0.143929321972
0.0
-0.0144981768759
-0.48235140792
0.1542790486
0.0
0.0
0.0
-1.16661298288
-0.608055395777
-0.0219084968893
-0.238102394012
-0.0680332958286
0.0
-0.055462151929
-0.166273656101
0.0
0.0
-0.0409363802231
-0.0631120166018
0.0
-1.03496966345
-0.223097730849
0.0
0.0
-0.0734610065905
-0.054422811982
-0.0583876896172
-0.0948817026328
-0.16492462303
-0.18367687788
0.247494968694
0.0
0.0
-0.281524011538
-0.462764516177
-0.313429675423
-0.239374732887
-0.122775758753
0.0
0.0
0.0
0.0
0.0
0.0
0.0
0.0
-1.14374445283
-1.72902130074
-0.349468740188
0.0
-0.0838281634678
0.0
0.0
0.0
0.0
-0.0188951959773
-0.367812713263
0.0
-0.497217458771
-0.0102924668141
-0.293491042878
0.0
-0.041228516826
-0.128668623697
-0.00200250572369
0.0
0.0
0.0
0.0
-1.59540011297
-0.303582462062
0.0
0.0
-0.162078619969
0.0
-0.0468471264448
0.0
-0.240056862861
-0.155783748069
0.0
-0.222297084472
-0.0465444016719
-0.0330874509047
-0.0506458233978
-0.232138450833
-0.0233554350141
0.0
0.0
0.0
-1.67197000863
-0.385254014816
-0.277967467714
0.0
-0.0136742618611
0.0
0.0
-0.181701633106
-0.325922130216
-0.0955598647208
-0.0303426843221
0.0
0.0
-0.373762524597
-0.338446121078
-0.0561057121675
-0.493796432608
-0.0563230356535
-0.0643803674083
-0.0567000168351
0.0
-0.481973522805
0.0
-2.07004465644
-0.24932698711
-0.0345432605763
-0.0645048283482
-0.26667592083
-0.164446931911
-0.153638835013
-0.0591606321389
0.0
-1.56870693418
-0.397669242305
0.189960220239
0.0
-0.177587059229
0.0
-0.142845883686
0.0
-0.0178487665596
-0.0213107996379
-0.0303325234262
-0.345907269629
0.0
0.0
-0.098915699372
-0.0990449784163
-0.132837380164
-0.4068764297
-0.0235016385662
-0.263642866399
0.0
-0.174245916829
0.0
-0.15960772701
-0.215569858948
-0.0112559015343
-1.40316003572
-0.497418740677
0.0
0.0
-1.05027993299
0.0
-0.0237912474613
0.0
0.0
-0.349060052545
-0.325364867819
0.0
0.0
0.0
-0.0140783391457
0.0
0.0
0.0
0.0
-1.48001489628
-0.703264572894
0.0
-0.0657655998796
-0.020671267283
-0.0185784635786
-0.0235866300111
-0.00888026146859
0.0
0.0
-0.338518971226
-0.169421227994
0.0
-2.13248410035
-0.807313694883
-0.0093031655505
0.0
-0.00505947209588
0.0701678689304
-0.0899965511603
0.0
-0.0265967912544
-0.422613949961
-0.0369883760099
0.0
-0.052854435565
-0.156155121728
-0.22548363442
-0.0120904293825
-0.194897909343
-0.0164167207308
0.0
0.0
-0.000998208299159
0.0
0.0
0.0
0.0
0.0
0.0
0.0
0.0
0.0
-2.0426719
-1.26253434158
-1.19733823069
-0.414213584613
0.0
0.0
0.0
0.0
0.0
0.0
-0.380212540275
-0.0279081210588
-0.0255384835585
-0.338043194819
-0.123029719178
-0.271029767519
-0.0271063048144
0.0
-0.124773247135
0.0
0.0
-1.52049929127
-0.672260281335
-0.952108373076
0.0
0.0
-0.0656281468687
-0.0952606671976
-0.057714354383
-0.0640601472264
-0.011489677467
-0.299044044892
-0.114008501458
0.0
0.0
-1.43658374778
-0.498642201224
-0.574634642834
0.0
-0.0353479186588
-0.0264011507676
-1.08797073018
-0.0167517847342
-0.031687913082
0.0
-1.67200862083
-0.217764485393
-0.0196599743251
0.0
0.0
-0.00882850155076
0.0
-0.0710002853997
-0.0309965386897
-0.00484110222532
0.0
0.0
-0.176380048271
-0.579398505813
0.0
-0.0325303848188
0.0
0.0
-0.150366477967
0.0
0.225436310346
-0.0346462953454
-0.364916224949
-0.292445979561
0.0
-0.0488934779299
0.0
0.0
-1.39186385261
-0.178714970508
-0.088588492262
0.0
0.0
-0.201161046783
-0.018112203412
0.0
-0.00872017419758
-0.00215270689381
0.0
-0.0518005218246
0.0
0.0
-0.437397444952
0.0
0.0
-1.13529796994
-0.0493774764175
-0.124241975229
-0.182352963876
-0.0295731991805
0.0
-0.757883691768
-0.172503573272
0.0
-0.111933945637
-0.0547010543102
-0.0408023874127
-0.194891994256
0.133662023703
-0.065536618386
-0.0302305360715
0.0
0.260181432226
-0.0256166575983
0.0
-0.0599837963533
-0.028516814425
-0.0143525452424
0.0
-0.0424681062535
-0.0494323606421
-0.028516814425
0.0
-0.968327590688
-0.0542733163602
0.232133429918
0.0
-0.000211492325967
-0.347976313889
-0.090844940123
0.0
0.0
-0.0165241231431
0.0
-0.067902213739
0.0
-0.00259303719649
-0.00131149892998
-0.089290916283
-0.024015454997
-0.0882983972239
-0.124773247135
-0.0835927393371
0.0
0.0
-0.367450583446
0.0
0.0
0.0
0.0
0.0
0.0
0.0
0.0
-1.34349330373
-1.32084695314
-0.402378179479
-0.0896891602999
0.0
0.0
0.0
0.0
-0.0395176846172
-0.00550882763971
-0.110634015455
-0.0363471061713
0.0
-0.986013060072
-0.02477960272
-0.0188333708469
0.0
-0.0311953113607
-0.289848890224
-0.140889504708
0.0
-0.0200954865485
-0.133578857541
-1.82382754761
-0.880096276716
-0.0259460868742
0.0
-0.0979621925815
-0.681678762539
-0.174027540102
-0.242522330796
-0.0797934031712
0.0
0.0
0.0596324631324
-0.289654115876
0.0
-0.18281289755
-0.0238701875421
0.0
-0.0263007411783
0.0
0.0
-1.97717290744
-0.170959319517
0.0
-0.028516814425
0.0
-0.324363951946
-0.114092589855
-0.00809962566467
-0.0684050374069
-0.112024393143
-0.0719532849029
-0.0151072089618
0.0
-1.61475871514
-0.7308064604
-0.0170563362243
0.0
0.0
-0.043599675834
0.0
-0.0319347025046
0.0
-0.302935015026
-0.00329003608347
-0.0388415767732
0.0
-0.00663752113926
0.0
-0.757799111316
-0.347741834785
-0.0271059133174
-0.00352273241662
-0.00565723377126
-0.117142264608
-0.0175900735773
0.0
-0.806323846989
-0.363502742205
-0.00355769012278
0.0
-0.380933679306
-0.0158558918795
0.0
0.0
0.0
-0.0506265018904
-0.0128390213977
-0.00737359837024
-0.0433543659111
0.0
-0.452771707745
-0.0833194377304
0.0
-0.016061705176
0.0
-0.0202357484245
-0.0262087547142
0.0
-0.0584899472279
-0.0271031526558
0.0
-0.0175314048601
0.0
-0.28248403781
-0.120280424134
0.0
0.0
-0.208636312203
-0.0575270875781
0.0
-0.0772539480624
0.0
-0.0117581137366
-0.00290957134492
0.0
0.0
-0.0421027799084
0.0
0.0
0.0
0.0
0.0
0.0
0.0
-2.06403524669
-1.21673251209
-0.695603779397
0.0
0.0
0.0
-0.0157120426218
0.0
-0.0226335391865
0.0
0.0
0.0
-0.034367462983
-0.0229806435694
-0.0265998024489
0.0
-0.794420048848
-0.343236659898
-0.0104186858896
0.0
-0.207627226276
-0.049895242974
-0.112477164558
0.0
-1.50411679659
-0.767847124613
-0.618800030269
0.0
-0.0326494360556
-0.090666317275
-0.197571907354
-0.0110303926977
-0.0219737889449
-0.000201878290028
-0.0275167879709
0.0
0.0
-0.243145360338
-0.0166868896044
-0.0473300290888
-0.0354126321938
-0.0117716877034
0.0
-1.25543680196
-0.14857252316
0.0
-0.08918205238
-0.135366697172
-0.0244831890585
-0.0313654662567
-0.0205406751157
0.0
-1.13227866234
0.304683645006
-0.514440310712
-0.458678792509
-0.310518724966
0.0
-0.0177214099964
-0.00793401316112
-0.0235505826568
0.0
0.0
-2.27040534467
-0.616530278221
0.0
0.0
0.0
-0.00913545445438
-0.441095992266
0.0
-0.00268431123963
-0.0968160815232
0.0
-0.373522096361
-0.00617282879184
0.0
-1.19189557354
0.0
-0.06458537656
-0.147821536984
0.0
-0.0232427918238
-1.12565196277
-0.17075861468
-0.126325556761
-0.0469700736748
-0.0634012811242
-0.0471041258913
-0.635809927118
-0.177112049443
-0.0056174671953
-0.0565073268967
-0.762572501905
-0.248063493591
-0.0228696633826
-0.0274612662933
-0.0730404327485
-0.0259120903616
-0.0353904799126
0.0
-0.0308329854732
0.0
0.0
-0.0038430215183
-0.0383743085967
0.0
0.0
0.0
0.0
-1.18364698134
-1.30725007433
-0.986658756827
0.0
-0.0213373345846
0.0
-0.369291844968
-0.240368724697
-0.288745673004
-0.0882357399536
0.0
-0.0489249126438
-0.202098738073
-0.0354126321938
0.0
0.221385175417
-0.287730727697
0.0
-0.0316402140767
0.0
-0.0109673787426
-0.449021995737
-0.0361661470763
-0.102761248821
-0.0997296244609
0.0
0.0
0.0
0.0
-0.636109879053
-0.261791353909
0.0
0.0
-0.0577036471548
-0.0103010872034
-0.000965284062208
-0.00887928074403
0.0
-0.020757753276
0.0519909691866
-0.0135140449867
-0.256917021802
-0.0262087547142
-0.00675183908551
0.0
-0.00125838659789
-0.00842332661457
-0.0475337725159
0.0
0.0
-1.19240508836
-0.022905692439
-0.0252815793753
0.0
-0.0712371743021
-0.0187569236443
-0.00478138035445
0.0
-0.028214539854
0.0
-1.45555170052
-0.993217148643
-0.344952387308
0.0
-0.250045519307
-0.0226604718598
-0.0381571744894
0.0
-0.0160536463022
0.0
-0.278488503309
-0.0544987671441
0.0
0.0
-0.0343100985619
-0.0408925294079
0.0
-0.217207292501
-0.101838542528
-0.150324013332
-0.0403593031123
-0.306594209358
0.0
-0.0963154276067
0.0
0.0
0.114864720124
-0.0798461618594
-0.0140836395217
-0.0493498524761
0.0
-0.000881803202127
-0.0268118288498
0.0
-0.0221790316
-0.0352568894092
0.0
-0.590449410614
-0.34833225453
-0.118053065058
-0.00167491492017
-0.0106435984851
0.0
0.0
-0.103659306736
0.0
0.0
-0.0853640408408
0.0
-0.208336461497
0.0
0.0
0.0
-0.89195423276
-0.802774742146
-0.399106810997
0.0
-0.0920450895049
-0.389235639786
-0.00218374750743
-0.0435081284172
0.0
-0.124773247135
0.0
-0.987063932023
-0.0494584656126
-0.60377320606
-0.0364240892382
-0.0259460868742
-0.14823256636
-1.38698731997
-0.143826832437
0.456234739818
-0.0440778799118
-0.0179342522339
-0.746346708357
-0.0486212700944
-0.0723552496744
-0.0993699923981
0.0
-0.0414921314621
0.0
0.0
-0.885015147263
0.0
-0.0142965629202
0.0
0.0
0.0
-0.96531430759
-0.747610742008
0.0
0.0
-0.0779418494561
0.0
0.0
-0.106950095436
-0.00869864586165
0.0237775596557
-0.488714668541
0.0
-0.026547454565
0.0
0.0
-0.689654439753
-0.564210287983
-0.00649580853715
-0.035948484641
0.0
-0.0342326150963
0.0
-0.988556254433
-0.00174962467635
0.0
0.0
-0.0123024706238
-0.0839807496388
0.0
0.0
-0.00443949332491
-0.0263194732727
-0.006545213617
0.0
-0.108978500009
-0.238532447653
-0.00882850155076
-0.166941797546
-0.0492241063148
0.0
-0.0171477612052
-0.556482306083
-1.17957283837
-0.040837343998
0.0
0.0
0.0
0.0
0.0
0.0
0.0
0.0
0.0
0.0
-0.0267873060642
0.0
-0.0603264929859
-0.00550228268651
-0.0565553111527
0.0
-0.130650109729
0.0
-0.240553956947
0.0
0.0
0.0
0.0
-1.04605635148
0.0
0.0
0.0
0.0
0.0
0.0
0.0
0.0
0.0
-0.254773297119
0.0
0.0
0.0
0.0
-0.00578071712013
0.0
0.0
0.0
-0.00143394658952
-0.0334868499988
-0.00396100101042
-0.159465271765
-0.00151202681092
0.0
0.0
0.0
0.0
0.0
0.0
0.0
0.0
0.0
0.0
0.0
0.0
0.0
0.0
0.0
0.0
0.0
-0.0123337639378
0.0
0.0
0.0
0.0
0.0
0.0
-0.563408766891
0.0
0.0
-0.563408766891
-0.0127563548182
0.0
0.0
0.0
0.0
0.0
0.0
0.0
0.0
0.0
0.0
-0.00209579395618
0.0
0.0
0.0
0.0
0.0
-0.0254593237252
0.0
0.0
0.0
0.0
0.0
-0.0081877631103
0.0
-0.00333521276112
0.0
0.0
-0.00951356313276
-0.0085686709025
0.0
-0.167436706249
-0.020260306853
0.0
0.0
0.0
0.0
0.0
0.0
0.0
0.0
0.0
0.0
0.0
0.0
0.0
0.0
0.0
0.0
0.0
0.0
0.0
0.0
0.0
0.0
0.0
0.0
0.0
0.0
0.0
0.0
0.0
0.0
0.0
0.0
0.0
0.0
0.0
0.0
0.0
0.0
0.0
0.0
0.0
0.0
0.0
-0.0746761264258
0.0
0.0
-0.0368824248866
0.0
0.0
0.0
0.0
0.0
-0.495004089917
0.0
-0.385355685788
0.0
0.0
0.0
0.0
0.0
0.0
0.0
0.0
0.0
-0.00384503604978
0.0
0.0
0.0
0.0
0.0
0.0
0.0
0.0
-0.412374315151
0.0
-0.0317894315684
0.0
-0.00813345726458
-0.131455178407
0.0
0.0
0.0
0.0
-0.0850942283212
-0.00244392880408
-0.0269089612969
0.0
0.0
0.0
0.0
0.0
0.0
0.265741179389
0.0
0.0
-0.0454072104909
0.0
0.0
0.0
0.0
0.0
0.0
0.0
-0.00438668598196
0.0
-0.0139766847137
0.0
0.0
-0.0658651471108
-0.519387273305
-0.140631885934
0.0
0.0
0.0
0.0
0.0
0.0
0.0
0.0
0.0
0.0
-0.060197709257
0.0
0.0
0.0
0.0
-0.422510695546
0.0
0.0
-0.000725970615968
0.0
0.0
0.0
0.0
0.0
0.0
0.0
0.0
0.0
0.0
0.0
0.0
0.0
0.0
0.0
-0.018338839355
0.0
0.0
0.0
-0.129554296844
0.0
0.0
0.0
-0.177526141554
-0.156766904302
0.0
0.0
-0.0109697461413
0.0
0.0
0.0
0.0
0.0
0.0
0.0
-0.0320447366593
0.0
0.0
0.0
0.0
0.0
0.0
0.0972867354049
0.0
0.0
0.0
-0.000919475677281
0.0
0.0
0.0
0.0
0.0
-0.0641136592705
-0.102389966186
0.0
0.0
-0.0724939325801
-0.00244110258984
-0.0201738154229
0.0
0.0
0.0
-0.135935382503
0.0
0.0
0.0
0.0
0.0
0.0
0.0
0.0
0.0
0.0
0.0
0.0
0.0
0.0
0.0
0.0
0.0
0.0
0.0
0.0
0.0
0.0
-0.0122281327392
0.0
0.0
0.0
0.0
0.0
0.0
0.0
0.0
0.0
0.0
-0.0261040841867
-0.842982872267
-0.264550664365
0.0
-0.0743644807146
0.0
0.0
0.0
0.0
0.0
-0.120183633619
-0.0298487051258
-0.0012893965778
0.0
0.0
0.0
0.0
-0.155482097824
0.0
0.0
0.0
0.0
-0.146444545074
0.0
0.0
0.0
0.0
0.0
-0.124773247135
0.0
0.0
-0.024695825797
0.0
0.0
0.0
-0.236870710942
0.0
0.0
0.0
0.0
0.0
0.0
-0.000964720095359
0.0
0.0
0.0
0.0
0.0
0.0
0.0
-0.00226977689833
0.0
-0.0534312181441
-0.00645137873646
0.0
0.0
0.0
0.0
-0.0034998543294
-0.0930177054482
0.0
0.0
-0.427632286896
0.0
0.0
0.0
0.0
0.0
0.0
0.0
0.0
-0.0229971862637
0.0
0.0
-0.0028541634037
0.0
-0.0231277652025
-0.0133810565116
-0.014343962972
-0.0222284159753
0.0
0.0
-1.23912267298
-0.00478670296167
-0.0578117853357
0.0
0.0
0.0
0.0
0.0
-0.177929883801
0.0
-0.018440314572
0.0
-0.00982041078085
0.0
0.0
0.0
0.0
0.0
0.0
-1.7352953833
0.0
0.0
0.0
0.0
0.0
0.0
-0.016370401401
0.0
0.0
-0.311563046491
0.0
0.0
0.0
0.0
-0.154687521688
0.0
0.0
0.0
0.0
0.0
0.0
-0.0231780335799
0.0
0.0
0.0
0.0
0.0
0.0
0.0
0.0
0.0
0.0
0.0
0.0
0.0
0.0
-0.120183633619
0.0
0.0
-0.0559221877561
0.0
0.0
0.0
0.0
0.0
0.0
0.0
0.0
0.0
-0.00492824545674
0.0
0.0
-0.0240296190934
-0.0518570066177
0.0
0.0
-0.0211577284401
0.0
-0.568997583334
0.0
-0.0876160275293
-0.367212792792
0.0
0.0
0.0
0.0
0.0
-0.122313962698
-0.0511508505817
0.747276113328
0.0
0.0
0.0
0.0
-0.431798962428
-0.00158403395987
0.0
-0.0373494276859
0.0
0.0
0.0
0.0
0.0
0.0
0.0
0.0
-0.434740309751
0.0
0.0
0.0
-0.21402681307
-0.00101374092114
0.0
0.0
-0.00595143441104
0.0
-0.0472359621885
0.0
0.0
0.0
-0.00232119196206
0.0
0.0
0.0
-0.940992484154
0.0
0.0
0.0
0.0
0.0
-0.142409023886
0.0
0.0
0.0
0.0
-0.00396415794365
0.0
0.0
-0.23846229256
-0.00126583274254
0.0
0.0
-0.0899026699726
0.0
0.0
-0.405012820389
0.0
0.0
-0.0777605440772
0.0
0.0
-0.246212219282
0.0
0.0
-0.218754650978
0.0
0.0
0.0
0.0
0.0
0.0
0.0
-0.00220678427449
0.0
0.0
0.0
0.0
0.0
-0.011089937632
0.0
0.0
0.0
0.0
-0.0427204455564
0.0
0.0
0.0
0.0
-0.265207050603
0.0
0.0
0.0
-0.0285484692397
0.0
0.0
0.0
0.0
0.0
0.0
0.0
0.0
0.59751782186
0.0
0.0
-0.877804924223
0.0
-0.00529566418791
0.0
0.0
0.0
0.0
0.0
0.0
-0.010368584151
0.0
0.0
0.0
0.0
0.0
0.0
0.0
0.0
0.0
0.0
-0.139980138926
0.0
-0.10005096991
0.0
0.0
0.0
0.0
0.0
0.0
0.0
-0.409261634159
0.0
-0.187209871042
0.0
0.0
0.0
0.0
0.0
0.0
0.0
0.0
0.0
0.0
0.0
0.0
-0.5980817322
0.0
-0.00999775876869
0.0
-0.0426484115067
0.0
0.0
-0.0122192750889
0.0
0.0
0.0
0.0
-0.693464283991
0.0
-0.142409023886
0.0
0.0
0.0
0.0
0.0
0.0
-0.135724052223
0.0
0.0
-0.0225347483599
0.0
0.0
0.0
0.0
0.0
0.0
0.0
0.0
-0.135724052223
0.0
0.0
0.0
-0.0141400147352
0.0
-0.201704385954
-0.0272507105244
0.0
0.0
-0.485116966757
0.0
0.0
0.0
0.0
-0.000801001007713
-0.804365532745
0.0
0.0
0.0
0.0
0.0
0.0
0.0
0.0
0.0
0.0
0.0
-0.00143701942331
0.0
0.0
-0.00507126904863
0.0
0.0
0.0
0.0
-0.477143235405
-0.124773247135
-0.0347594005327
0.0
-0.0468149436941
0.0
0.0
0.0
0.0
0.0
0.0
0.0
0.0
0.0
0.0
0.0
-0.00969968146958
0.0
0.0
0.0
0.0
-0.0675737437129
-0.00311052228819
0.0
0.0
0.0
0.0
0.0
-0.00615955982406
0.0
0.0
0.0
0.0
-0.00468492853732
-0.00495140268031
-0.00407173597265
-0.903127887682
-0.00248059640377
0.0
0.0
0.0
0.0
-0.018338839355
0.0
0.0
0.0
0.0
0.0
0.0
0.0
0.0
0.0
0.0
0.0
0.0
0.0
0.0
0.0
0.0
0.0
0.0
0.0
0.0
0.0
-0.217280374795
0.0
0.0
-0.00407173597265
0.0
0.0
0.0
0.0
-0.00373279903089
-0.138342712514
0.0
-0.0245895902584
0.0
0.0
0.0
-0.0409950987517
0.0
-0.39447165365
0.0
0.0
0.0
0.0
0.0
0.315163498672
0.0
-0.0160090380691
0.0
0.0
0.0
0.0
0.0
0.0
0.0
0.0
0.0
0.0
0.0
-0.00953339099785
-0.023758069947
-0.0150933951464
0.0
-0.265207050603
0.0
0.0
0.0
0.0
-0.485759063465
0.0
0.281382480116
0.0
-0.081577844423
0.0
0.0
0.0
0.0
0.0
-0.0340786954895
-0.542788649424
0.0
0.0
0.0
0.0
0.574489061686
0.0
0.0
0.0
-1.23691682969
-0.00103827369921
0.0
0.0
-0.138682944358
-0.0198389693555
0.0
0.0
-0.00240173951867
0.0
-0.047969664578
0.0
0.0
-0.203008852011
0.0
0.0
0.0
0.0
0.0
0.0
0.0
0.0
0.0
0.0
0.0
0.0
0.0
0.0
0.0
0.0
0.0
0.0
0.0
0.0
0.0
0.0
0.0
0.0
0.0
0.0
0.0
0.0
0.0
0.0
0.0
0.0
0.0
0.0
0.0
0.0
0.0
0.0
0.0
0.0
0.0
0.0
0.0
0.0
0.0
0.0
0.0
0.0
0.0
0.0
-0.124773247135
0.0
-0.0313596893016
-0.0985697343565
0.0
0.0
0.0
-0.124773247135
0.0
0.0
0.0
-0.410792510141
0.0
-0.190375948878
0.0
0.0
0.0
0.0
0.0
0.0
-0.234833360226
0.0
0.0
0.0
0.0
0.0
0.0
-0.403678157201
-0.544811391507
0.0
0.0
0.0
-0.15005896479
-0.153902211185
-0.0347325746858
0.0
0.0
0.0
-0.00538579502709
0.0
-0.0148925684943
0.0
0.0
0.0
0.0
0.0
0.0
0.0
-0.794169111931
-0.452506398213
0.0
-0.0640894733186
0.0
0.0
0.0
0.0
0.0
0.0
0.0
0.0
-0.626111574041
-0.0198704424289
0.0
0.0
0.0
0.0
0.0
-0.00920636945158
-0.00807203647326
-0.499588718565
-0.150922063828
0.0
-0.0266475766577
0.0
-0.920986200389
0.0
0.0
-0.000642025345621
0.0
-0.233997813827
0.0
0.0
0.0
-0.00335070313163
0.0
0.0
-0.0170108122783
0.0
0.0
1.12491519326
-0.0493524060331
0.0
0.0
-0.0494996864501
-0.235289484911
-0.00340640610121
0.0
0.0
0.0
-0.0430662032031
0.0
0.0
0.0
0.0
0.0
-0.0808119827288
-0.122817133345
-0.130183691228
-0.416961143552
0.0
0.0
-0.00490676766975
0.0
0.0
0.0
-0.23366383501
0.0
0.0
0.0
0.0
0.0
0.0
0.0
0.0
0.0
-0.600636861745
0.0
-0.160921512137
0.0
-0.294267546294
0.0
0.0
0.0
0.0
0.0
0.0
0.0
-0.00579637076148
0.0
0.0
0.0
0.0
0.0
0.0
0.0
0.0
0.0
0.0
0.0
0.0
0.0
0.0
0.0
0.0
0.0
0.13701457141
0.0
0.0
0.0
0.0
0.0
0.0
0.0
0.0
0.0
0.0
0.0
0.0
0.0
0.0
0.0
0.0
-0.00252964335849
-0.428220484326
-0.0121068965986
0.160502445988
-0.230426348812
0.0
0.0
0.0
-0.374319741406
-0.0812832317386
0.0
-0.0114608012445
0.0
0.0
0.0
0.0
0.0
-0.0186997846957
0.0
0.0
-0.0366485642177
-0.00846500178537
0.0
-0.0251950893703
-0.0808119827288
0.0
0.0
0.0
0.0
0.0
0.0
0.51725770385
0.0
0.0
0.317702795108
0.0
-0.574430609349
0.0
0.0
0.0
-0.00838954420221
0.0
0.0
-0.470061989203
0.0
0.0
0.0
-0.0246361123271
0.0
0.0
0.0
0.0
0.0
-0.118820016952
0.0
0.0
-0.206795059481
-0.412704819265
-0.455938506475
0.0
-0.0282170459442
1.34988980252
0.0
-0.320518903641
0.0
0.0
0.0
0.0
0.0
0.0
0.0
0.0
0.0
0.0
-0.00610187326759
-0.00341846701747
0.0
0.0
0.0
-0.0804300004325
0.0
-0.0508383334618
0.0
-0.190070703913
-0.121753388998
-0.0708046395761
-0.00528573470643
0.0
0.0
0.0
0.0
0.0
0.0
-0.0184786794722
0.0
-0.0700404327369
0.0
-0.0123943616473
-0.186109183601
0.0
-0.0170731447288
0.0
0.0
0.0
0.0
0.0
0.0
-1.57126049556
0.0
0.0
0.0
-1.07819091363
0.0
0.0
0.0
0.0
-0.646101798848
0.0
-0.293756563957
0.0
0.0
0.0
0.0
0.0
0.0
0.0
0.0
0.0
0.0
0.0
0.0
0.0
0.0
0.0
0.0
0.0
-0.124773247135
-0.0643956053321
-0.0261104782764
0.0
0.0
-0.00259241320107
0.0
-0.0285484692397
0.0
0.0
0.0
0.0
-0.619441487598
-0.0247967151955
0.0
-0.125468271613
-0.20427262439
0.0
0.0
0.0
0.0
0.0
0.0
0.0
0.0
-0.299987355128
-0.00601227561293
0.0
0.0
0.0
-0.504118227451
0.0
-0.446659926894
0.0
-1.01811298662
0.0
0.0
0.0
0.0
0.0
0.0
0.0
0.0
0.0
0.0
-0.324620816085
0.0
0.0
-0.345856287904
0.0
-1.49361239266
-1.47880316555
0.0
-0.0492925339707
0.0
-0.166611022695
0.0
0.0
0.0
-0.023046976106
0.0
-0.00985872164054
-0.00918806346186
0.0
0.0
0.0
0.0
0.0
0.0
0.0
0.0
-0.0384701044629
0.0
0.0
0.0
0.0
0.0
0.0
0.0
0.0
0.0
0.0
0.0
0.0
0.0
0.0
0.0
0.0
0.0
0.0
0.0
0.0
0.0
0.0
0.0
0.0
-0.000765861694106
0.0
0.0
-0.120497144937
-0.000738885480018
0.0
0.0
0.0
0.0
0.0
0.0
0.0
0.0
0.0
0.0
0.0
0.0
0.0
0.0
0.0
0.0
0.0
0.0
0.0
0.0
0.0
0.0
0.0
0.0
-0.0549464312614
0.0
0.0
0.0
0.0
-0.227958308318
0.0
0.0
0.0
0.0
0.0
0.0
0.0
0.0
0.0
0.0
0.0
0.0960079648388
0.0
0.0
0.0
-0.109230746967
-0.181784353407
0.0
0.0
0.0
-0.0432876583899
0.0
0.0
0.0
0.0
0.0
0.0
0.457385482692
0.0
0.0
0.0
-0.0151453088052
0.0
0.0
0.0
0.0
0.0
0.0
0.0
0.0
0.0
-0.476172773895
0.0
0.0
0.0
0.0
0.0
-0.0268384808808
0.0
0.0
-0.302864949201
-0.509449335053
-0.156656322427
0.0
0.0
-0.141359199079
0.0
0.0
0.0
0.0
-0.247970232701
-0.168951768192
0.0
0.0
0.0
0.0
-0.317584590557
-0.0301815585759
-0.230206192295
-0.0369206739677
0.0
-0.152513024601
0.0
0.0
0.0
0.0
0.0
-0.0750672667626
0.0
-0.718007880818
0.0
-0.539582102732
0.0
0.0
0.0
-0.0321639039164
0.0
0.0
0.0
-0.00375531685858
0.0
-0.00472752416709
-0.124773247135
0.0
0.0
-0.124773247135
-0.0228162320622
0.0
0.0
0.0
0.0
-0.0512432280472
0.0
0.0
0.0
0.0
0.0
0.0
0.0
-0.0136281048932
-0.0137426667757
-0.0100869077114
-0.197851284531
0.0
0.0
0.0
0.0
0.0
-0.104299064094
0.0
-0.178896858118
0.0
0.0
0.0
-0.174781804207
0.0
0.0
-0.402609365127
0.0
-0.112618455105
0.0
0.0
0.0
0.0
0.0
0.0
0.0
-0.0123825368122
-0.14710054632
0.0
0.0
-0.00972608325221
0.0
0.0
0.0
0.0
0.0
-0.00221955164973
0.0
0.0
0.0
0.0
0.0
0.0
-0.214938152158
-0.00073091652999
0.0
-1.0498599398
0.0
0.0
0.0
-0.166076911056
0.155941073556
-0.00197035534897
0.0
-0.015595458813
0.0
0.0
0.0
0.0
0.0
0.24354954039
0.0
0.0
0.0
0.0
0.0
-0.0105455929665
0.0
0.0
-0.24954649427
0.0
0.0
0.0
0.0
0.0
0.0
0.0
-0.0320447366593
0.0
-0.00844388494509
-0.029983511431
-0.0353101618569
0.0
-0.216136551373
-0.00472878041035
0.0
-0.308283219367
0.275511591961
-0.0215380640198
0.0
0.0
0.0
0.0
0.0
0.0
0.0
0.0
-0.00241465061798
0.0
-0.33669894242
-0.435792157822
-0.0150635287741
-0.0231780335799
-0.036822741761
-0.824337586818
-0.0152676868051
0.0
0.0
0.0
0.0
0.0
-0.145362702874
0.0
0.0
0.0
-0.0189625519437
0.0
-0.00590454214735
0.0
0.0
0.0
0.0
0.0
0.0
-0.160431232129
-0.00700467860623
-0.000765861694106
-0.623353010511
0.0
-0.145951336925
-0.260403474977
-0.0307192838948
-0.030195074013
0.0
0.0
0.0
0.0
0.0
0.0
0.0
-0.0270556880518
-0.0320447366593
0.0
-0.140341258526
0.0
0.0
0.0
0.441877021942
-0.147625911315
-0.118020061041
0.0
-0.00222423108324
-0.0601567779523
0.0
0.0
0.0
0.0
0.0
0.0
-0.0169354964633
0.0
0.0
-1.19118055806
-0.0329729901322
0.0
0.0
0.0
0.0
-0.0231780335799
0.0
-0.000964720095359
0.0
0.0
0.0
0.0
0.0
0.0
0.0
-0.0276370947758
0.0
-0.000642025345621
0.0
0.0
-0.0361128617902
0.0
0.0
0.0
0.0
0.125619294261
-0.146232436548
0.0
0.0
0.0
0.0
-0.0466314355306
0.0
0.0
0.0
0.0
-0.0134383704391
0.0
0.0
0.0
0.0
0.0
0.0
0.0
0.0
0.0
0.0
0.0
0.0
-0.344278280365
0.0
0.0
0.0
0.0
0.0
0.0
0.0
-0.242743956507
-0.295807946494
0.0
0.0
0.0
0.0
0.0
-0.293190588271
0.0
0.0
0.0
0.0
-0.533564269475
0.0
0.291860206215
-2.95363316484
-0.197219040002
0.0
0.0
0.0
-0.0364878342312
0.0
-0.0343039949601
-0.172015651481
-0.00290234455858
-0.871685264226
-0.19230826194
-0.0119731518313
-0.0801246362558
0.0
0.0
0.0
0.0
0.0
0.0
-0.00922044352276
0.0
0.0
-0.124773247135
-0.016901958553
0.0
0.0
0.0
0.0
0.0
0.254792963145
0.0
0.0
-0.829820932266
-0.010001960548
0.0
0.0
0.0
0.0
0.0
-0.032854826583
0.0
0.0
0.0
-0.189579458846
0.232923640782
0.0
0.0
-0.0129211339306
-0.338272737768
0.0
0.0
-0.372122675732
-0.00271291704415
-0.0058028080478
0.0
-0.00143161974058
0.0
-0.00951356313276
-0.116771755671
0.0
0.0
-0.309970598316
0.0
-0.00518890310135
0.0
0.0
0.0
0.0
-0.242857307079
0.0
0.0
0.0
0.0
-0.0897961636708
0.0
0.0
-0.0132492592704
0.0
0.0
0.0
-0.201870383608
0.0
-0.132424136535
0.0
-0.00160964960671
-0.00544569363463
0.0
0.0
0.0
-0.24954649427
0.0
0.0
0.0
0.0
0.0
0.0
0.0
0.0
0.0
0.0
-0.0302917057818
0.0
0.0
0.0
0.0
0.0
0.0
0.0
0.0
0.0
0.0
0.0
0.0
0.0
0.0
0.0
0.0
0.0
0.0
-0.20427262439
0.0
-0.0248190282245
0.0
0.0
0.0
0.0
0.0
0.0
0.0
0.0
0.0
0.0
0.0
0.0
-0.0504660392312
0.125619294261
0.0
0.0
0.0
-0.0285165927436
0.0
0.0
0.0
0.0
0.0
0.0
-0.00967850353448
-0.453233695507
0.0
-2.44671783084
0.0
-0.010769658126
0.0
0.0
0.0
0.0
0.0
0.0
0.0
0.0
0.0
0.0
0.0
0.0
0.0
0.0
0.0
0.0
0.0
0.0
0.0
0.0
0.0
0.0
0.0
0.0
0.0
0.0
0.0
0.0
0.0
0.0
0.0
0.0
0.0
0.0
0.0
0.0
0.0
0.0
0.0
0.0
0.0
0.0
0.0
0.0
0.0
0.0
0.0
0.0
0.0
0.0
0.0
0.0
0.0
0.0
0.0
-0.03813228713
0.0
-0.776066652852
-0.468719148114
0.0
0.0
0.0
0.0
0.0
-0.0407803903651
0.0
0.0
-1.48473304207
0.0
0.0
0.0
0.0
-0.0084252516987
0.0
0.0
0.0
-0.0649416290312
-0.0906113614069
-0.124773247135
0.0
0.0
0.0
0.0
0.0
0.0
-0.0145033976167
0.0
0.0
0.0
0.0
0.0
0.0
0.0
0.0
0.0
-0.161516686929
-0.0262738999473
-0.0529271446861
0.0
0.0
0.0
0.0
0.0
0.0
0.0
-0.635332802417
0.0
0.0
0.0
0.0
-0.0195031170745
0.0
0.0
-2.69194100302
0.0
0.0
0.0
0.0
0.0
0.0
0.0
0.0
0.0
0.0
0.0
0.0
0.0
0.0
0.0
0.0
0.0
-0.61489925527
-0.113935399454
0.0
-0.116796562041
0.0
0.0
0.0
-0.608574912073
0.0
-0.462314632462
0.0
0.0
-0.00495266272576
0.0
0.0
0.0
0.0
0.0
0.0
0.0
0.0
-0.01876460498
0.0
0.0
-0.00967850353448
0.0
0.0
0.0
0.0
0.0
0.0
0.0
0.0
0.0
0.0
0.0
-0.00143701942331
0.0
0.0
0.0
0.0
0.0
0.0
0.0
0.0
0.0
-0.0651722585677
0.0
0.0
0.0
0.0
-0.40783608092
0.0
0.0
0.0
0.0
0.0
0.0
0.0
-0.0382854404874
-0.313503056499
0.0
0.0
0.0
0.0
0.0
-0.171641080253
0.0
-0.0231780335799
-0.345127492511
0.0
0.0
0.0
0.0
-0.0331995782867
-0.300488702287
0.0
0.0
0.0
-0.00479558086419
0.0
0.0
0.0
0.0
-0.00438668598196
0.0
0.0
0.0
0.0
0.0
0.0
0.0
0.0
-0.929731894785
0.0
0.0
0.0
0.0
0.0
0.0
-0.0870120281684
0.0
-0.022604843885
0.0
0.0
0.0
0.0
0.0
0.0
0.0
0.0
0.0
-0.124773247135
0.0
0.0
0.0
0.0
-0.107392643135
0.0
0.0
0.0
0.0
-0.0808119827288
0.0
0.0
-0.301660726231
0.0
-0.00668625933711
0.0
-0.0164484855493
0.0
0.0
0.0
0.0
0.0
0.0
-0.00551793679517
0.0
0.0
0.0
0.0
0.0
0.0
0.0
0.0
0.0
0.0
0.0
-0.0135786844537
0.0
0.0
0.0
0.0
-0.00495140268031
0.0
0.0
-0.624533111625
-1.27412678021
0.0
0.0
0.0
0.0
0.0
0.0
0.0
0.0
0.0
0.0
0.0
0.0
0.0
0.0
-0.102450720413
0.0
-0.0514333225399
-0.140631885934
-0.0206793848715
-0.33024031208
0.0
0.0
0.0
0.0
0.0
0.0
0.0
0.0
0.0
0.0
0.0
0.0
0.0
0.0
0.0
0.0
0.0
-0.658165005095
0.0
0.0
0.0
0.0
0.0
-0.00073091652999
0.0
0.0
0.0
0.0
0.0
0.0
0.0
0.0
0.0
-0.124430959596
0.0
0.0
0.0
0.0
0.0
0.0
0.0
0.0
0.0
0.0
-0.00221532841259
0.0
0.0
-0.274438015374
0.0
0.0
0.0
-0.0309425708389
0.0
0.0
0.0
0.0
0.0
0.0
0.0
0.0
0.0
-0.00416901481009
-0.1603255565
0.0
-0.646163434769
0.0
0.0
0.0
0.0
0.0
-0.0192347604996
-0.00851917816159
0.0
0.0
-0.0245103248366
0.0
0.0
-0.0275300878988
0.0
0.0
0.0
0.0
0.0
0.0
0.0
0.0
0.0
0.0
0.0
0.0
0.0
0.0
0.0
0.0
0.168146042948
0.0
0.0
0.0
0.0
0.0
0.0
0.0
0.0
0.0
-0.157985805977
0.0
0.0
-0.107174465024
-0.0040193589762
-0.181784353407
0.0
0.0
-2.81923048532
0.0
0.0
-0.00501246962029
0.0
0.0
0.0
0.0
0.0
0.0
0.0
-0.828851616837
0.0
0.0
0.0
0.0
0.0
0.0
-0.139930362815
0.0
0.0
-0.578830364715
0.0
-0.168859338588
0.0
0.0
0.0
0.0
0.0
0.0
-0.00333521276112
-0.0133904155329
0.0
0.0
0.0
-0.103161623899
0.0
-0.365759013734
0.0
0.0
0.0
0.0
0.0
0.0
0.0
0.0
0.0
-0.135640341909
0.0
0.0
0.0
0.0
0.0
0.0
0.0
0.0
0.0
0.0
0.0
0.0
0.0
0.18297803571
0.0
0.0
0.0
0.0
0.0
0.0
0.0
0.0
0.0
0.0
-0.0231780335799
0.0
0.0
0.0
-0.345678858837
0.0
-0.20103986233
0.0
-0.410426531577
-0.016901958553
-0.144671545212
-0.10181749642
0.0
0.0
0.0
-0.00219560180779
0.0
0.0
-0.0179928810458
-0.0116822005893
-0.00290957134492
0.0
0.0
0.0
0.0
0.0
0.0
0.0
0.0
0.0
0.0
0.0
0.0
-0.141763329338
0.0
0.0
0.0
0.0
0.0
0.0
0.0
0.0
0.0
0.0
0.0
0.0
0.0
0.0
0.0
-0.0360426093258
0.0
0.0
0.0
0.0
0.0
0.0
0.0
0.0
-0.0767840528217
0.0
0.0
0.0
0.0
0.0
0.0
-0.0320447366593
-0.0365615392404
0.0
0.0
0.0
0.0
0.0
-0.558396755951
-0.00839218584312
0.0
0.0
0.0
0.0
0.0
-0.0518570066177
0.0
0.0
0.0
0.0
0.0
0.0
-0.123914634894
0.0
0.0
0.0
0.0
0.0
0.0
0.0
0.0
0.0
0.0
0.0
-0.108875868412
0.0
0.0
0.0
0.0
-0.0603674897323
0.0
0.0
0.0
-0.426602316986
0.0
-0.0273331618244
-0.0279916625024
0.0
0.0
0.0
0.0
0.0
0.0
-0.0245740406817
0.0
0.0
-0.00818314729914
0.0
-0.00241465061798
0.0
0.0
0.0
0.0
0.0
0.0
0.0
0.0
0.0
0.0
0.0
0.0
-0.665300838599
0.0
0.0
0.0
0.0
-0.196602475264
0.0
0.0
-0.00987120492915
0.0
-0.0463950371137
0.0
0.0
0.0
0.0
0.0
0.0
-0.208234861922
0.0
0.0
0.0
-0.00533573816237
0.0
0.0
0.0
-0.404773405255
0.0
-0.945673877724
0.0
0.0
-0.113087195349
0.0
0.0
0.0
0.0
0.0
0.0
0.0
0.0
0.0
-0.802779812867
0.0
0.0
-2.69194100302
-0.24954649427
0.0
0.0
0.0
0.0
0.0
0.0
0.0
-0.716882160699
0.0
0.0
0.0
0.0
0.0
0.0
-0.133171748579
-0.00073091652999
0.0
-0.170163585803
0.0
-0.00514492195294
0.0
0.0
-0.0127299821258
0.0
0.0
0.0
-0.00934150834057
0.0
0.0
0.0
0.0
0.0
0.0
-0.0316903890651
0.0
0.0
0.0
0.0
0.0
0.0
0.0
0.0
0.0
0.0
0.0
0.0
0.0
0.0
0.0
0.0
0.0
0.0
0.0
-0.563408766891
0.0
0.0
0.0
0.0
0.0
-0.0062664415181
0.0
-0.29228612166
-0.0411125921273
0.0
-0.169084654246
0.0
0.0
0.0
0.0
0.0
-0.358841557021
-0.24954649427
0.0
-0.0197925396768
0.0
0.0
0.0
0.0
0.0
0.0
0.0
-0.0183663017494
0.0
-0.0371048762317
0.0
0.0
0.0
0.0
0.0
0.0
0.0
0.0440066139474
0.0
-0.0818050969679
0.0
-0.0959711847645
0.0
-0.087971508227
0.0
0.0
0.0
-0.116623652802
0.0
0.657249955023
-0.143270482368
0.360855369445
0.0
0.0
-0.135581394162
0.0
0.0
0.0
-0.0267192151545
-0.0107273448525
-0.0375805089712
0.0
0.0
0.0
0.0
0.0
0.0
0.0
0.0
0.0
-0.202433849002
0.0
0.0
0.0
0.0
-0.00672390088781
0.0
0.0
0.0
-0.0657185080221
-0.324050056039
0.0
0.0
0.0
0.0
-0.0749932802904
0.0
-0.0011134975486
-0.00151202681092
0.0
-5.35832484465
0.0
0.0
0.0
0.0
0.0
0.0
0.0
0.0
0.0
0.0
0.0
-0.00590454214735
-0.0872995905556
-0.0559833250047
0.0
-0.0594401389699
-0.893383069331
0.0
0.0
-0.00751870443043
0.0
0.0
0.0
0.0
0.0
0.0
0.0
0.0
0.0
0.0
0.0
0.0
0.0
0.0
0.0
0.0
-0.112230874757
0.0
-0.00421964609629
0.0
0.0
0.0
0.0
0.0
0.0
0.0
0.0
0.0
1.82555008239
0.0
0.0
0.0
0.0
-0.0231780335799
0.0
0.0
0.0
0.0
0.342722416743
0.0
-0.0335411611075
-0.0118950458769
0.0
0.0
0.0
0.0
-0.121844805542
0.106095265165
-0.135724052223
0.0
0.0
-0.392446546762
-0.124773247135
0.0
0.0
-0.267525882852
0.0
0.0
0.0
0.0
-0.08970224952
0.0
-0.0526789590984
0.0
-0.00222788037777
-0.0502281055355
0.0
0.0
0.0
0.0
0.0
-0.0112242509191
0.0
0.0
0.0
-0.379764840285
0.0
0.0
0.0
0.0
0.0
0.0
-0.130409717017
0.0
0.0
0.0
-0.594943820679
0.0
0.0
0.0
0.0
0.0
0.0
0.0
0.0
0.0
-0.0948639018682
0.0
0.0
0.813640716533
0.0
-0.0138252698026
0.0
0.0
-0.0284111987343
0.0
0.0
0.0
0.0
0.0
0.0
-0.0519561604184
-0.00374395436935
0.0
0.0
-0.339675385623
0.0
0.0
0.0
0.0
0.0
0.452629606148
0.0
0.0
0.0
0.0
0.0
-0.000804370872238
0.0
0.0
0.0
-0.0171055349797
0.0
0.0
0.0
0.0
-0.0164484855493
0.0
0.0
-0.345957282788
0.0
0.0
0.0
0.0210598209488
0.446164263973
0.0
-0.102901744219
-0.02053275062
0.0
0.0
0.0
0.0
0.0
0.0
-0.00406074804593
0.0
0.0
0.0
0.0
-0.289140386606
-0.0310673016559
0.0
0.0
-0.00118342657191
0.0
0.0
-0.00714918167191
0.0
0.0
0.0
0.0
0.0
0.0
0.0
0.0
0.0
-0.0266623959052
0.0
-0.120109521452
-0.276209329701
0.0
0.0
0.0
0.0
0.0
0.0
0.0
0.0
0.0
0.0
0.0
0.0
0.0
0.0
0.0
0.0
0.0
0.0
0.0
0.0
0.0
0.0
0.0
0.0
0.0
0.0
0.0
0.0
0.0
0.0
0.0
0.0
0.0
0.0
0.0
0.0
0.0
0.0
0.0
0.0
0.0
0.0
0.0
0.0
0.0
0.0
0.0
0.0
0.0
0.0
0.0
0.0
0.0
0.0
0.0
0.0
0.0
0.0
0.0
0.0
0.0
0.0
0.0
0.0
0.0
0.0
0.0
0.0
0.0
0.0
0.0
0.0
0.0
0.0
0.0
0.0
0.0
0.0
0.0
0.0
0.0
0.0
0.0
0.0
0.0
0.0
0.0
0.0
0.0
0.0
0.0
0.0
0.0
0.0
0.0
0.0
0.0
0.0
0.0
0.0
0.0
0.0
0.0
0.0
0.0
0.0
0.0
0.0
0.0
0.0
0.0
0.0
0.0
0.0
0.0
0.0
0.0
0.0
0.0
0.0
0.0
0.0
0.0
0.0
0.0
0.0
0.0
0.0
0.0
0.0
0.0
0.0
0.0
0.0
0.0
0.0
0.0
0.0
0.0
0.0
0.0
0.0
0.0
0.0
0.0
0.0
0.0
0.0
0.0
0.0
0.0
0.0
0.0
0.0
0.0
0.0
0.0
0.0
0.0
0.0
0.0
0.0
0.0
0.0
0.0
0.0
0.0
0.0
0.0
0.0
0.0
0.0
0.0
0.0
0.0
0.0
0.0
0.0
0.0
0.0
0.0
0.0
0.0
0.0
0.0
0.0
0.0
0.0
0.0
0.0
0.0
0.0
0.0
0.0
0.0
0.0
0.0
0.0
0.0
0.0
0.0
0.0
0.0
0.0
0.0
0.0
0.0
0.0
0.0
0.0
0.0
0.0
0.0
0.0
0.0
0.0
0.0
0.0
0.0
0.0
0.0
0.0
0.0
0.0
0.0
0.0
0.0
0.0
0.0
0.0
0.0
0.0
0.0
0.0
0.0
0.0
0.0
0.0
0.0
0.0
0.0
0.0
0.0
0.0
0.0
0.0
0.0
0.0
0.0
0.0
0.0
0.0
0.0
0.0
0.0
0.0
0.0
0.0
0.0
0.0
0.0
0.0
0.0
0.0
0.0
0.0
0.0
0.0
0.0
0.0
0.0
0.0
0.0
0.0
0.0
0.0
0.0
0.0
0.0
0.0
0.0
0.0
0.0
0.0
0.0
0.0
0.0
0.0
0.0
0.0
0.0
0.0
0.0
0.0
0.0
0.0
0.0
0.0
0.0
0.0
0.0
0.0
0.0
0.0
0.0
0.0
0.0
0.0
0.0
0.0
0.0
0.0
0.0
0.0
0.0
0.0
0.0
0.0
0.0
0.0
0.0
0.0
0.0
0.0
0.0
0.0
0.0
0.0
0.0
0.0
0.0
0.0
0.0
0.0
0.0
0.0
0.0
0.0
0.0
0.0
0.0
0.0
0.0
0.0
0.0
0.0
0.0
0.0
0.0
0.0
0.0
0.0
0.0
0.0
0.0
0.0
0.0
0.0
0.0
0.0
0.0
0.0
0.0
0.0
0.0
0.0
0.0
0.0
0.0
0.0
0.0
0.0
0.0
0.0
0.0
0.0
0.0
0.0
0.0
0.0
0.0
0.0
0.0
0.0
0.0
0.0
0.0
0.0
0.0
0.0
0.0
0.0
0.0
0.0
0.0
0.0
0.0
0.0
0.0
0.0
0.0
0.0
0.0
0.0
0.0
0.0
0.0
0.0
0.0
0.0
0.0
0.0
0.0
0.0
0.0
0.0
0.0
0.0
0.0
0.0
0.0
0.0
0.0
0.0
0.0
0.0
0.0
0.0
0.0
0.0
0.0
0.0
0.0
0.0
0.0
0.0
0.0
0.0
0.0
0.0
0.0
0.0
0.0
0.0
0.0
0.0
0.0
0.0
0.0
0.0
0.0
0.0
0.0
0.0
0.0
0.0
0.0
0.0
0.0
0.0
0.0
0.0
0.0
0.0
0.0
0.0
0.0
0.0
0.0
0.0
0.0
0.0
0.0
0.0
0.0
0.0
0.0
0.0
0.0
0.0
0.0
0.0
0.0
0.0
0.0
0.0
0.0
0.0
0.0
0.0
0.0
0.0
0.0
0.0
0.0
0.0
0.0
0.0
0.0
0.0
0.0
0.0
0.0
0.0
0.0
0.0
0.0
0.0
0.0
0.0
0.0
0.0
0.0
0.0
0.0
0.0
0.0
0.0
0.0
0.0
0.0
0.0
0.0
0.0
0.0
0.0
0.0
0.0
0.0
0.0
0.0
0.0
0.0
0.0
0.0
0.0
0.0
0.0
0.0
0.0
0.0
0.0
0.0
0.0
0.0
0.0
0.0
0.0
0.0
0.0
0.0
0.0
0.0
0.0
0.0
0.0
0.0
0.0
0.0
0.0
0.0
0.0
0.0
0.0
0.0
0.0
0.0
0.0
0.0
0.0
0.0
0.0
0.0
0.0
0.0
0.0
0.0
0.0
0.0
0.0
0.0
0.0
0.0
0.0
0.0
0.0
0.0
0.0
0.0
0.0
0.0
0.0
0.0
0.0
0.0
0.0
0.0
0.0
0.0
0.0
0.0
0.0
0.0
0.0
0.0
0.0
0.0
0.0
0.0
0.0
0.0
0.0
0.0
0.0
0.0
0.0
0.0
0.0
0.0
0.0
0.0
0.0
0.0
0.0
0.0
0.0
0.0
0.0
0.0
0.0
0.0
0.0
0.0
0.0
0.0
0.0
0.0
0.0
0.0
0.0
0.0
0.0
0.0
0.0
0.0
0.0
0.0
0.0
0.0
0.0
0.0
0.0
0.0
0.0
0.0
0.0
0.0
0.0
0.0
0.0
0.0
0.0
0.0
0.0
0.0
0.0
0.0
0.0
0.0
0.0
0.0
0.0
0.0
0.0
0.0
0.0
0.0
0.0
0.0
0.0
0.0
0.0
0.0
0.0
0.0
0.0
0.0
0.0
0.0
0.0
0.0
0.0
0.0
0.0
0.0
0.0
0.0
0.0
0.0
0.0
0.0
0.0
0.0
0.0
0.0
0.0
0.0
0.0
0.0
0.0
0.0
0.0
0.0
0.0
0.0
0.0
0.0
0.0
0.0
0.0
0.0
0.0
0.0
0.0
0.0
0.0
0.0
0.0
0.0
0.0
0.0
0.0
0.0
0.0
0.0
0.0
0.0
0.0
0.0
0.0
0.0
0.0
0.0
0.0
0.0
0.0
0.0
0.0
0.0
0.0
0.0
0.0
0.0
0.0
0.0
0.0
0.0
0.0
0.0
0.0
0.0
0.0
0.0
0.0
0.0
0.0
0.0
0.0
0.0
0.0
0.0
0.0
0.0
0.0
0.0
0.0
0.0
0.0
0.0
0.0
0.0
0.0
0.0
0.0
0.0
0.0
0.0
0.0
0.0
0.0
0.0
0.0
0.0
0.0
0.0
0.0
0.0
0.0
0.0
0.0
0.0
0.0
0.0
0.0
0.0
0.0
0.0
0.0
0.0
0.0
0.0
0.0
0.0
0.0
0.0
0.0
0.0
0.0
0.0
0.0
0.0
0.0
0.0
0.0
0.0
0.0
0.0
0.0
0.0
0.0
0.0
0.0
0.0
0.0
0.0
0.0
0.0
0.0
0.0
0.0
0.0
0.0
0.0
0.0
0.0
0.0
0.0
0.0
0.0
0.0
0.0
0.0
0.0
0.0
0.0
0.0
0.0
0.0
0.0
0.0
0.0
0.0
0.0
0.0
0.0
0.0
0.0
0.0
0.0
0.0
0.0
0.0
0.0
0.0
0.0
0.0
0.0
0.0
0.0
0.0
0.0
0.0
0.0
0.0
0.0
0.0
0.0
0.0
0.0
0.0
0.0
0.0
0.0
0.0
0.0
0.0
0.0
0.0
0.0
0.0
0.0
0.0
0.0
0.0
0.0
0.0
0.0
0.0
0.0
0.0
0.0
0.0
0.0
0.0
0.0
0.0
0.0
0.0
0.0
0.0
0.0
0.0
0.0
0.0
0.0
0.0
0.0
0.0
0.0
0.0
0.0
0.0
0.0
0.0
0.0
0.0
0.0
0.0
0.0
0.0
0.0
0.0
0.0
0.0
0.0
0.0
0.0
0.0
0.0
0.0
0.0
0.0
0.0
0.0
0.0
0.0
0.0
0.0
0.0
0.0
0.0
0.0
0.0
0.0
0.0
0.0
0.0
0.0
0.0
0.0
0.0
0.0
0.0
0.0
0.0
0.0
0.0
0.0
0.0
0.0
0.0
0.0
0.0
0.0
0.0
0.0
0.0
0.0
0.0
0.0
0.0
0.0
0.0
0.0
0.0
0.0
0.0
0.0
0.0
0.0
0.0
0.0
0.0
0.0
0.0
0.0
0.0
0.0
0.0
0.0
0.0
0.0
0.0
0.0
0.0
0.0
0.0
0.0
0.0
0.0
0.0
0.0
0.0
0.0
0.0
0.0
0.0
0.0
0.0
0.0
0.0
0.0
0.0
0.0
0.0
0.0
0.0
0.0
0.0
0.0
0.0
0.0
0.0
0.0
0.0
0.0
0.0
0.0
0.0
0.0
0.0
0.0
0.0
0.0
0.0
0.0
0.0
0.0
0.0
0.0
0.0
0.0
0.0
0.0
0.0
0.0
0.0
0.0
0.0
0.0
0.0
0.0
0.0
0.0
0.0
0.0
0.0
0.0
0.0
0.0
0.0
0.0
0.0
0.0
0.0
0.0
0.0
0.0
0.0
0.0
0.0
0.0
0.0
0.0
0.0
0.0
0.0
0.0
0.0
0.0
0.0
0.0
0.0
0.0
0.0
0.0
0.0
0.0
0.0
0.0
0.0
0.0
0.0
0.0
0.0
0.0
0.0
0.0
0.0
0.0
0.0
0.0
0.0
0.0
0.0
0.0
0.0
0.0
0.0
0.0
0.0
0.0
0.0
0.0
0.0
0.0
0.0
0.0
0.0
0.0
0.0
0.0
0.0
0.0
0.0
0.0
0.0
0.0
0.0
0.0
0.0
0.0
0.0
0.0
0.0
0.0
0.0
0.0
0.0
0.0
0.0
0.0
0.0
0.0
0.0
0.0
0.0
0.0
0.0
0.0
0.0
0.0
0.0
0.0
0.0
0.0
0.0
0.0
0.0
0.0
0.0
0.0
0.0
0.0
0.0
0.0
0.0
0.0
0.0
0.0
0.0
0.0
0.0
0.0
0.0
0.0
0.0
0.0
0.0
0.0
0.0
0.0
0.0
0.0
0.0
0.0
0.0
0.0
0.0
0.0
0.0
0.0
0.0
0.0
0.0
0.0
0.0
0.0
0.0
0.0
0.0
0.0
0.0
0.0
0.0
0.0
0.0
0.0
0.0
0.0
0.0
0.0
0.0
0.0
0.0
0.0
0.0
0.0
0.0
0.0
0.0
0.0
0.0
0.0
0.0
0.0
0.0
0.0
0.0
0.0
0.0
0.0
0.0
0.0
0.0
0.0
0.0
0.0
0.0
0.0
0.0
0.0
0.0
0.0
0.0
0.0
0.0
0.0
0.0
0.0
0.0
0.0
0.0
0.0
0.0
0.0
0.0
0.0
0.0
0.0
0.0
0.0
0.0
0.0
0.0
0.0
0.0
0.0
0.0
0.0
0.0
0.0
0.0
0.0
0.0
0.0
0.0
0.0
0.0
0.0
0.0
0.0
0.0
0.0
0.0
0.0
0.0
0.0
0.0
0.0
0.0
0.0
0.0
0.0
0.0
0.0
0.0
0.0
0.0
0.0
0.0
0.0
0.0
0.0
0.0
0.0
0.0
0.0
0.0
0.0
0.0
0.0
0.0
0.0
0.0
0.0
0.0
0.0
0.0
0.0
0.0
0.0
0.0
0.0
0.0
0.0
0.0
0.0
0.0
0.0
0.0
0.0
0.0
0.0
0.0
0.0
0.0
0.0
0.0
0.0
0.0
0.0
0.0
0.0
0.0
0.0
0.0
0.0
0.0
0.0
0.0
0.0
0.0
0.0
0.0
0.0
0.0
0.0
0.0
0.0
0.0
0.0
0.0
0.0
0.0
0.0
0.0
0.0
0.0
0.0
0.0
0.0
0.0
0.0
0.0
0.0
0.0
0.0
0.0
0.0
0.0
0.0
0.0
0.0
0.0
0.0
0.0
0.0
0.0
0.0
0.0
0.0
0.0
0.0
0.0
0.0
0.0
0.0
0.0
0.0
0.0
0.0
0.0
0.0
0.0
0.0
0.0
0.0
0.0
0.0
0.0
0.0
0.0
0.0
0.0
0.0
0.0
0.0
0.0
0.0
0.0
0.0
0.0
0.0
0.0
0.0
0.0
0.0
0.0
0.0
0.0
0.0
0.0
0.0
0.0
0.0
0.0
0.0
0.0
0.0
0.0
0.0
0.0
0.0
0.0
0.0
0.0
0.0
0.0
0.0
0.0
0.0
0.0
0.0
0.0
0.0
0.0
0.0
0.0
0.0
0.0
0.0
0.0
0.0
0.0
0.0
0.0
0.0
0.0
0.0
0.0
0.0
0.0
0.0
0.0
0.0
0.0
0.0
0.0
0.0
0.0
0.0
0.0
0.0
0.0
0.0
0.0
0.0
0.0
0.0
0.0
0.0
0.0
0.0
0.0
0.0
0.0
0.0
0.0
0.0
0.0
0.0
0.0
0.0
0.0
0.0
0.0
0.0
0.0
0.0
0.0
0.0
0.0
0.0
0.0
0.0
0.0
0.0
0.0
0.0
0.0
0.0
0.0
0.0
0.0
0.0
0.0
0.0
0.0
0.0
0.0
0.0
0.0
0.0
0.0
0.0
0.0
0.0
0.0
0.0
0.0
0.0
0.0
0.0
0.0
0.0
0.0
0.0
0.0
0.0
0.0
0.0
0.0
0.0
0.0
0.0
0.0
0.0
0.0
0.0
0.0
0.0
0.0
0.0
0.0
0.0
0.0
0.0
0.0
0.0
0.0
0.0
0.0
0.0
0.0
0.0
0.0
0.0
0.0
0.0
0.0
0.0
0.0
0.0
0.0
0.0
0.0
0.0
0.0
0.0
0.0
0.0
0.0
0.0
0.0
0.0
0.0
0.0
0.0
0.0
0.0
0.0
0.0
0.0
0.0
0.0
0.0
0.0
0.0
0.0
0.0
0.0
0.0
0.0
0.0
0.0
0.0
0.0
0.0
0.0
0.0
0.0
0.0
0.0
0.0
0.0
0.0
0.0
0.0
0.0
0.0
0.0
0.0
0.0
0.0
0.0
0.0
0.0
0.0
0.0
0.0
0.0
0.0
0.0
0.0
0.0
0.0
0.0
0.0
0.0
0.0
0.0
0.0
0.0
0.0
0.0
0.0
0.0
0.0
0.0
0.0
0.0
0.0
0.0
0.0
0.0
0.0
0.0
0.0
0.0
0.0
0.0
0.0
0.0
0.0
0.0
0.0
0.0
0.0
0.0
0.0
0.0
0.0
0.0
0.0
0.0
0.0
0.0
0.0
0.0
0.0
0.0
0.0
0.0
0.0
0.0
0.0
0.0
0.0
0.0
0.0
0.0
0.0
0.0
0.0
0.0
0.0
0.0
0.0
0.0
0.0
0.0
0.0
0.0
0.0
0.0
0.0
0.0
0.0
0.0
0.0
0.0
0.0
0.0
0.0
0.0
0.0
0.0
0.0
0.0
0.0
0.0
0.0
0.0
0.0
0.0
0.0
0.0
0.0
0.0
0.0
0.0
0.0
0.0
0.0
0.0
0.0
0.0
0.0
0.0
0.0
0.0
0.0
0.0
0.0
0.0
0.0
0.0
0.0
0.0
0.0
0.0
0.0
0.0
0.0
0.0
0.0
0.0
0.0
0.0
0.0
0.0
0.0
0.0
0.0
0.0
0.0
0.0
0.0
0.0
0.0
0.0
0.0
0.0
0.0
0.0
0.0
0.0
0.0
0.0
0.0
0.0
0.0
0.0
0.0
0.0
0.0
0.0
0.0
0.0
0.0
0.0
0.0
0.0
0.0
0.0
0.0
0.0
0.0
0.0
0.0
0.0
0.0
0.0
0.0
0.0
0.0
0.0
0.0
0.0
0.0
0.0
0.0
0.0
0.0
0.0
0.0
0.0
0.0
0.0
0.0
0.0
0.0
0.0
0.0
0.0
0.0
0.0
0.0
0.0
0.0
0.0
0.0
0.0
0.0
0.0
0.0
0.0
0.0
0.0
0.0
0.0
0.0
0.0
0.0
0.0
0.0
0.0
0.0
0.0
0.0
0.0
0.0
0.0
0.0
0.0
0.0
0.0
0.0
0.0
0.0
0.0
0.0
0.0
0.0
0.0
0.0
0.0
0.0
0.0
0.0
0.0
0.0
0.0
0.0
0.0
0.0
0.0
0.0
0.0
0.0
0.0
0.0
0.0
0.0
0.0
0.0
0.0
0.0
0.0
0.0
0.0
0.0
0.0
0.0
0.0
0.0
0.0
0.0
0.0
0.0
0.0
0.0
0.0
0.0
0.0
0.0
0.0
0.0
0.0
0.0
0.0
0.0
0.0
0.0
0.0
0.0
0.0
0.0
0.0
0.0
0.0
0.0
0.0
0.0
0.0
0.0
0.0
0.0
0.0
0.0
0.0
0.0
0.0
0.0
0.0
0.0
0.0
0.0
0.0
0.0
0.0
0.0
0.0
0.0
0.0
0.0
0.0
0.0
0.0
0.0
0.0
0.0
0.0
0.0
0.0
0.0
0.0
0.0
0.0
0.0
0.0
0.0
0.0
0.0
0.0
0.0
0.0
0.0
0.0
0.0
0.0
0.0
0.0
0.0
0.0
0.0
0.0
0.0
0.0
0.0
0.0
0.0
0.0
0.0
0.0
0.0
0.0
0.0
0.0
0.0
0.0
0.0
0.0
0.0
0.0
0.0
0.0
0.0
0.0
0.0
0.0
0.0
0.0
0.0
0.0
0.0
0.0
0.0
0.0
0.0
0.0
0.0
0.0
0.0
0.0
0.0
0.0
0.0
0.0
0.0
0.0
0.0
0.0
0.0
0.0
0.0
0.0
0.0
0.0
0.0
0.0
0.0
0.0
0.0
0.0
0.0
0.0
0.0
0.0
0.0
0.0
0.0
0.0
0.0
0.0
0.0
0.0
0.0
0.0
0.0
0.0
0.0
0.0
0.0
0.0
0.0
0.0
0.0
0.0
0.0
0.0
0.0
0.0
0.0
0.0
0.0
0.0
0.0
0.0
0.0
0.0
0.0
0.0
0.0
0.0
0.0
0.0
0.0
0.0
0.0
0.0
0.0
0.0
0.0
0.0
0.0
0.0
0.0
0.0
0.0
0.0
0.0
0.0
0.0
0.0
0.0
0.0
0.0
0.0
0.0
0.0
0.0
0.0
0.0
0.0
0.0
0.0
0.0
0.0
0.0
0.0
0.0
0.0
0.0
0.0
0.0
0.0
0.0
0.0
0.0
0.0
0.0
0.0
0.0
0.0
0.0
0.0
0.0
0.0
0.0
0.0
0.0
0.0
0.0
0.0
0.0
0.0
0.0
0.0
0.0
0.0
0.0
0.0
0.0
0.0
0.0
0.0
0.0
0.0
0.0
0.0
0.0
0.0
0.0
0.0
0.0
0.0
0.0
0.0
0.0
0.0
0.0
0.0
0.0
0.0
0.0
0.0
0.0
0.0
0.0
0.0
0.0
0.0
0.0
0.0
0.0
0.0
0.0
0.0
0.0
0.0
0.0
0.0
0.0
0.0
0.0
0.0
0.0
0.0
0.0
0.0
0.0
0.0
0.0
0.0
0.0
0.0
0.0
0.0
0.0
0.0
0.0
0.0
0.0
0.0
0.0
0.0
0.0
0.0
0.0
0.0
0.0
0.0
0.0
0.0
0.0
0.0
0.0
0.0
0.0
0.0
0.0
0.0
0.0
0.0
0.0
0.0
0.0
0.0
0.0
0.0
0.0
0.0
0.0
0.0
0.0
0.0
0.0
0.0
0.0
0.0
0.0
0.0
0.0
0.0
0.0
0.0
0.0
0.0
0.0
0.0
0.0
0.0
0.0
0.0
0.0
0.0
0.0
0.0
0.0
0.0
0.0
0.0
0.0
0.0
0.0
0.0
0.0
0.0
0.0
0.0
0.0
0.0
0.0
0.0
0.0
0.0
0.0
0.0
0.0
0.0
0.0
0.0
0.0
0.0
0.0
0.0
0.0
0.0
0.0
0.0
0.0
0.0
0.0
0.0
0.0
0.0
0.0
0.0
0.0
0.0
0.0
0.0
0.0
0.0
0.0
0.0
0.0
0.0
0.0
0.0
0.0
0.0
0.0
0.0
0.0
0.0
0.0
0.0
0.0
0.0
0.0
0.0
0.0
0.0
0.0
0.0
0.0
0.0
0.0
0.0
0.0
0.0
0.0
0.0
0.0
0.0
0.0
0.0
0.0
0.0
0.0
0.0
0.0
0.0
0.0
0.0
0.0
0.0
0.0
0.0
0.0
0.0
0.0
0.0
0.0
0.0
0.0
0.0
0.0
0.0
0.0
0.0
0.0
0.0
0.0
0.0
0.0
0.0
0.0
0.0
0.0
0.0
0.0
0.0
0.0
0.0
0.0
0.0
0.0
0.0
0.0
0.0
0.0
0.0
0.0
0.0
0.0
0.0
0.0
0.0
0.0
0.0
0.0
0.0
0.0
0.0
0.0
0.0
0.0
0.0
0.0
0.0
0.0
0.0
0.0
0.0
0.0
0.0
0.0
0.0
0.0
0.0
0.0
0.0
0.0
0.0
0.0
0.0
0.0
0.0
0.0
0.0
0.0
0.0
0.0
0.0
0.0
0.0
0.0
0.0
0.0
0.0
0.0
0.0
0.0
0.0
0.0
0.0
0.0
0.0
0.0
0.0
0.0
0.0
0.0
0.0
0.0
0.0
0.0
0.0
0.0
0.0
0.0
0.0
0.0
0.0
0.0
0.0
0.0
0.0
0.0
0.0
0.0
0.0
0.0
0.0
0.0
0.0
0.0
0.0
0.0
0.0
0.0
0.0
0.0
0.0
0.0
0.0
0.0
0.0
0.0
0.0
0.0
0.0
0.0
0.0
0.0
0.0
0.0
0.0
0.0
0.0
0.0
0.0
0.0
0.0
0.0
0.0
0.0
0.0
0.0
0.0
0.0
0.0
0.0
0.0
0.0
0.0
0.0
0.0
0.0
0.0
0.0
0.0
0.0
0.0
0.0
0.0
0.0
0.0
0.0
0.0
0.0
0.0
0.0
0.0
0.0
0.0
0.0
0.0
0.0
0.0
0.0
0.0
0.0
0.0
0.0
0.0
0.0
0.0
0.0
0.0
0.0
0.0
0.0
0.0
0.0
0.0
0.0
0.0
0.0
0.0
0.0
0.0
0.0
0.0
0.0
0.0
0.0
0.0
0.0
0.0
0.0
0.0
0.0
0.0
0.0
0.0
0.0
0.0
0.0
0.0
0.0
0.0
0.0
0.0
0.0
0.0
0.0
0.0
0.0
0.0
0.0
0.0
0.0
0.0
0.0
0.0
0.0
0.0
0.0
0.0
0.0
0.0
0.0
0.0
0.0
0.0
0.0
0.0
0.0
0.0
0.0
0.0
0.0
0.0
0.0
0.0
0.0
0.0
0.0
0.0
0.0
0.0
0.0
0.0
0.0
0.0
0.0
0.0
0.0
0.0
0.0
0.0
0.0
0.0
0.0
0.0
0.0
0.0
0.0
0.0
0.0
0.0
0.0
0.0
0.0
0.0
0.0
0.0
0.0
0.0
0.0
0.0
0.0
0.0
0.0
0.0
0.0
0.0
0.0
0.0
0.0
0.0
0.0
0.0
0.0
0.0
0.0
0.0
0.0
0.0
0.0
0.0
0.0
0.0
0.0
0.0
0.0
0.0
0.0
0.0
0.0
0.0
0.0
0.0
0.0
0.0
0.0
0.0
0.0
0.0
0.0
0.0
0.0
0.0
0.0
0.0
0.0
0.0
0.0
0.0
0.0
0.0
0.0
0.0
0.0
0.0
0.0
0.0
0.0
0.0
0.0
0.0
0.0
0.0
0.0
0.0
0.0
0.0
0.0
0.0
0.0
0.0
0.0
0.0
0.0
0.0
0.0
0.0
0.0
0.0
0.0
0.0
0.0
0.0
0.0
0.0
0.0
0.0
0.0
0.0
0.0
0.0
0.0
0.0
0.0
0.0
0.0
0.0
0.0
0.0
0.0
0.0
0.0
0.0
0.0
0.0
0.0
0.0
0.0
0.0
0.0
0.0
0.0
0.0
0.0
0.0
0.0
0.0
0.0
0.0
0.0
0.0
0.0
0.0
0.0
0.0
0.0
0.0
0.0
0.0
0.0
0.0
0.0
0.0
0.0
0.0
0.0
0.0
0.0
0.0
0.0
0.0
0.0
0.0
0.0
0.0
0.0
0.0
0.0
0.0
0.0
0.0
0.0
0.0
0.0
0.0
0.0
0.0
0.0
0.0
0.0
0.0
0.0
0.0
0.0
0.0
0.0
0.0
0.0
0.0
0.0
0.0
0.0
0.0
0.0
0.0
0.0
0.0
0.0
0.0
0.0
0.0
0.0
0.0
0.0
0.0
0.0
0.0
0.0
0.0
0.0
0.0
0.0
0.0
0.0
0.0
0.0
0.0
0.0
0.0
0.0
0.0
0.0
0.0
0.0
0.0
0.0
0.0
0.0
0.0
0.0
0.0
0.0
0.0
0.0
0.0
0.0
0.0
0.0
0.0
0.0
0.0
0.0
0.0
0.0
0.0
0.0
0.0
0.0
0.0
0.0
0.0
0.0
0.0
0.0
0.0
0.0
0.0
0.0
0.0
0.0
0.0
0.0
0.0
0.0
0.0
0.0
0.0
0.0
0.0
0.0
0.0
0.0
0.0
0.0
0.0
0.0
0.0
0.0
0.0
0.0
0.0
0.0
0.0
0.0
0.0
0.0
0.0
0.0
0.0
0.0
0.0
0.0
0.0
0.0
0.0
0.0
0.0
0.0
0.0
0.0
0.0
0.0
0.0
0.0
0.0
0.0
0.0
0.0
0.0
0.0
0.0
0.0
0.0
0.0
0.0
0.0
0.0
0.0
0.0
0.0
0.0
0.0
0.0
0.0
0.0
0.0
0.0
0.0
0.0
0.0
0.0
0.0
0.0
0.0
0.0
0.0
0.0
0.0
0.0
0.0
0.0
0.0
0.0
0.0
0.0
0.0
0.0
0.0
0.0
0.0
0.0
0.0
0.0
0.0
0.0
0.0
0.0
0.0
0.0
0.0
0.0
0.0
0.0
0.0
0.0
0.0
0.0
0.0
0.0
0.0
0.0
0.0
0.0
0.0
0.0
0.0
0.0
0.0
0.0
0.0
0.0
0.0
0.0
0.0
0.0
0.0
0.0
0.0
0.0
0.0
0.0
0.0
0.0
0.0
0.0
0.0
0.0
0.0
0.0
0.0
0.0
0.0
0.0
0.0
0.0
0.0
0.0
0.0
0.0
0.0
0.0
0.0
0.0
0.0
0.0
0.0
0.0
0.0
0.0
0.0
0.0
0.0
0.0
0.0
0.0
0.0
0.0
0.0
0.0
0.0
0.0
0.0
0.0
0.0
0.0
0.0
0.0
0.0
0.0
0.0
0.0
0.0
0.0
0.0
0.0
0.0
0.0
0.0
0.0
0.0
0.0
0.0
0.0
0.0
0.0
0.0
0.0
0.0
0.0
0.0
0.0
0.0
0.0
0.0
0.0
0.0
0.0
0.0
0.0
0.0
0.0
0.0
0.0
0.0
0.0
0.0
0.0
0.0
0.0
0.0
0.0
0.0
0.0
0.0
0.0
0.0
0.0
0.0
0.0
0.0
0.0
0.0
0.0
0.0
0.0
0.0
0.0
0.0
0.0
0.0
0.0
0.0
0.0
0.0
0.0
0.0
0.0
0.0
0.0
0.0
0.0
0.0
0.0
0.0
0.0
0.0
0.0
0.0
0.0
0.0
0.0
0.0
0.0
0.0
0.0
0.0
0.0
0.0
0.0
0.0
0.0
0.0
0.0
0.0
0.0
0.0
0.0
0.0
0.0
0.0
0.0
0.0
0.0
0.0
0.0
0.0
0.0
0.0
0.0
0.0
0.0
0.0
0.0
0.0
0.0
0.0
0.0
0.0
0.0
0.0
0.0
0.0
0.0
0.0
0.0
0.0
0.0
0.0
0.0
0.0
0.0
0.0
0.0
0.0
0.0
0.0
0.0
0.0
0.0
0.0
0.0
0.0
0.0
0.0
0.0
0.0
0.0
0.0
0.0
0.0
0.0
0.0
0.0
0.0
0.0
0.0
0.0
0.0
0.0
0.0
0.0
0.0
0.0
0.0
0.0
0.0
0.0
0.0
0.0
0.0
0.0
0.0
0.0
0.0
0.0
0.0
0.0
0.0
0.0
0.0
0.0
0.0
0.0
0.0
0.0
0.0
0.0
0.0
0.0
0.0
0.0
0.0
0.0
0.0
0.0
0.0
0.0
0.0
0.0
0.0
0.0
0.0
0.0
0.0
0.0
0.0
0.0
0.0
0.0
0.0
0.0
0.0
0.0
0.0
0.0
0.0
0.0
0.0
0.0
0.0
0.0
0.0
0.0
0.0
0.0
0.0
0.0
0.0
0.0
0.0
0.0
0.0
0.0
0.0
0.0
0.0
0.0
0.0
0.0
0.0
0.0
0.0
0.0
0.0
0.0
0.0
0.0
0.0
0.0
0.0
0.0
0.0
0.0
0.0
0.0
0.0
0.0
0.0
0.0
0.0
0.0
0.0
0.0
0.0
0.0
0.0
0.0
0.0
0.0
0.0
0.0
0.0
0.0
0.0
0.0
0.0
0.0
0.0
0.0
0.0
0.0
0.0
0.0
0.0
0.0
0.0
0.0
0.0
0.0
0.0
0.0
0.0
0.0
0.0
0.0
0.0
0.0
0.0
0.0
0.0
0.0
0.0
0.0
0.0
0.0
0.0
0.0
0.0
0.0
0.0
0.0
0.0
0.0
0.0
0.0
0.0
0.0
0.0
0.0
0.0
0.0
0.0
0.0
0.0
0.0
0.0
0.0
0.0
0.0
0.0
0.0
0.0
0.0
0.0
0.0
0.0
0.0
0.0
0.0
0.0
0.0
0.0
0.0
0.0
0.0
0.0
0.0
0.0
0.0
0.0
0.0
0.0
0.0
0.0
0.0
0.0
0.0
0.0
0.0
0.0
0.0
0.0
0.0
0.0
0.0
0.0
0.0
0.0
0.0
0.0
0.0
0.0
0.0
0.0
0.0
0.0
0.0
0.0
0.0
0.0
0.0
0.0
0.0
0.0
0.0
0.0
0.0
0.0
0.0
0.0
0.0
0.0
0.0
0.0
0.0
0.0
0.0
0.0
0.0
0.0
0.0
0.0
0.0
0.0
0.0
0.0
0.0
0.0
0.0
0.0
0.0
0.0
0.0
0.0
0.0
0.0
0.0
0.0
0.0
0.0
0.0
0.0
0.0
0.0
0.0
0.0
0.0
0.0
0.0
0.0
0.0
0.0
0.0
0.0
0.0
0.0
0.0
0.0
0.0
0.0
0.0
0.0
0.0
0.0
0.0
0.0
0.0
0.0
0.0
0.0
0.0
0.0
0.0
0.0
0.0
0.0
0.0
0.0
0.0
0.0
0.0
0.0
0.0
0.0
0.0
0.0
0.0
0.0
0.0
0.0
0.0
0.0
0.0
0.0
0.0
0.0
0.0
0.0
0.0
0.0
0.0
0.0
0.0
0.0
0.0
0.0
0.0
0.0
0.0
0.0
0.0
0.0
0.0
0.0
0.0
0.0
0.0
0.0
0.0
0.0
0.0
0.0
0.0
0.0
0.0
0.0
0.0
0.0
0.0
0.0
0.0
0.0
0.0
0.0
0.0
0.0
0.0
0.0
0.0
0.0
0.0
0.0
0.0
0.0
0.0
0.0
0.0
0.0
0.0
0.0
0.0
0.0
0.0
0.0
0.0
0.0
0.0
0.0
0.0
0.0
0.0
0.0
0.0
0.0
0.0
0.0
0.0
0.0
0.0
0.0
0.0
0.0
0.0
0.0
0.0
0.0
0.0
0.0
0.0
0.0
0.0
0.0
0.0
0.0
0.0
0.0
0.0
0.0
0.0
0.0
0.0
0.0
0.0
0.0
0.0
0.0
0.0
0.0
0.0
0.0
0.0
0.0
0.0
0.0
0.0
0.0
0.0
0.0
0.0
0.0
0.0
0.0
0.0
0.0
0.0
0.0
0.0
0.0
0.0
0.0
0.0
0.0
0.0
0.0
0.0
0.0
0.0
0.0
0.0
0.0
0.0
0.0
0.0
0.0
0.0
0.0
0.0
0.0
0.0
0.0
0.0
0.0
0.0
0.0
0.0
0.0
0.0
0.0
0.0
0.0
0.0
0.0
0.0
0.0
0.0
0.0
0.0
0.0
0.0
0.0
0.0
0.0
0.0
0.0
0.0
0.0
0.0
0.0
0.0
0.0
0.0
0.0
0.0
0.0
0.0
0.0
0.0
0.0
0.0
0.0
0.0
0.0
0.0
0.0
0.0
0.0
0.0
0.0
0.0
0.0
0.0
0.0
0.0
0.0
0.0
0.0
0.0
0.0
0.0
0.0
0.0
0.0
0.0
0.0
0.0
0.0
0.0
0.0
0.0
0.0
0.0
0.0
0.0
0.0
0.0
0.0
0.0
0.0
0.0
0.0
0.0
0.0
0.0
0.0
0.0
0.0
0.0
0.0
0.0
0.0
0.0
0.0
0.0
0.0
0.0
0.0
0.0
0.0
0.0
0.0
0.0
0.0
0.0
0.0
0.0
0.0
0.0
0.0
0.0
0.0
0.0
0.0
0.0
0.0
0.0
0.0
0.0
0.0
0.0
0.0
0.0
0.0
0.0
0.0
0.0
0.0
0.0
0.0
0.0
0.0
0.0
0.0
0.0
0.0
0.0
0.0
0.0
0.0
0.0
0.0
0.0
0.0
0.0
0.0
0.0
0.0
0.0
0.0
0.0
0.0
0.0
0.0
0.0
0.0
0.0
0.0
0.0
0.0
0.0
0.0
0.0
0.0
0.0
0.0
0.0
0.0
0.0
0.0
0.0
0.0
0.0
0.0
0.0
0.0
0.0
0.0
0.0
0.0
0.0
0.0
0.0
0.0
0.0
0.0
0.0
0.0
0.0
0.0
0.0
0.0
0.0
0.0
0.0
0.0
0.0
0.0
0.0
0.0
0.0
0.0
0.0
0.0
0.0
0.0
0.0
0.0
0.0
0.0
0.0
0.0
0.0
0.0
0.0
0.0
0.0
0.0
0.0
0.0
0.0
0.0
0.0
0.0
0.0
0.0
0.0
0.0
0.0
0.0
0.0
0.0
0.0
0.0
0.0
0.0
0.0
0.0
0.0
0.0
0.0
0.0
0.0
0.0
0.0
0.0
0.0
0.0
0.0
0.0
0.0
0.0
0.0
0.0
0.0
0.0
0.0
0.0
0.0
0.0
0.0
0.0
0.0
0.0
0.0
0.0
0.0
0.0
0.0
0.0
0.0
0.0
0.0
0.0
0.0
0.0
0.0
0.0
0.0
0.0
0.0
0.0
0.0
0.0
0.0
0.0
0.0
0.0
0.0
0.0
0.0
0.0
0.0
0.0
0.0
0.0
0.0
0.0
0.0
0.0
0.0
0.0
0.0
0.0
0.0
0.0
0.0
0.0
0.0
0.0
0.0
0.0
0.0
0.0
0.0
0.0
0.0
0.0
0.0
0.0
0.0
0.0
0.0
0.0
0.0
0.0
0.0
0.0
0.0
0.0
0.0
0.0
0.0
0.0
0.0
0.0
0.0
0.0
0.0
0.0
0.0
0.0
0.0
0.0
0.0
0.0
0.0
0.0
0.0
0.0
0.0
0.0
0.0
0.0
0.0
0.0
0.0
0.0
0.0
0.0
0.0
0.0
0.0
0.0
0.0
0.0
0.0
0.0
0.0
0.0
0.0
0.0
0.0
0.0
0.0
0.0
0.0
0.0
0.0
0.0
0.0
0.0
0.0
0.0
0.0
0.0
0.0
0.0
0.0
0.0
0.0
0.0
0.0
0.0
0.0
0.0
0.0
0.0
0.0
0.0
0.0
0.0
0.0
0.0
0.0
0.0
0.0
0.0
0.0
0.0
0.0
0.0
0.0
0.0
0.0
0.0
0.0
0.0
0.0
0.0
0.0
0.0
0.0
0.0
0.0
0.0
0.0
0.0
0.0
0.0
0.0
0.0
0.0
0.0
0.0
0.0
0.0
0.0
0.0
0.0
0.0
0.0
0.0
0.0
0.0
0.0
0.0
0.0
0.0
0.0
0.0
0.0
0.0
0.0
0.0
0.0
0.0
0.0
0.0
0.0
0.0
0.0
0.0
0.0
0.0
0.0
0.0
0.0
0.0
0.0
0.0
0.0
0.0
0.0
0.0
0.0
0.0
0.0
0.0
0.0
0.0
0.0
0.0
0.0
0.0
0.0
0.0
0.0
0.0
0.0
0.0
0.0
0.0
0.0
0.0
0.0
0.0
0.0
0.0
0.0
0.0
0.0
0.0
0.0
0.0
0.0
0.0
0.0
0.0
0.0
0.0
0.0
0.0
0.0
0.0
0.0
0.0
0.0
0.0
0.0
0.0
0.0
0.0
0.0
0.0
0.0
0.0
0.0
0.0
0.0
0.0
0.0
0.0
0.0
0.0
0.0
0.0
0.0
0.0
0.0
0.0
0.0
0.0
0.0
0.0
0.0
0.0
0.0
0.0
0.0
0.0
0.0
0.0
0.0
0.0
0.0
0.0
0.0
0.0
0.0
0.0
0.0
0.0
0.0
0.0
0.0
0.0
0.0
0.0
0.0
0.0
0.0
0.0
0.0
0.0
0.0
0.0
0.0
0.0
0.0
0.0
0.0
0.0
0.0
0.0
0.0
0.0
0.0
0.0
0.0
0.0
0.0
0.0
0.0
0.0
0.0
0.0
0.0
0.0
0.0
0.0
0.0
0.0
0.0
0.0
0.0
0.0
0.0
0.0
0.0
0.0
0.0
0.0
0.0
0.0
0.0
0.0
0.0
0.0
0.0
0.0
0.0
0.0
0.0
0.0
0.0
0.0
0.0
0.0
0.0
0.0
0.0
0.0
0.0
0.0
0.0
0.0
0.0
0.0
0.0
0.0
0.0
0.0
0.0
0.0
0.0
0.0
0.0
0.0
0.0
0.0
0.0
0.0
0.0
0.0
0.0
0.0
0.0
0.0
0.0
0.0
0.0
0.0
0.0
0.0
0.0
0.0
0.0
0.0
0.0
0.0
0.0
0.0
0.0
0.0
0.0
0.0
0.0
0.0
0.0
0.0
0.0
0.0
0.0
0.0
0.0
0.0
0.0
0.0
0.0
0.0
0.0
0.0
0.0
0.0
0.0
0.0
0.0
0.0
0.0
0.0
0.0
0.0
0.0
0.0
0.0
0.0
0.0
0.0
0.0
0.0
0.0
0.0
0.0
0.0
0.0
0.0
0.0
0.0
0.0
0.0
0.0
0.0
0.0
0.0
0.0
0.0
0.0
0.0
0.0
0.0
0.0
0.0
0.0
0.0
0.0
0.0
0.0
0.0
0.0
0.0
0.0
0.0
0.0
0.0
0.0
0.0
0.0
0.0
0.0
0.0
0.0
0.0
0.0
0.0
0.0
0.0
0.0
0.0
0.0
0.0
0.0
0.0
0.0
0.0
0.0
0.0
0.0
0.0
0.0
0.0
0.0
0.0
0.0
0.0
0.0
0.0
0.0
0.0
0.0
0.0
0.0
0.0
0.0
0.0
0.0
0.0
0.0
0.0
0.0
0.0
0.0
0.0
0.0
0.0
0.0
0.0
0.0
0.0
0.0
0.0
0.0
0.0
0.0
0.0
0.0
0.0
0.0
0.0
0.0
0.0
0.0
0.0
0.0
0.0
0.0
0.0
0.0
0.0
0.0
0.0
0.0
0.0
0.0
0.0
0.0
0.0
0.0
0.0
0.0
0.0
0.0
0.0
0.0
0.0
0.0
0.0
0.0
0.0
0.0
0.0
0.0
0.0
0.0
0.0
0.0
0.0
0.0
0.0
0.0
0.0
0.0
0.0
0.0
0.0
0.0
0.0
0.0
0.0
0.0
0.0
0.0
0.0
0.0
0.0
0.0
0.0
0.0
0.0
0.0
0.0
0.0
0.0
0.0
0.0
0.0
0.0
0.0
0.0
0.0
0.0
0.0
0.0
0.0
0.0
0.0
0.0
0.0
0.0
0.0
0.0
0.0
0.0
0.0
0.0
0.0
0.0
0.0
0.0
0.0
0.0
0.0
0.0
0.0
0.0
0.0
0.0
0.0
0.0
0.0
0.0
0.0
0.0
0.0
0.0
0.0
0.0
0.0
0.0
0.0
0.0
0.0
0.0
0.0
0.0
0.0
0.0
0.0
0.0
0.0
0.0
0.0
0.0
0.0
0.0
0.0
0.0
0.0
0.0
0.0
0.0
0.0
0.0
0.0
0.0
0.0
0.0
0.0
0.0
0.0
0.0
0.0
0.0
0.0
0.0
0.0
0.0
0.0
0.0
0.0
0.0
0.0
0.0
0.0
0.0
0.0
0.0
0.0
0.0
0.0
0.0
0.0
0.0
0.0
0.0
0.0
0.0
0.0
0.0
0.0
0.0
0.0
0.0
0.0
0.0
0.0
0.0
0.0
0.0
0.0
0.0
0.0
0.0
0.0
0.0
