-0.610808156458
-1.93799411364
0.0
0.0
0.0
-0.0156062581197
-0.478809073161
0.0
-0.10616685392
0.0
-0.0814484997991
-0.4714421153
-0.00475487615572
-0.32036777943
0.0
-0.0664818227472
0.357583128722
0.366080617292
-0.0826575669697
-0.111268701582
0.0
0.0
0.0
0.0
0.0
0.358785395754
-0.181852941068
-0.191202666318
0.0
0.0
-0.0117871011983
0.270505111701
0.0
0.0
-0.490784058948
-0.147714710399
0.0
0.335045347749
-0.271936845364
0.0
0.0971355353483
-0.811863933309
-0.271919700127
0.0
-0.0659305230021
-0.0572266420137
0.105389051979
0.0
0.0245748032006
0.0
-0.159811898507
-0.0347425073703
-0.0930389489431
-0.565444994247
-0.0525413943118
-0.086317732867
-0.0873533448872
0.0741883364123
0.0
0.0
0.0
-1.23082734865
-0.255499190961
0.0
0.0
-0.0402407955762
-0.0923544137284
0.0
-0.777895786414
-0.0486256811938
-0.097707498359
0.0
-0.0256064872875
-0.000920855115459
-0.0471534232589
0.0
0.0
-0.0737013426184
0.0
-0.252150361679
-0.111963998631
-0.723485957115
-1.40021615107
0.0
0.0
0.0
0.0
0.0
0.0
-0.000765488413622
0.0
0.0
-0.530935955354
-0.0187935366418
0.0
-0.72977435051
0.0
0.0
0.0
-1.08689636402
-0.0863899143198
-1.05380346013
-0.01782446351
0.0
-1.19408500747
-0.0138345512049
0.0
0.0
-0.577995166337
0.0
-0.898472316832
0.0
0.0
0.0
0.0
0.15330317106
0.0
-0.00959075997291
0.0
0.0
0.0
0.0
-0.354521493318
0.0
0.0
0.0
0.0
0.0
0.0
-0.0939362987575
-0.62946441031
-0.0913101928268
0.144684037591
0.0
0.0
0.0
0.0
0.0
-0.670176909015
0.0
0.0572889921437
0.0
-0.0862039499648
0.0
0.0
0.0
0.0
0.0
-0.662401906243
0.0
0.0
0.0
0.0
0.19273664787
0.0
-0.0141113192999
-0.573689083383
0.0
0.0
0.0
0.0
-1.03741777995
-0.104687205026
-0.059509954424
0.0
0.0
0.551356852029
0.0
0.0
0.0
0.286132573794
0.0
0.0
-0.238513222791
0.0
0.0
0.0
0.0
0.0
0.296374838247
-1.14277378022
-1.18442168475
-0.123144896634
-0.30877327899
0.0
-0.020578722302
0.0
-0.0886303733295
-0.153729620359
0.0
-1.20816079893
0.0
-0.323619362503
-0.268642814684
0.0
0.0
0.0
0.0
0.0
0.0
-0.730367755955
0.0
0.35834298355
-0.271956523569
0.0
0.0
0.0
-0.0617332430684
0.0
0.0
0.0
0.0
-0.391026302222
0.0
-0.605128459187
-0.0115537840366
0.0
-0.266041498796
-0.0756712504385
0.0
-0.637168167636
0.0
-0.00434663002097
-0.00171016131675
0.0
0.0
0.0
0.0
0.194108206652
-0.319618160462
-0.23598112561
0.0
0.0
0.0
-0.493804387157
-1.26304231308
-0.0128863721678
-0.906552507091
0.0
0.0
-0.0217958708258
-0.579770402738
-0.309139498506
0.0
0.527700897868
0.0
-0.877683866473
-0.138488436596
-1.66938704606
-0.527808477843
-0.274380229255
-0.0340138924533
0.0
0.0
-0.0823702343144
0.0
0.0
0.0
0.0
0.0
0.0
0.0
-0.432555232686
-1.22112788226
0.335160915956
0.0
0.303225239012
0.0
-0.672763984386
-0.299025975221
-0.0119113799661
1.7346174929
-0.220174948824
-0.0469145806197
-0.332850510471
-0.168497308198
0.0
0.0
-0.0398122907831
0.0
-0.953860717158
0.0
-0.232513055519
0.0
-0.39590950022
0.0
-0.0886303733295
0.0
0.0
0.0
0.381423916265
-0.910562324067
-0.50960999045
0.620986441789
0.0
0.0
0.0
0.0
-0.657008767615
0.0
0.0
-0.196703738591
-0.0732716304495
0.0
-0.744218586397
-0.0233333163319
0.0
-0.420627218592
0.0
0.050075457402
0.0
-0.341681534983
0.0
-0.0552106966694
0.0
-0.574761645394
-0.0414320737301
-0.0569123593715
0.0
0.0
0.0
0.450501174926
-0.0778804906649
0.121641600532
0.0
0.0
0.0
0.0
0.0
0.0
0.0
0.0
-0.195857418769
-0.520880528543
0.0
0.122790746156
-0.00122072280216
0.0
0.713379901754
0.0
0.0
-0.357068223516
-0.659676798927
0.0
0.108434368474
0.0
-0.0882400398534
-0.274344101049
-0.0805123180888
-0.00120548731202
0.0
0.523851619213
-0.00241864728853
0.100579278619
-0.258492661676
-0.00160054929676
0.0
0.260249184065
0.0
0.0
-0.374941175558
0.184955851408
-0.76678743151
-0.169365848981
-0.1642617048
0.0
0.0
0.0249666595639
0.0
0.0184106858977
0.0
0.0
-0.228786651844
0.0
0.0
0.0
0.0
-0.226453656546
0.0
0.0
0.0
-0.140286848967
-0.446932153235
-0.0980267735259
-0.321033721604
0.0
0.0
0.0
0.0
-0.438901033093
0.0
0.0
-0.344665935133
0.0
0.0
-0.517628230236
-0.0111461467923
0.0
-0.148626020959
0.0
0.0
-0.238432715481
0.0
0.0
-0.31669032241
-0.0544819983747
0.0
0.0
-0.292408355066
-0.124065132729
0.0
-0.637932820393
0.0
0.0
-0.0565723474876
-0.240780207501
0.0
0.0
0.292833349637
0.0
0.0
0.0
0.0
0.0
0.458867766479
-0.287480367502
0.0
0.0
0.0
0.181425029202
0.0
0.0
-0.264907744474
-0.801838138466
0.22985490596
0.448264992891
0.178252661411
0.247998912827
-0.294628961852
-0.0377668162006
0.119538380505
0.333580029029
0.324313465457
-0.0687739870845
-0.162883586734
-0.453382633351
0.385135675435
0.0
-0.209712067245
0.100383403739
0.223454605203
0.821323392081
0.201928855286
0.0
-0.223177844371
-0.022386904121
1.43753248579
0.162697001396
0.274977172401
-0.15915861223
0.213448578167
-0.36701322464
0.316651260615
-0.60170420205
0.0
0.0113789817923
-0.852837766314
-0.203115436618
0.642870226399
0.347358600827
0.350434975627
-0.148029335687
-0.247940670651
0.389333773131
0.0671242280855
0.10569546796
0.0297293258426
-0.118473198789
-0.113797522033
-0.381697716666
-0.248448758888
-0.228610578041
-0.363349979095
-0.898190394057
1.43672951896
-0.454732219102
-1.1708934112
0.0
-0.108089545919
0.797913843205
-0.411866824076
-0.674513409172
-0.934649443028
0.192031766613
-0.118367791956
-1.23380247758
-0.68095621038
-0.0112045520922
0.226871792341
-0.458624514345
-0.541171731391
0.573932429248
-2.0867089937
0.0401314385161
-1.0624482478
0.438216253924
-0.195897579499
-0.301093260796
0.318735756286
0.786633863741
0.0
0.0
0.0
0.0
-0.0840385567845
0.0
0.0
0.0
-0.0218445742733
0.0
-0.00622374407639
0.0
0.0
0.0
0.0
0.0
0.0
-0.166672770324
-0.816055387245
-0.904621689408
-0.362987067051
-0.0949833808136
-0.0422194779453
0.949235408155
-1.29366250325
1.15137222983
0.0938370680554
-1.10222132027
-1.25864589557
-0.872089249937
-0.0252355009307
0.0
-0.00645060907837
0.0
0.0
-0.728664353713
-1.26710490403
-1.21943540348
0.145298937492
0.415373217491
1.0825128541
-1.41462897657
0.0
0.0
-1.4152407984
0.0
0.0
0.0
0.0
0.0
0.0
0.0
0.0
0.0
0.0
0.0
0.0
0.0
0.0
0.0
0.0
0.0
0.0
0.0
0.0
0.0
0.0
0.0
0.0
0.0
0.0
0.0
0.0
0.0
0.0
0.0
0.0
0.0
0.0
0.616008870203
-0.651612736484
0.39257948942
-0.368833334157
-0.616894062736
0.261934042074
-0.0729364808596
-0.305183079806
-0.293613889308
-0.550755278774
0.0
-0.340781233764
-0.844342476099
-0.0194379805292
-0.303166866194
-0.0374446356318
0.146028254925
-0.236531059103
0.39288700352
-0.584985598317
-0.118562992746
-0.669619385763
0.0
0.0
0.0
0.0
-0.565182671747
-0.816945369578
-0.391083960183
-0.0106285473122
-0.00544588441586
0.0659297485294
0.0
-0.0477901209297
0.0
-0.397782147814
0.283220483186
-0.893594290104
-0.698349424084
0.0
0.0
0.0635597624075
0.0
0.0
-0.552575086049
-0.316366735907
0.0
0.0
0.335755559718
-0.405973384678
-0.467947778694
-0.00146328448308
0.0
0.0
0.0
0.151091295653
-0.847221235949
0.0
0.480921436866
-0.388797351298
-0.919134809769
-0.440732181477
-0.753869329632
-0.104322317401
-0.370397633625
0.0
-0.592601152071
0.0
-0.171913415478
-0.371533765696
-0.345929503214
-0.267041916492
-0.0170269047073
0.0
-0.199548917738
-0.520776981359
0.0
-0.014966858768
0.0
-0.596657273367
0.0
0.0
-0.186053273333
-0.502962641358
0.0
-0.315889495808
0.0
0.0
0.0
-0.200156271077
0.0
0.780910863023
-0.956478005528
0.416888353297
-0.173792801194
0.0
-0.243149810759
0.31172676838
0.261160979971
1.477456869
-0.131146021366
0.0
-0.0381530821486
-0.133284917111
0.146715305512
0.0
0.0
0.0
0.0
-0.261650452517
0.0
0.0
-0.0138468094973
0.0
0.0
0.379037974111
-0.616888797814
-0.781067136891
-0.467617897126
-0.0396187590356
0.0
0.0
0.0
0.0
0.0
0.0
0.0
0.0
0.0
0.0
-0.478572069624
0.0
0.0
-0.0702687936926
0.0
-0.168304798127
0.0
-0.330234979038
0.0648203280077
-0.686245428129
-0.219412359221
-0.00703407632531
0.0
0.0473808149649
0.0
0.0
-0.166861516897
0.0
-0.43147569775
0.0
0.0
0.0
0.753982574707
-0.813227945314
-0.638764181625
-0.000765488413622
0.0
-0.421083202417
-0.433220171687
-0.0689061720826
-0.7279862019
0.0
0.0
-0.343886878945
-0.225679928021
-0.815159442898
-0.0883049126548
0.0
0.0
0.0
0.0
-0.154719077458
-0.360051790494
0.0
-0.0583815857061
1.620739916
-0.176837422106
0.0
-0.0740714241819
-0.00623778738068
0.0
-0.692688335045
0.0
0.128925387098
-0.390962615451
0.0574097887813
0.0
0.277835494053
-0.00507025075611
0.212708099621
-0.0283136671606
-0.0856789830933
0.0
0.297511803811
-0.164907861445
-0.275171947677
-0.655143588716
0.0
0.0
1.41619410187
0.0
-0.35414854503
0.0
0.0
-0.492484187269
-0.631048264896
-0.297904793416
0.0
0.33969729238
0.0
-0.259717223567
0.150109240751
0.0
-0.402857787986
0.0
0.0
-0.268755975913
-0.0902514198434
-0.393398997692
0.0
0.0
-0.041014727145
-0.104602013449
-0.287339159805
0.0
0.0
0.0
-0.0524592046658
-0.0119683118551
0.0
0.0
0.0
0.0
0.0
0.0
-0.0283566546771
-0.793344352174
-0.986200606331
-1.01633900716
-0.128153633433
0.0
0.0
-0.245035484083
0.0
-0.086315354199
-0.899900673467
0.0
-1.06009110659
-0.284395174449
-0.0597886768764
-0.302498726444
-0.360863303968
0.0
0.208579163133
-0.840610540947
-0.292844651073
-0.0597323241596
-0.239978440265
-0.130941131068
0.0328585399753
-0.150384249118
-0.154639928509
-0.157488882574
-0.177260746659
-0.484572681124
-0.800315858476
-0.640406424862
0.0
0.165331559256
-0.334489057062
-0.0906642067582
-0.338413356254
0.224122252696
0.0
-0.755836429671
0.160738161255
-0.240002319224
0.0
-0.242750285466
-0.210585580518
0.0
0.0
0.0
0.0
-0.751750235611
0.0354559267074
-0.0142381946821
-0.968583856307
-0.163508849157
-0.277760286759
-0.0824183819713
-0.531127560191
-0.157671615585
0.0
0.175335941029
0.0
-0.446775795262
-0.134003938253
-0.490835748594
0.0
-0.350556077612
0.0
-0.0568238497626
0.0
0.0207882528563
0.0
-0.183253408137
0.429811439272
-0.0142405423634
-0.207495285091
0.0
0.395343049025
-0.239377177309
-0.218568398042
-0.300294104752
0.072541929502
-0.0692442182981
0.0
0.0107496297541
0.0
0.648542889782
0.0
0.0
0.558547495775
-0.247188399881
-0.0823018699792
0.0698866535123
-0.0355958775695
0.0
0.0
0.199754283478
0.429039432542
-0.426540532875
-0.729371649192
-0.0177109082807
-0.0358399479526
0.0800534890158
-0.156825568888
-0.407862422863
-0.284245213155
0.129307934583
-0.0230490025245
0.0
-0.452548332634
1.95008973819
0.0
0.10909887507
0.0
0.0
0.0
-0.0801678362578
0.34958325914
0.0
-0.26657317519
0.0
-0.0452877945545
-0.368522865654
0.384434961634
0.0
0.0
0.0
-0.204604084962
0.13230178222
-0.0345942403183
-0.447699240546
0.160748907684
0.0
-0.0522863245811
-0.203496742109
0.0
0.0
-0.0502796574446
0.0316170196985
0.0
-0.0142433064556
-0.345781365441
0.0
0.0
0.250060165524
-0.100568161733
-0.0658458991479
-0.0354168036361
-0.408672236587
-0.126299775433
-0.130832586164
0.0
0.0
-0.40019326615
-0.473656203791
-0.24549888763
-0.218454764493
-0.132476945602
0.0
0.0
0.0
0.0
0.0
0.0
0.0
0.0
-0.044843869908
-0.868672311858
-0.547436589391
0.0
-0.0903783689136
0.0
0.0
0.0
0.0
0.147402588974
-0.158989554498
0.0
0.101444195248
0.0449835630601
-0.129241532225
0.0
0.0707086968055
-0.197843651652
0.283301595691
0.0
0.0
0.0
0.0
0.288278711993
-0.426708248997
0.0
0.0
-0.473711172241
0.0
-0.0755221662364
0.0
-0.389135372585
0.0877165756598
0.0
-0.0339262443643
-0.200130196314
-0.0375428522575
0.135711525549
0.364666254387
-0.0568868927378
0.0
0.0
0.0
0.296489122085
0.191750802735
-0.0954178930886
0.0
-0.0138838853711
0.0
0.159439975515
-0.292059347668
-0.464189521414
0.0268207644114
0.594928349448
0.0
0.0
0.0539313648336
-0.439571599056
-0.141971138944
-0.352726833502
-0.0269638560273
0.250310096502
-0.0760291125367
0.0
-0.665516618713
0.0
0.957049914403
0.0935589381392
-0.0335396716761
0.0360425975354
0.273499590373
-0.271700151411
-0.340559930672
-0.00717836413225
0.0
-0.247295579515
-0.4643171385
-0.0271041681544
0.0
-0.148480660228
0.0
-0.414268264308
0.0
-0.0252184445835
-0.0209551699408
-0.0366079292123
-0.293941135771
0.0
0.0
-0.170549403059
-0.196965505356
0.19023606922
0.242107116156
-0.0329898253153
-0.426107798553
0.0
-0.00718881911616
0.0
0.226285369209
0.280961525507
-0.0212860594168
-0.663971331283
0.00308866307774
0.324647260293
0.0
-0.695958630207
0.0
-0.0397141537157
0.0
0.0
-0.449405548797
-0.260815127803
0.0
0.0
0.0
-0.0381213490771
0.0
0.0
0.0
0.0
0.465023695659
-0.586915331204
0.0926526559063
-0.217938821073
-0.0215814541718
-0.0247865244368
-0.0219668163436
0.0365763164478
0.0
0.0
-0.319935274972
-0.22294098686
0.0
1.20125128096
-0.505096327438
-0.0220497811785
0.0
0.129976607936
-0.402168764985
-0.242964030655
0.0
-0.0467275850103
-0.293070419091
-0.0716877032965
0.0
-0.0751877502259
-0.209377617723
-0.177539135769
-0.0128097075618
-0.164048627539
-0.0319607231172
0.0
0.0
-0.00146482166101
0.0
0.0
0.0
0.0
0.0
0.0
0.0
0.0
0.0
-0.658771521642
-0.354952049698
-0.506548107326
-0.542547748075
0.0
0.0
0.0
0.0
0.0
0.0
0.0666338691826
0.0337555176032
0.365848152047
0.163076605443
-0.328822241247
-0.268488431269
-0.0359739696691
0.513166452854
-0.0886303733295
0.0
0.0
-0.24434078841
-0.578220614368
-0.53823058942
0.0
0.0
-0.0514784936255
-0.231223829416
-0.249652819389
0.0732836956723
-0.0256064872875
-0.324503181754
-0.306170872687
0.0
0.0
-0.576758651776
-0.804435200542
-0.223381654613
0.0
-0.125082274302
-0.155201871417
-0.161038502885
0.422517169651
0.158523622673
0.0
-1.82156784452
-0.197892659412
0.459769042419
0.0
0.0
0.0749691932496
0.0
0.00175146151207
-0.136988439614
0.117817572308
0.0
0.0
0.0746182339147
-0.0679813186135
0.0
-0.0412344169505
0.0
0.0
0.0955071040921
1.38368975339
0.435269281508
-0.0963929591768
-0.412945619887
0.0332220860944
0.0
-0.131126899675
0.0
0.0
-0.590718142014
-0.512136425527
0.0777453128465
0.0
0.0
-0.502505995065
-0.0265301693233
0.0
-0.0112174873142
0.141719530389
0.0
-0.0568595723738
0.0
0.0
-0.475183678632
0.0
0.0
0.711996570985
-0.074788922049
-0.490057835403
-0.162457063101
-0.0752302665984
0.0
-0.0645621681309
0.0161290093548
0.0
-0.173703164802
0.0710174475734
0.0547386103658
-0.154505392993
-0.415940062872
0.0266753476311
-0.0399735300325
0.0
0.104908695401
0.14758736027
0.0
-0.124498488699
0.279968523993
-0.0551149410245
0.0
-0.141416183199
-0.0664109501243
-0.0201732721108
0.0
-0.709893823362
-0.089300162629
0.325240876412
0.0
-0.0637195700664
-0.264318593142
-0.108653697934
0.0
0.0
-0.0270379004172
0.0
-0.0624436593096
0.0
-0.00263469985768
-0.00131979219463
-0.116929412536
-0.0271065266994
-0.0594463497863
-0.0886303733295
-0.0766143190544
0.0
0.0
-0.383502743181
0.0
0.0
0.0
0.0
0.0
0.0
0.0
0.0
0.060193597365
-0.433027153663
-0.466032088788
-0.0137465468939
0.0
0.0
0.0
0.0
-0.0782733635727
0.168390681923
0.0962472411413
-0.0402163284574
0.0
-0.539147741867
0.223794178729
-0.0570865605864
0.0
-0.0264687804938
-0.485100704849
-0.160868246341
0.0
-0.0630931488536
-0.268967410291
-0.272340077809
-0.704829345331
-0.0149813515481
0.0
-0.0408991235421
-0.688585807595
-0.453239530008
-0.263107269884
-0.0779975659528
0.0
0.0
0.622078370625
-0.556455161201
0.0
-0.350467876937
-0.176695080561
0.0
-0.0186055847824
0.0
0.0
-0.346442036977
0.132313469496
0.0
-0.0201732721108
0.104458578655
-0.336013697744
-0.139756160995
5.43376927411e-06
-0.27887983389
-0.321591414919
-0.08303352899
-0.0177926748291
0.0
-0.0538958840222
-0.99677979476
-0.0287468626061
0.0
0.0
-0.0427033398491
0.0
-0.0202274832785
0.0
-0.273362535505
0.0671874507027
-0.0320585560474
0.0
-0.00374900773317
0.0
-0.111547980803
-0.641174164586
-0.0170141975489
0.104818138042
-0.0224340971488
0.357350575437
-0.00953788082672
0.0
1.19446379389
-0.473031466851
-0.0306191002905
0.0
0.578281410961
-0.0308390854666
0.0
0.0
0.0
-0.0503633691586
-0.0285331876791
-0.117678785428
-0.0543481501938
0.0
-0.236184127669
0.0883584488997
0.0
-0.085421622008
0.0
-0.0554229725859
-0.0141113192999
0.0
-0.20458573706
-0.0517267211099
0.0
-0.0394503746154
0.0
0.128029374048
-0.419889488468
0.0
0.0
-0.311193958559
-0.0302107864365
0.0
-0.106851328625
0.0
-0.00768902526077
-0.00262529412082
0.0
0.0
-0.044975621704
0.0
0.0
0.0
0.0
0.0
0.0
0.0
0.37549796472
0.214106695052
-0.337119996081
0.0
0.0
0.0
-0.0837109829108
0.0
-0.0384944522173
0.0
0.0
0.0
-0.0401701901039
-0.0123732395018
0.165944355702
0.0
0.207745624339
-0.186842368439
0.321011570562
0.0
0.270049394756
-0.0440820659488
-0.228917438916
0.18918606854
-1.03900811357
-1.15458477594
-0.166913860157
0.0
-0.0512223122022
-0.083687938998
-0.327049180745
-0.0705799217966
-0.0483930784367
-0.0608230004921
0.408253441293
0.0
0.0
0.29177695481
-0.0800338631294
-0.100685208374
-0.0480362585083
-0.0362905008999
0.0
-0.670545068085
-0.513783471381
0.0
-0.0671609935456
-0.220528849614
-0.0425957400431
0.304415840949
-0.0665523594286
0.0
0.305441393541
-0.60773615794
0.0495736411115
-0.261984174403
-0.521099037801
0.0
-0.0993412550314
0.248410573697
-0.0309233406118
0.0
0.0
-0.768114812359
-0.553749323699
0.0
0.0
0.0
-0.011751696942
-0.583656594172
0.328442368295
-0.00316570029627
-0.196237086903
0.0
-0.504858895071
-0.00456753259736
0.0
-0.255538105246
0.0
0.11349478978
0.425800126599
0.0
0.131085436718
-0.773803896946
-0.123423279563
-0.0508830373122
0.216573308838
-0.0883197979005
0.0906350870199
-0.934159621289
-0.35506586277
0.101565048649
-0.043656020158
-0.63946547522
-0.467129011649
-0.0598871955734
-0.076623481465
-0.102875618105
-0.0330634668749
0.0895579497135
0.0
0.13581575763
0.0
0.0
-0.00347126606466
-0.0348713403433
0.0
0.0
0.0
0.0
-0.188994295015
-0.685973663718
-0.243709231025
0.0
-0.0153570620706
0.0
-0.352812339326
-0.302440845728
-0.121361332584
-0.11752936501
0.0
0.176778786524
-0.392832259833
-0.0480362585083
0.0
0.528887984534
-0.489638938008
0.0
-0.0937043480108
0.105389051979
-0.0244424654351
0.169469124227
-0.0348215644124
-0.0943852087148
-0.233897225505
0.0
0.0
0.0542063687593
0.0
-0.165839007721
-0.387709279555
0.0
0.0
-0.0491970109059
-0.0360903371796
0.240976641953
-0.0155127826476
0.0
0.0779269400465
-0.811578395662
-0.0246192292152
-0.296479100065
0.221000461503
-0.0490292843858
0.0
0.248875627814
0.251681311991
-0.128694912542
0.0
0.0
-0.35946397323
-0.130329621696
-0.0340203477062
0.0
-0.27770210614
-0.0151747253526
-0.0302323625402
0.0971991519746
0.139266237723
0.0
0.000239124662803
-0.856297586644
-0.439593296431
0.0
-0.334974664411
-0.0619141584924
-0.155484794084
0.0
-0.0552785323273
0.0
-0.790995410234
0.0878803004601
0.0
0.0
0.256421690277
-0.0626461095394
0.0
1.43259442227
-0.270581409374
-0.470249700474
-0.0787316874394
-0.236646586371
0.0
-0.200286014439
0.0
0.0
-0.342994976134
-0.184369134876
-0.0524460845842
-0.100975662745
0.0
-0.000920855115459
-0.0947030259118
0.0
-0.136816864699
-0.0547477361665
0.0
-0.0421560861899
-0.401526163699
-0.192595966839
0.374352499167
-0.0200146112983
0.0
0.0
-0.150202353954
0.0
0.0
-0.0795803917569
0.0
-0.164032221478
0.0
0.0
0.0
-0.143318036265
0.194416929519
-0.80321191297
0.0
-0.139512607769
-0.662359041117
-0.0208501830629
-0.0669121653817
0.0
-0.0886303733295
0.0
0.0565481996459
-0.0584358279198
-0.519431222432
-0.0427253380394
-0.0149813515481
-0.284486248083
-0.674482405551
-0.325630080543
-0.0306482118079
-0.0456438718328
-0.0472648809307
-0.245526481923
-0.265813088741
-0.110326299221
-0.169946659246
0.0
0.192058789035
0.0
0.0630934817328
-0.978752585972
0.0
0.0548670365915
0.0
0.105572023498
0.0
-1.81591230293
-0.615727008175
0.0
0.0
0.354610700073
0.130388724409
0.0
-0.239828881491
-0.0608101913256
0.0477991535919
-0.584872315159
0.0
-0.073208147397
0.0
0.0487231542992
-0.409671568722
-0.0862149633531
-0.0187935366418
-0.143477634786
0.0
0.129964014203
0.0
-0.793503995647
-0.00748236091356
0.0
0.110347401134
-0.0169981932372
-0.0817452747891
0.0
0.0
-0.031539955406
-0.0671743567029
0.164145153678
0.0
0.046990096429
-0.910154454537
-0.116567643314
-0.241394293488
-0.0960384056093
0.0
-0.0268896947034
-0.665847174101
-2.00758059728
-0.0803230073406
0.0
0.0
0.0
0.0
0.0
0.0
0.0
0.0
0.0
0.0
-0.0511049919143
0.0
-0.0738429457579
-0.0104550136656
-0.0797988914301
0.0
-0.0972258678208
0.0
-0.237628330303
0.0
0.0
0.0
0.0
1.40507026092
0.0
0.0
0.0
0.0
0.0
0.0
0.0
0.0
0.0
-0.295140439829
0.486819024946
0.0
0.0
0.0
-0.00432164434744
0.0
0.0
0.0
-0.0018182747862
-0.0463143590121
-0.00329506125219
-0.126502840197
-0.00135594550116
0.0
0.0
0.0
0.0
0.0
0.0
0.0
0.0
0.0
0.0
0.0
0.0
0.189612154777
0.0
0.0
0.0
0.0
-0.0436398088325
0.0
0.0
0.0
0.0
0.0
0.0
-0.481591623531
0.0
0.0
-0.139262366817
-0.0115525049309
0.0
0.0
0.0
0.0
0.0
0.0
0.443211740882
0.0
0.0
0.0
-0.00246393143015
0.0
0.0
0.0
0.0
0.0
-0.0223903171097
0.0
0.0
0.0
0.0
0.0
-0.0155618334228
0.0
-0.00207966766616
0.0
0.0
-0.0161089668535
-0.00697379805961
0.0
-0.235786482761
-0.0498898036236
0.0
0.0
0.0
0.0
0.0
0.0
0.0
0.0
0.0
0.0
0.0
0.0
0.0
0.0
0.0
0.0
0.0
0.0
0.0
0.0
0.0
0.0
0.0
0.0
0.0
0.0
0.0
0.0
0.0
0.0
0.0
0.0
0.0
0.0
0.0
0.0
0.0
0.0
0.0
0.0
0.0
0.0
0.0
-0.0800247457294
0.0
0.0
0.111031871604
0.0
0.0
0.0
0.0
0.0
-0.402819336745
0.0
-0.385005037852
0.0
0.0
0.0
0.0
0.0
0.0
0.0
0.0
0.0
-0.00352335925238
0.0
0.0
0.0
0.0
0.0
0.0
0.0
0.0
-0.254886926622
0.0
-0.0581146733147
0.0
-0.00704076565414
-0.145619595232
0.0
0.0
0.0
0.0
-0.17469283262
-0.00483794141351
-0.039575397941
0.0
0.0
0.0
0.0
0.0
0.0
-0.198996927945
0.116501916328
0.116501916328
-0.0697625237838
0.0
0.0
0.0
0.0
0.0
0.0
0.0
-0.00415052849488
0.0
-0.0341059159601
0.0
0.0
-0.13037830404
-0.395531435745
-0.0941618382126
0.0
0.0
0.0
0.0
0.0
0.0
0.0
0.0
0.0
0.0
-0.108723465842
0.0
0.0
0.0
0.0
-0.519337695871
0.0
0.0
-0.012757543891
0.0
0.0
0.0
0.0
0.0
0.0
0.0
0.0
0.0
0.0
0.0
0.0
0.0
0.0
0.0
-0.00828753669322
0.0
0.0
0.0
-0.0937706729089
0.0
0.0
0.0
-0.200520059062
-0.112682755831
0.0
0.0
-0.00822459490697
0.0
0.0
0.0
0.0
0.0
0.0
0.0
-0.033022447023
0.0
0.0
0.0
0.0
0.0
0.0
0.0
0.0
0.0
0.0
-0.00116909434345
0.0
0.0
0.0
0.0
0.0
-0.299176291354
-0.345333079048
0.0
0.0
-0.0532565843957
-0.00640461806133
-0.0420901973841
0.0
0.0
0.0
-0.109429424052
0.0
0.0
0.0
0.0
0.0
0.0
0.0
0.0
0.0
0.0
0.0
0.0
0.0
0.0
0.0
0.0
0.0
0.0
0.0
0.0
0.0
0.0
-0.00960736993125
0.0
0.0
0.0
0.0
0.0
0.0
0.0
0.0
0.0
0.0
-0.0962351601749
1.70187956796
-0.243115962954
0.0
-0.0812203985045
0.0
0.0
0.0
0.0
0.0
-0.0853702260723
-0.0251170620701
-0.0017079537222
0.0
0.0
0.0
0.0
-0.160332600409
0.0
0.0
0.0
0.0
-0.157546140096
0.0
0.0
0.0
0.0
0.0
-0.0886303733295
0.0
0.0
-0.0319593847596
0.0
0.0
0.0
-0.18456794047
0.0
0.0
0.0
0.0
0.0
0.0
-0.00110054691713
0.0
0.0
0.0
0.0
0.0
0.0
0.0
0.268224024524
0.0
-0.0819372301201
-0.00854265953602
0.0
0.0
0.0
0.0
0.111294371111
-0.101103042178
0.0
0.0
-0.451275717132
0.0
0.0
0.0
0.0
0.0
0.0
0.0
0.0
-0.0307631024627
0.0
0.0
-0.00252161117089
0.0
-0.0272714584379
-0.020879414791
-0.0172265484956
0.105949349381
0.0
0.0
-1.34333645116
-0.0375419982595
-0.0524189139557
0.0
0.0
0.0
0.0
0.0
-0.263743785824
0.0
-0.03580552449
0.0
-0.0202353242943
0.0
0.0
0.0
0.0
0.0
0.0
-0.755407451764
0.0
0.0
0.0
0.0
0.484931139576
0.194388705551
-0.0148832735112
0.0
0.0
-0.279287373684
0.0
0.0
0.0
0.0
-0.00797956984458
0.0
0.0
0.0
0.0
0.0
0.0
-0.0398091795583
0.0
0.0
0.0
0.0
0.0
0.0
0.0
0.0
0.0
0.0
0.0
0.0
0.0
0.0
-0.0853702260723
0.0
0.0
-0.0509501254408
0.0
0.0
0.0
0.0
0.0
0.0
0.0
0.0
0.0
-0.00449584145915
0.0
0.0
-0.021545476423
-0.1008745169
0.0
0.0
-0.0267919697952
0.0
1.08745670712
0.0
-0.115868174079
-0.450733087941
0.0
0.0
0.0
0.0
0.0
-0.0825640060754
-0.0583588673594
-0.664789835182
0.0
0.0
0.0
0.0
-0.384272731346
-0.00142051960062
0.0
-0.0637762494697
0.0
0.0
0.0
0.0
0.0
0.0
0.0
0.0
-0.451139303423
0.0
0.0
0.0
-0.167979161114
-0.000992701385712
0.0
0.0
-0.0280201248042
0.0
-0.0569405235468
0.0
0.0
0.0
-0.00255063608996
0.0
0.0
0.0
-0.949631741919
0.0
0.0
0.0
0.0
0.0
-0.114640773997
0.0
0.0
0.0
0.0
-0.00596868715742
0.0
0.0
-0.465363791249
-0.00113516519686
0.0
0.0
-0.0880960785155
0.0
0.0
-0.477083395778
0.0
0.0
-0.0801330800304
0.0
0.0
-0.209749280077
0.0
0.0
0.0906993057276
0.0
0.0
0.0
0.0
0.0
0.0
0.0
-0.0024249194833
0.0
0.0
0.0
0.0
0.0
-0.0577466949304
0.0
0.0
0.0
0.0
-0.0322323346427
0.0
0.0
0.0
0.0
-0.155797310248
0.0
0.0
0.0
-0.043669283542
0.0
0.0
0.0
0.0
0.0
0.0
0.0
0.0
-0.787076937305
0.0
0.0
0.608591295864
0.0
-0.0108087627721
0.0
0.0
0.0
0.0
0.0
0.0
-0.036011644124
0.0
0.0
0.0
0.0
0.0
0.0
0.0
0.0
0.0
0.0
0.147752943915
0.0
-0.119037520519
0.0
0.0
0.0
0.0
0.0
0.0
0.0
-0.322896693027
0.0
-0.254967814199
0.0
0.0
0.0
0.0
0.0
0.0
0.0
0.0
0.0
0.0
0.0
0.0
-0.966259391618
0.0
-0.0166433592709
0.0
-0.0250589544784
0.0
0.0
-0.0214597084352
0.0
0.0
0.0
0.0
-0.771654524735
0.0
-0.114640773997
0.0
0.0
0.415040443127
0.0
0.0
0.0
-0.0982363072234
0.0
0.0
-0.0301254897653
0.0
0.0
0.0
0.0
0.0
0.0
0.0
0.0
-0.0982363072234
0.0
0.0
0.0
-0.0169333988804
0.0
-0.14661215776
-0.0416841615786
0.0
0.0
-0.34742626592
0.0
0.0
0.0
0.0
-0.000891392252722
-0.924968010816
0.0
0.0
0.0
0.0
0.0
0.0
0.0
0.0
0.0
0.0
0.0
-0.00190349712042
0.0
0.0
-0.0118601242562
0.0
0.0
0.0
0.0
0.12405020311
-0.0886303733295
-0.0499378709461
0.0
-0.052703947466
0.0
0.0
0.0
0.0
0.0
0.0
0.0
0.0
0.0
0.0
0.0
-0.00695005662752
0.0
0.0
0.0
0.0
-0.0501448280681
-0.018964450345
0.0
0.0
0.0
0.0
0.0
-0.029000006232
0.0
0.0
0.0
0.0
-0.0073235718799
-0.00347412021352
-0.0130089810306
-1.16577960725
-0.00282501427923
0.0
0.0
0.0
0.0
-0.00828753669322
0.0
0.0
0.0
0.0
0.0
0.0
0.159027516808
0.0
0.0
0.0
0.0
0.0
0.0
0.0
0.0
0.0
0.0
0.0
0.0
0.0
0.0
-0.145740755936
0.0
0.0
-0.0130089810306
0.0
0.0
0.0
0.0
-0.00556051321647
-0.0944049575625
0.0
-0.0341695839094
0.0
0.0
0.0
-0.0370140048248
0.0
-0.400883576644
0.0
0.0
0.0
0.0
0.0
-1.10787569699
0.0
-0.0238946462741
0.0
0.0
0.0
0.0
0.0
0.0
0.0
0.0
0.0
0.0
0.0
-0.00807434497674
-0.0439381145836
-0.0197508385257
0.0
-0.155797310248
0.0
0.0
0.0
0.0
-0.443943926162
0.0
-0.270448799822
0.0
-0.107685675657
0.0
0.0
0.0
0.0
0.0
-0.0296518113041
-0.537058629954
0.0
0.0
0.0
0.0
-6.58150952039
0.0
0.0
0.0
-0.363936411358
-0.00103513208566
0.0
0.0
-0.130754605559
-0.0121611768379
0.0
0.0
-0.00300404403756
0.0
-0.0659812788807
0.0
0.0
-0.202465152768
0.0
0.0
0.0
0.0
0.0
0.0
0.0
0.0
0.0
0.0
0.0
0.0
0.0
0.0
0.0
0.0
0.0
0.0
0.0
0.0
0.0
0.0
0.0
0.0
0.0
0.0
0.0
0.0
0.0
0.0
0.0
0.0
0.0
0.0
0.0
0.0
0.0
0.0
0.0
0.0
0.0
0.0
0.0
0.0
0.0
0.0
0.0
0.0
0.0
0.0
-0.0886303733295
0.0
-0.0259522190856
-0.0974548601179
0.0
0.0
0.0
-0.082020910711
0.0
0.0
0.0
-0.573147942363
0.0
-0.27616700535
0.0
0.0
0.0
0.0
0.0
0.0
-0.163625380769
0.0
0.0
0.0
0.0
0.0
0.0
-0.470162084771
-0.588622739809
0.0
0.0
0.0
-0.156637979273
-0.137584276382
-0.0653610714752
0.0
0.0
0.0
-0.0180685807429
0.0
-0.0297793362321
0.0
0.0
0.0
0.0
0.0
0.0
0.0
-0.96056089838
-0.562754158922
0.0
-0.066044894046
0.0
0.0
0.0
0.0
0.0
0.0
0.0
0.0
-0.660627395094
-0.0101905939884
0.0
0.0
0.0
0.0
0.0
-0.0305529284369
-0.01507773799
-0.380885104187
-0.155018945545
0.0
-0.0231577899714
0.0
-0.974434195639
0.0
0.0
-0.000632941255213
0.0
-0.255080861366
0.0
0.0
0.0
-0.00973361698023
0.0
0.0
-0.0139585390704
0.0
0.0
0.602593684378
-0.0547560453586
0.0
0.0
-0.0962889546282
-0.206951724693
-0.0032972435866
0.0
0.0
0.0
-0.0508847919361
0.0
0.0
0.0
0.0
0.0
-0.10660476451
-0.125657251
-0.113219844025
-0.519701157684
0.0
0.0
-0.00527827535795
0.0
0.0
0.0
-0.193343573949
0.0
0.0
0.0
0.0
0.0
0.0
0.0
0.0
0.0
-0.569759112284
0.0
-0.0837668074287
0.0
-0.23210037437
0.0
0.0
0.0
0.0
0.0
0.0
0.0
-0.00455362928388
0.0
0.0
0.0
0.0
0.0
0.0
0.0
0.0
0.0
0.0
0.0
0.0
0.0
0.0
0.0
0.0
0.0
-0.427704063534
0.0
0.0
0.0
0.0
0.0
0.0
0.0
0.0
0.0
0.0
0.0
0.0
0.0
0.0
0.0
0.0
-0.00233859847448
-0.481572814704
-0.0364478675368
0.0
-0.183938846225
0.0
0.0
0.0
-0.265891119989
-0.0723587934975
0.0
-0.0249776517536
0.0
0.0
0.0
0.0
0.0
-0.0139054786738
0.0
0.0
-0.0334131456214
-0.0158923097757
0.0
-0.045841611704
-0.10660476451
0.0
0.0
0.142489025557
0.0100505328344
0.0
0.0
-0.043669283542
0.0
0.0
0.0
0.0
-0.489277396461
0.0
0.0
0.0
-0.0236851755059
0.0
0.0
-0.498032141059
0.0
0.0
0.0
-0.0614554052597
0.0
0.0
0.0
0.0
0.0
-0.0656814603483
0.0
0.0
-0.162303311981
-0.358300175828
-0.607516019704
0.0
0.352908465192
-1.3029391394
0.0
-0.370442160171
0.0
0.0
0.0
0.0
0.0
0.0
0.0
0.0
0.0
0.0
-0.0120654515212
-0.0122384766028
0.0
0.0
0.0
0.752008554181
0.0
-0.0623175487518
0.0
-0.343326553455
-0.0869800439477
-0.11502263182
-0.020706403167
0.0
0.0
0.0
0.0
0.0
0.0
-0.0870000186959
0.0
-0.143722314502
0.0
-0.0115346065872
-0.137878748935
0.0
-0.0193733117535
0.0
0.0
0.0
0.0
0.0
0.0
-1.15784872618
0.0
0.0
0.0
-1.11653409006
0.0
0.0
0.0
0.0
-0.874582301359
0.0
-0.369404364602
0.0
0.0
0.0
0.0
0.0
0.0
0.0
0.0
0.0
0.0
0.0
0.0
0.0
0.0
0.0
0.0
0.0
-0.0886303733295
-0.228961767727
-0.0310654319132
0.0
0.0
-0.00240312188199
0.0
-0.043669283542
0.0
0.0
0.0
0.0
-0.647911388971
-0.0312651177467
0.0
-0.234775603214
-0.136568897211
0.0
0.0
0.0
0.0
0.0
0.0
0.0
0.0
-0.322622976228
-0.010149362857
0.0
0.0
0.0
-0.809456063747
0.0
-0.574905777902
0.0
-0.579179343724
0.0
0.0
0.0
0.0
0.0
0.0
0.0
0.0
0.0
0.0
-0.303083546594
0.0
0.0
-0.728421156052
0.0
-1.36718871435
-0.703534966114
0.0
0.038579187187
0.0
-0.166245198464
0.0
0.0
0.0
-0.0203750051728
0.0
-0.00531915483314
-0.00495730926912
0.0
0.0
0.0
0.0
0.0
0.0
0.0
0.0
-0.0699771747817
0.174267395672
0.0
0.649201569664
0.0
0.0
0.0
0.0
0.0
0.144157313305
0.0
0.0
0.0
0.0990297264798
0.0
0.0
0.0
0.0
0.0
0.0
0.0
0.0
0.0
0.116501916328
0.0
0.151196261069
0.0
0.0
-0.0896703379026
-0.00646141853403
0.0
0.0
0.0
0.0
0.0
0.0
0.0
0.0
0.0
0.0
0.0
0.0
0.0
0.0
0.0
0.0
0.0
0.0
0.0
0.0
0.122050079086
0.0
0.0
0.0
-0.0571096449535
0.0
0.0
0.0
0.0
-0.133915335975
0.0
0.0
0.0
0.0
0.0
0.0
0.0
0.0
0.0
0.0
0.0
-0.0191524089138
0.0
0.0
0.0
-0.197950453324
-0.171898950355
0.0
0.0
0.0
-0.0240114035231
0.0
0.0
0.0
0.0
0.0
0.0
0.0
0.0
0.0
0.0
-0.0100430005388
0.0
0.0
0.0
0.0
0.0
0.0
0.0
0.0
0.0
-0.443853320728
0.0
0.0
0.0
0.0
0.0
-0.0319315866845
0.0
0.0
-0.340793679542
-0.614551668115
-0.149371942898
0.0
0.0
-0.172289674382
0.0
0.0
0.0
0.0
-0.260806421611
-0.137174412898
0.0
0.0
0.0
0.0
-0.0811504477018
-0.0342536466659
-0.163522720089
-0.0502340028944
0.0
-0.282970361605
0.0
0.0
0.0
0.0
0.0
-0.053476171386
0.0
0.0118553211674
0.324647260293
-0.488182573032
0.0
0.0
0.0
-0.102935280238
0.0
0.0
0.0
-0.0119980387003
0.0
-0.0108495560957
-0.0886303733295
0.0
0.0
-0.0886303733295
-0.0370391226046
0.0
0.0
0.0
0.0
-0.0314344573281
0.0
0.0
0.0
0.0
0.0
0.0
0.0
-0.0105073938571
-0.034029953638
-0.0210450986921
-0.200044048745
0.0
0.0
0.0
0.0
0.0
-0.0891209874477
0.0
-0.144584448959
0.0
0.0
0.0
-0.237269604842
0.0
0.0
-0.455759097599
0.0
-0.165764716027
0.0
0.0
0.0
0.0
0.0
0.0
0.0
-0.0246889024299
-0.0752390100964
0.0
0.0
-0.0256957098184
0.0
0.0
0.0
0.0
0.0
-0.0127878160568
0.0
0.0
0.0
0.0
0.0
0.0
-0.790692280437
-0.00107317682402
0.0
-1.38907596662
0.0
0.0
0.0
-0.170009814134
-0.358186590803
-0.00221660860164
0.0
-0.0632788629047
0.0
0.0
0.0
0.0
0.0
0.0590528304327
0.0
0.0
0.0
0.0
0.0
-0.0278608037485
0.0
0.0
-0.175057592453
0.0
0.0
0.0
0.0
0.0
0.0
0.0
-0.033022447023
0.0
-0.0140566114901
-0.0557852101262
0.242501483273
0.0
-0.216945377746
-0.00436771524643
0.0
-0.26996894076
-0.00175557425005
-0.0199983241029
0.0
0.0
0.0
0.0
0.0
0.0
0.0
0.0
-0.00223229026837
0.0
-0.362757496813
-0.404952903558
-0.018919893171
-0.0398091795583
-0.0332510784804
-1.00994619383
-0.0480611235117
0.0
0.0
0.0
0.0
0.0
-0.14110834028
0.0
0.0
0.0
-0.029742993551
0.0
-0.0131194709052
0.0
0.0
0.0
0.0
0.311491559794
0.0
-0.16377148877
-0.02958936973
-0.00108091114707
-0.576876077683
0.0
-0.119774699847
-0.195835861508
-0.0748076150878
0.0349468022627
0.0
0.0
0.0
0.0
0.0
0.0
0.0
-0.0266640304811
-0.033022447023
0.0
-0.166770849178
0.0
0.0
0.0
-0.481591623531
-0.169530237322
-0.0823412983649
0.0
-0.0020866362781
-0.083697479502
0.0
0.0
0.0
0.0
0.0
0.0
-0.0278019119054
0.0
0.0
-0.959547626573
-0.0320150224607
0.0
0.0
0.0
0.0
-0.0398091795583
0.0
-0.00110054691713
0.0
0.0
0.0
0.0
0.0
0.0
0.0
-0.0405288664849
0.0
-0.000632941255213
0.0
0.0
-0.044547683613
0.0
0.0
0.0
0.0
0.0
-0.183879181166
0.0
0.0
0.0
0.0
-0.132241226985
0.0
0.0
0.0
0.0
-0.0228890126297
0.0
0.0
0.0
0.0
0.0
0.0
0.0
0.0
0.0575178050048
0.0575178050048
0.0
0.0
-0.338396140199
0.0
0.0
0.0
0.0
0.0
0.0
0.966954530846
0.953157864003
0.29341565406
0.0
0.0
0.0
0.0
0.0
-0.290290248966
0.0
0.0
0.0
0.0
-0.592127402902
0.0
0.0
-3.68329724848
-0.217998507417
0.0
0.0
0.0
-0.0299436749617
0.0
-0.0451061670976
-0.104270168719
-0.00148951693458
-1.06662843088
-0.182669526646
0.283607599719
-0.166700513212
0.0
0.0
0.0
0.0
0.0
0.0
-0.0116917185741
0.0
0.0
-0.0886303733295
-0.0228202940921
0.0
0.0
0.0
0.0
0.0
0.0
0.0
0.0
-0.855837612381
0.0515786714791
0.0
0.0712445127786
0.0
0.0
0.0
-0.0903190755541
0.0
0.0
0.0
-0.219830787722
0.18143821152
0.0
0.0
-0.0457180644508
-0.278936036897
0.0
0.0
-0.340771360278
-0.00232715035935
-0.00520082661517
0.0
-0.001396766374
0.0
-0.0161089668535
-0.136460557334
0.0
0.0
-0.314281174591
0.0
-0.00703944828315
0.0
0.0868283303209
0.0
0.0
-0.254695430214
0.0
0.0
0.0
0.0
-0.0767123110302
0.0
0.0
-0.0172512592345
0.0
0.0
0.0
-0.173844179774
0.0
-0.113716345839
0.0
-0.00981382456422
-0.0120999422843
0.0
0.0
0.0
-0.175057592453
0.0
0.0
0.0
0.0
0.0
0.0
0.0
0.0
0.0
0.0
-0.0724816746874
0.0
0.0
0.0
0.0
0.0
0.0
0.0
0.0
0.0
0.0
0.0
0.0
0.0
0.0
0.0
0.0
0.0
0.0
-0.136568897211
0.0
-0.0271446113965
0.0
0.0
0.0
0.0
0.0
0.0
0.0
0.0
0.0
0.0
0.0
0.0
-0.0583678359696
0.0
0.0
0.0
0.0
-0.108996927356
0.0
0.0
0.0
0.0
0.0
0.0
-0.0133917917085
-0.450855908883
0.0
-3.12551756941
0.0
-0.0271267995663
0.0
0.0
0.0
0.0
0.0
0.0
0.0
0.0
0.0
0.0
0.0
0.0
0.0
0.0
0.0
0.0
0.0
0.0
0.0
0.0
0.0
0.0
0.0
0.0
0.0
0.0
0.0
0.0
0.0
0.0
0.0
0.0
0.0
0.0
0.0
0.0
0.0
0.0
0.0
0.0
0.0
0.0
0.0
0.0
0.0
0.0
0.0
0.0
0.0
0.0
0.0
0.0
0.0
0.0
0.0
-0.0477610592445
0.0
-0.744647247129
-0.517610943399
0.0
0.0
0.0
0.0
0.0
-0.0357818698527
0.0
0.0
-0.938385840282
0.0
0.0
0.0
0.0
-0.00756590941928
0.0
0.0
0.0
-0.118955585805
1.25364365054
-0.0886303733295
0.0
0.0
0.0
0.0
0.0
0.0
-0.0252242160038
0.0
0.0
0.0
0.0
0.0
0.0
0.0
0.0
0.0
-0.33847473451
-0.0717307752325
-0.102323928981
0.0
0.0
0.0
0.0
0.0
0.0
0.0
-0.69812202915
0.0
0.0
0.0
0.0
-0.0324623783047
0.0
0.0
-3.61420983551
0.0
0.0
0.0
0.0
0.0
0.0
0.0
0.0
0.0
0.0
0.0
0.0
0.0
0.0
0.0
0.0
0.0
-0.645132943495
-0.0860941782518
0.0
0.0274758442695
0.0
0.0
0.0
-0.531285536231
0.0
-0.565757795274
0.0
0.0
-0.0113662437604
0.0
0.0
0.0
0.0
0.0
0.0
0.0
0.0
-0.0130772270358
0.0
0.0
-0.0133917917085
0.0
0.0
0.0
0.0
0.0
0.0
0.0
0.0
0.0
0.0
0.0
-0.00190349712042
0.0
0.0
0.0
0.0
0.0
0.0
0.0
0.0
0.0
-0.057578132263
0.0
0.0
0.0
0.0
-0.463576114489
0.0
0.0
0.0
0.0
0.0
0.0
0.0
-0.0280301330223
-0.306446154437
0.0
0.0
0.0
0.0
0.0
-0.117778273441
0.0
-0.0398091795583
-0.375367642034
0.0
0.0
0.0
0.0
-0.0353336470199
-0.314226514848
0.0
0.0
0.0
-0.0031915149089
0.0
0.0
0.0
0.0
-0.00415052849488
0.0
0.0
0.0
0.0
0.0
0.0
0.0
0.0
-1.15310079912
0.0
0.0
0.0
0.0
0.0
0.0
-0.0976953326025
0.0
-0.0453185632856
0.0
0.0
0.0
0.0
0.0
0.0
0.0
0.0
0.0
-0.0886303733295
0.0
0.0
0.0
0.0
-0.118642118995
0.0
0.0
0.0
0.0
-0.10660476451
0.0
0.0
-0.242510299083
0.0
-0.0282442936726
0.0
-0.0222133087233
0.0
0.0
0.0
0.0
0.0
0.0
-0.00412519067528
0.0
0.0
0.0
0.0
0.0
0.0
0.0
0.0
0.0
0.0
0.0
-0.0125164808879
0.0
0.0
0.0
0.0
-0.00347412021352
0.0
0.0
-0.641175696131
0.990339882179
0.0
0.0
0.224048292058
0.0
0.0
0.0
0.0
0.128698601154
0.0
0.0
0.0
0.0
0.0
0.0
-0.0657114735976
0.0
-0.100939612016
-0.0941618382126
-0.0302391873011
-0.321467951509
0.0
0.0
0.0
0.0
0.0
0.0
0.0
0.0
0.0
0.0
0.0
0.0
0.0
0.0
0.0
0.0
0.0
-0.899276552315
0.0
0.0
0.0
0.0
0.0
-0.00107317682402
0.0
0.0
0.0
0.0
0.0
0.305424370514
0.0
0.0
0.0
-0.0833143053465
0.0
0.0
0.0
0.0
0.0
0.0
0.0
0.0
0.0
0.0
-0.0021686910998
0.0
0.0
-0.355782239489
0.0
0.0
0.348534791343
-0.0571454995778
0.0
0.0
0.0
0.0
0.0
0.0
0.0
0.0
0.0
-0.00382023385848
-0.26310652239
0.0
-0.479206186076
0.0
0.0
0.0
0.0
0.0
-0.0419857654038
-0.0177742228159
0.0
0.0
0.0206914864557
0.0
0.0
-0.0460885876023
0.0
0.0
0.0
0.0
0.0
0.0
0.0
0.0
0.0
0.0
0.0
0.0
0.0
0.0
0.0
0.0
0.0
0.0
0.0
0.0
0.0
0.0
0.0
0.324647260293
0.0
0.0
-0.149229907851
0.0
0.0
-0.0854124345806
-0.00313158382625
-0.171898950355
0.0
0.0
-3.65205092387
0.0
0.0
-0.0068065860016
0.0
0.0
0.0
0.0
0.0
0.0
0.0
-0.817556569333
0.0
0.0
0.0
0.0
0.0
0.0
-0.127576992152
0.0
0.0
-0.000728367695868
0.0
-0.145631245995
0.0
0.0
0.0
0.0
0.0
0.0
-0.00207966766616
-0.0232069835518
0.0
0.0
0.0
-0.10626974052
0.0
-0.320033681333
0.0
0.0
0.0
0.0
0.0
0.324647260293
0.0
0.0
0.0
-0.151442007879
0.0
0.0
0.0
0.0
0.0
0.0
0.0
0.0
0.0
0.0
0.0
0.0
0.0
-0.0140566114901
0.0
0.0
0.0
0.0
0.0
0.0
0.0
0.0
0.0
0.0
-0.0398091795583
0.0
0.0
0.0
-0.504572660101
0.0
-0.226652324192
0.0
-0.289416713322
-0.0228202940921
0.647236181224
-0.117067550852
0.0
0.0
0.0
-0.00258127106739
0.0
0.0
-0.0245575932152
-0.0114397440917
-0.00262529412082
0.0
0.0
0.0
0.0
0.0
0.0
0.0
0.0
0.0
0.0
0.0
0.0
-0.166508190957
0.0
0.0
0.0
0.0
0.0
0.0
0.0
0.0
0.0
0.0
0.0
0.0
0.0
0.0
0.0
-0.0477034455938
0.0
0.0
0.0
0.0
0.0
0.284978051114
0.0
0.0
-0.0792139945966
0.0
0.0
0.0
0.0
0.0
0.0
-0.033022447023
-0.0307629229638
0.0
0.0
0.0
0.0
0.0
-0.587213226608
-0.00768073603477
0.0
0.0
0.0
0.0
0.0
-0.1008745169
0.0
0.0
0.0
0.0
0.0
0.0
-0.100804282542
0.0
0.0
0.0
0.0
0.0
0.0
0.0
0.0
0.0
0.0
0.0
-0.124251815772
0.0
0.0
0.0
0.0
-0.0732277884052
0.0
0.0
0.0
-0.523546309496
0.0
-0.0350310872039
-0.0233051320497
0.0
0.0
0.0
0.0
0.0
0.0
-0.0253238141783
0.0
0.0
-0.0216806612442
0.0100505328344
-0.00223229026837
0.0
0.0
0.0
0.0
0.0
0.0
0.0
0.0
0.0
0.0
0.0
0.0
-0.653644764298
0.0
0.0
0.0
0.0
-0.15430365193
0.0
0.0
-0.0173615665001
0.0
-0.0346326967858
0.0
0.0
0.0
0.0
0.0
0.0
-0.199677028527
0.0
0.174267395672
0.0
-0.00703730609225
0.0
0.0
0.0
-0.347654314331
0.0
-0.876094342102
0.0
0.0
-0.0966302296648
0.0
0.0
0.0
0.0
0.0
0.0
0.0
0.0
0.0
-0.875084487502
0.0
0.0
-3.61420983551
-0.177260746659
0.0
0.0
0.0
0.0
0.0
0.0
0.376046749269
-0.925873265223
0.0
0.0
0.0
0.0
0.0
0.0
-0.245225069829
-0.00107317682402
0.0
-0.209383816592
0.0
-0.0295788787321
0.0
0.0
-0.0228606184151
0.0
0.0
0.0
-0.0251813396078
0.0
0.0
0.0
0.0
0.0
0.0
-0.0337274471225
0.0
0.0
0.0
0.0
0.0
0.0
0.0
0.0
0.0
0.0
0.0
0.0
0.0
0.0
0.0
0.0
0.0
0.0
0.0
-0.481591623531
0.0
0.0
0.0
0.0
0.0
-0.00439680885407
0.0
-1.12346912753
-0.111035260687
0.0
0.0113281104054
0.0
0.0
0.0
0.0
0.0
0.284921999426
-0.177260746659
0.0
-0.027230108253
0.0
0.0
0.0
0.0
0.0
0.0
0.0
-0.0413291170958
0.0
-0.0386557185483
0.0
0.0
0.0
0.0
0.0
0.0
0.0
0.32196819099
0.670876741031
-0.103715906568
0.0
-0.0844079511291
0.0
-0.193619827913
0.0
0.0
0.0
-0.0828414594009
0.0
0.0
-0.177037478385
0.0
0.0
0.0
-0.155888548763
0.0
0.0
0.0
-0.0222457253972
-0.00792711036914
-0.0377858652196
0.0
0.0
0.0
0.0
0.0
0.0
0.0
0.0
0.0
-0.16461636505
0.0
0.0
0.0
0.0
-0.00675975127956
0.0
0.0
0.0
-0.0617464069681
-0.310477082975
0.0
0.0
0.0
0.0
-0.098985374256
0.0
-0.00122016438233
-0.00135594550116
0.0
-6.29683088238
0.0
0.0
0.0
0.0
0.0
0.0
0.0
0.0
0.0
0.0
0.0
-0.0131194709052
-0.103866327447
-0.0466102640994
0.0
-0.0432479363139
0.106532269059
0.0
0.0
-0.0102098790024
0.0
0.0
0.0
0.0
0.0
0.0
0.0
0.0
0.0
0.0
0.0
0.0
0.0
0.0
0.0
0.0
-0.129040627591
0.0
-0.0109027328192
0.0
0.0
0.0
0.0
0.0
0.0
0.0
0.0
0.0
-1.75329580954
0.0
0.0
0.185668846016
0.0
-0.0398091795583
0.0
0.0
0.0
0.0
-0.0306034392584
0.0
-0.08671814157
-0.0084954054654
0.0
0.0
0.0
0.0
-0.111671636377
0.0
-0.0982363072234
0.0
0.0
-0.391770301148
-0.0886303733295
0.0
0.0
0.10216416326
0.0
0.0
0.0
0.0
-0.118807478027
0.0
-0.0392550449996
0.0
-0.00180285446801
-0.0453509731456
0.0
0.0
0.0
0.0
0.0
-0.0142989966751
0.0
0.0
0.0
-0.308112712892
0.0
0.0
0.0
0.0
0.0
0.0
-0.154137252331
0.0
0.0
0.0
-0.838800223489
0.0
0.0
0.0
0.0
0.0
0.0
0.0
0.0
0.0
-0.0772549934251
0.0
0.0
-0.38261283524
0.0
-0.0408125510954
0.0
0.0
-0.0610355425453
0.0
0.0
0.0
0.0
0.0
0.0
-0.0509821891813
-0.0106773546726
0.0
0.0
-0.484678088875
0.0
0.0
0.0
0.0
0.0
0.0
0.0
0.0
0.0
0.0
0.0
-0.00703407632531
0.0
0.0
0.0
-0.0539526003732
0.0
0.0
0.0
0.101016214601
-0.0222133087233
0.0
0.0
-0.26709408367
0.0
0.0
0.0
-0.151795876637
-0.123220983366
0.0
-0.198820154933
-0.0125864608581
0.0
0.0
0.0
0.0
0.0
0.0
-0.0194856803648
0.0
0.0
0.0
0.0
-0.282631884223
-0.0449067893632
0.0
0.0
-0.00878908091509
0.0
0.0
-0.0345934480073
0.0
0.0
0.0
0.0
0.0
0.0
0.0
0.0
0.0
-0.0382058012777
0.0
-0.114779911761
-0.251033247159
0.0
0.0
0.0
0.0
0.0
0.0
0.0
0.0
0.0
0.0
0.0
0.0
0.0
0.0
0.0
0.0
0.0
0.0
0.0
0.0
0.0
0.0
0.0
0.0
0.0
0.0
0.0
0.0
0.0
0.0
0.0
0.0
0.0
0.0
0.0
0.0
0.0
0.0
0.0
0.0
0.0
0.0
0.0
0.0
0.0
0.0
0.0
0.0
0.0
0.0
0.0
0.0
0.0
0.0
0.0
0.0
0.0
0.0
0.0
0.0
0.0
0.0
0.0
0.0
0.0
0.0
0.0
0.0
0.0
0.0
0.0
0.0
0.0
0.0
0.0
0.0
0.0
0.0
0.0
0.0
0.0
0.0
0.0
0.0
0.0
0.0
0.0
0.0
0.0
0.0
0.0
0.0
0.0
0.0
0.0
0.0
0.0
0.0
0.0
0.0
0.0
0.0
0.0
0.0
0.0
0.0
0.0
0.0
0.0
0.0
0.0
0.0
0.0
0.0
0.0
0.0
0.0
0.0
0.0
0.0
0.0
0.0
0.0
0.0
0.0
0.0
0.0
0.0
0.0
0.0
0.0
0.0
0.0
0.0
0.0
0.0
0.0
0.0
0.0
0.0
0.0
0.0
0.0
0.0
0.0
0.0
0.0
0.0
0.0
0.0
0.0
0.0
0.0
0.0
0.0
0.0
0.0
0.0
0.0
0.0
0.0
0.0
0.0
0.0
0.0
0.0
0.0
0.0
0.0
0.0
0.0
0.0
0.0
0.0
0.0
0.0
0.0
0.0
0.0
0.0
0.0
0.0
0.0
0.0
0.0
0.0
0.0
0.0
0.0
0.0
0.0
0.0
0.0
0.0
0.0
0.0
0.0
0.0
0.0
0.0
0.0
0.0
0.0
0.0
0.0
0.0
0.0
0.0
0.0
0.0
0.0
0.0
0.0
0.0
0.0
0.0
0.0
0.0
0.0
0.0
0.0
0.0
0.0
0.0
0.0
0.0
0.0
0.0
0.0
0.0
0.0
0.0
0.0
0.0
0.0
0.0
0.0
0.0
0.0
0.0
0.0
0.0
0.0
0.0
0.0
0.0
0.0
0.0
0.0
0.0
0.0
0.0
0.0
0.0
0.0
0.0
0.0
0.0
0.0
0.0
0.0
0.0
0.0
0.0
0.0
0.0
0.0
0.0
0.0
0.0
0.0
0.0
0.0
0.0
0.0
0.0
0.0
0.0
0.0
0.0
0.0
0.0
0.0
0.0
0.0
0.0
0.0
0.0
0.0
0.0
0.0
0.0
0.0
0.0
0.0
0.0
0.0
0.0
0.0
0.0
0.0
0.0
0.0
0.0
0.0
0.0
0.0
0.0
0.0
0.0
0.0
0.0
0.0
0.0
0.0
0.0
0.0
0.0
0.0
0.0
0.0
0.0
0.0
0.0
0.0
0.0
0.0
0.0
0.0
0.0
0.0
0.0
0.0
0.0
0.0
0.0
0.0
0.0
0.0
0.0
0.0
0.0
0.0
0.0
0.0
0.0
0.0
0.0
0.0
0.0
0.0
0.0
0.0
0.0
0.0
0.0
0.0
0.0
0.0
0.0
0.0
0.0
0.0
0.0
0.0
0.0
0.0
0.0
0.0
0.0
0.0
0.0
0.0
0.0
0.0
0.0
0.0
0.0
0.0
0.0
0.0
0.0
0.0
0.0
0.0
0.0
0.0
0.0
0.0
0.0
0.0
0.0
0.0
0.0
0.0
0.0
0.0
0.0
0.0
0.0
0.0
0.0
0.0
0.0
0.0
0.0
0.0
0.0
0.0
0.0
0.0
0.0
0.0
0.0
0.0
0.0
0.0
0.0
0.0
0.0
0.0
0.0
0.0
0.0
0.0
0.0
0.0
0.0
0.0
0.0
0.0
0.0
0.0
0.0
0.0
0.0
0.0
0.0
0.0
0.0
0.0
0.0
0.0
0.0
0.0
0.0
0.0
0.0
0.0
0.0
0.0
0.0
0.0
0.0
0.0
0.0
0.0
0.0
0.0
0.0
0.0
0.0
0.0
0.0
0.0
0.0
0.0
0.0
0.0
0.0
0.0
0.0
0.0
0.0
0.0
0.0
0.0
0.0
0.0
0.0
0.0
0.0
0.0
0.0
0.0
0.0
0.0
0.0
0.0
0.0
0.0
0.0
0.0
0.0
0.0
0.0
0.0
0.0
0.0
0.0
0.0
0.0
0.0
0.0
0.0
0.0
0.0
0.0
0.0
0.0
0.0
0.0
0.0
0.0
0.0
0.0
0.0
0.0
0.0
0.0
0.0
0.0
0.0
0.0
0.0
0.0
0.0
0.0
0.0
0.0
0.0
0.0
0.0
0.0
0.0
0.0
0.0
0.0
0.0
0.0
0.0
0.0
0.0
0.0
0.0
0.0
0.0
0.0
0.0
0.0
0.0
0.0
0.0
0.0
0.0
0.0
0.0
0.0
0.0
0.0
0.0
0.0
0.0
0.0
0.0
0.0
0.0
0.0
0.0
0.0
0.0
0.0
0.0
0.0
0.0
0.0
0.0
0.0
0.0
0.0
0.0
0.0
0.0
0.0
0.0
0.0
0.0
0.0
0.0
0.0
0.0
0.0
0.0
0.0
0.0
0.0
0.0
0.0
0.0
0.0
0.0
0.0
0.0
0.0
0.0
0.0
0.0
0.0
0.0
0.0
0.0
0.0
0.0
0.0
0.0
0.0
0.0
0.0
0.0
0.0
0.0
0.0
0.0
0.0
0.0
0.0
0.0
0.0
0.0
0.0
0.0
0.0
0.0
0.0
0.0
0.0
0.0
0.0
0.0
0.0
0.0
0.0
0.0
0.0
0.0
0.0
0.0
0.0
0.0
0.0
0.0
0.0
0.0
0.0
0.0
0.0
0.0
0.0
0.0
0.0
0.0
0.0
0.0
0.0
0.0
0.0
0.0
0.0
0.0
0.0
0.0
0.0
0.0
0.0
0.0
0.0
0.0
0.0
0.0
0.0
0.0
0.0
0.0
0.0
0.0
0.0
0.0
0.0
0.0
0.0
0.0
0.0
0.0
0.0
0.0
0.0
0.0
0.0
0.0
0.0
0.0
0.0
0.0
0.0
0.0
0.0
0.0
0.0
0.0
0.0
0.0
0.0
0.0
0.0
0.0
0.0
0.0
0.0
0.0
0.0
0.0
0.0
0.0
0.0
0.0
0.0
0.0
0.0
0.0
0.0
0.0
0.0
0.0
0.0
0.0
0.0
0.0
0.0
0.0
0.0
0.0
0.0
0.0
0.0
0.0
0.0
0.0
0.0
0.0
0.0
0.0
0.0
0.0
0.0
0.0
0.0
0.0
0.0
0.0
0.0
0.0
0.0
0.0
0.0
0.0
0.0
0.0
0.0
0.0
0.0
0.0
0.0
0.0
0.0
0.0
0.0
0.0
0.0
0.0
0.0
0.0
0.0
0.0
0.0
0.0
0.0
0.0
0.0
0.0
0.0
0.0
0.0
0.0
0.0
0.0
0.0
0.0
0.0
0.0
0.0
0.0
0.0
0.0
0.0
0.0
0.0
0.0
0.0
0.0
0.0
0.0
0.0
0.0
0.0
0.0
0.0
0.0
0.0
0.0
0.0
0.0
0.0
0.0
0.0
0.0
0.0
0.0
0.0
0.0
0.0
0.0
0.0
0.0
0.0
0.0
0.0
0.0
0.0
0.0
0.0
0.0
0.0
0.0
0.0
0.0
0.0
0.0
0.0
0.0
0.0
0.0
0.0
0.0
0.0
0.0
0.0
0.0
0.0
0.0
0.0
0.0
0.0
0.0
0.0
0.0
0.0
0.0
0.0
0.0
0.0
0.0
0.0
0.0
0.0
0.0
0.0
0.0
0.0
0.0
0.0
0.0
0.0
0.0
0.0
0.0
0.0
0.0
0.0
0.0
0.0
0.0
0.0
0.0
0.0
0.0
0.0
0.0
0.0
0.0
0.0
0.0
0.0
0.0
0.0
0.0
0.0
0.0
0.0
0.0
0.0
0.0
0.0
0.0
0.0
0.0
0.0
0.0
0.0
0.0
0.0
0.0
0.0
0.0
0.0
0.0
0.0
0.0
0.0
0.0
0.0
0.0
0.0
0.0
0.0
0.0
0.0
0.0
0.0
0.0
0.0
0.0
0.0
0.0
0.0
0.0
0.0
0.0
0.0
0.0
0.0
0.0
0.0
0.0
0.0
0.0
0.0
0.0
0.0
0.0
0.0
0.0
0.0
0.0
0.0
0.0
0.0
0.0
0.0
0.0
0.0
0.0
0.0
0.0
0.0
0.0
0.0
0.0
0.0
0.0
0.0
0.0
0.0
0.0
0.0
0.0
0.0
0.0
0.0
0.0
0.0
0.0
0.0
0.0
0.0
0.0
0.0
0.0
0.0
0.0
0.0
0.0
0.0
0.0
0.0
0.0
0.0
0.0
0.0
0.0
0.0
0.0
0.0
0.0
0.0
0.0
0.0
0.0
0.0
0.0
0.0
0.0
0.0
0.0
0.0
0.0
0.0
0.0
0.0
0.0
0.0
0.0
0.0
0.0
0.0
0.0
0.0
0.0
0.0
0.0
0.0
0.0
0.0
0.0
0.0
0.0
0.0
0.0
0.0
0.0
0.0
0.0
0.0
0.0
0.0
0.0
0.0
0.0
0.0
0.0
0.0
0.0
0.0
0.0
0.0
0.0
0.0
0.0
0.0
0.0
0.0
0.0
0.0
0.0
0.0
0.0
0.0
0.0
0.0
0.0
0.0
0.0
0.0
0.0
0.0
0.0
0.0
0.0
0.0
0.0
0.0
0.0
0.0
0.0
0.0
0.0
0.0
0.0
0.0
0.0
0.0
0.0
0.0
0.0
0.0
0.0
0.0
0.0
0.0
0.0
0.0
0.0
0.0
0.0
0.0
0.0
0.0
0.0
0.0
0.0
0.0
0.0
0.0
0.0
0.0
0.0
0.0
0.0
0.0
0.0
0.0
0.0
0.0
0.0
0.0
0.0
0.0
0.0
0.0
0.0
0.0
0.0
0.0
0.0
0.0
0.0
0.0
0.0
0.0
0.0
0.0
0.0
0.0
0.0
0.0
0.0
0.0
0.0
0.0
0.0
0.0
0.0
0.0
0.0
0.0
0.0
0.0
0.0
0.0
0.0
0.0
0.0
0.0
0.0
0.0
0.0
0.0
0.0
0.0
0.0
0.0
0.0
0.0
0.0
0.0
0.0
0.0
0.0
0.0
0.0
0.0
0.0
0.0
0.0
0.0
0.0
0.0
0.0
0.0
0.0
0.0
0.0
0.0
0.0
0.0
0.0
0.0
0.0
0.0
0.0
0.0
0.0
0.0
0.0
0.0
0.0
0.0
0.0
0.0
0.0
0.0
0.0
0.0
0.0
0.0
0.0
0.0
0.0
0.0
0.0
0.0
0.0
0.0
0.0
0.0
0.0
0.0
0.0
0.0
0.0
0.0
0.0
0.0
0.0
0.0
0.0
0.0
0.0
0.0
0.0
0.0
0.0
0.0
0.0
0.0
0.0
0.0
0.0
0.0
0.0
0.0
0.0
0.0
0.0
0.0
0.0
0.0
0.0
0.0
0.0
0.0
0.0
0.0
0.0
0.0
0.0
0.0
0.0
0.0
0.0
0.0
0.0
0.0
0.0
0.0
0.0
0.0
0.0
0.0
0.0
0.0
0.0
0.0
0.0
0.0
0.0
0.0
0.0
0.0
0.0
0.0
0.0
0.0
0.0
0.0
0.0
0.0
0.0
0.0
0.0
0.0
0.0
0.0
0.0
0.0
0.0
0.0
0.0
0.0
0.0
0.0
0.0
0.0
0.0
0.0
0.0
0.0
0.0
0.0
0.0
0.0
0.0
0.0
0.0
0.0
0.0
0.0
0.0
0.0
0.0
0.0
0.0
0.0
0.0
0.0
0.0
0.0
0.0
0.0
0.0
0.0
0.0
0.0
0.0
0.0
0.0
0.0
0.0
0.0
0.0
0.0
0.0
0.0
0.0
0.0
0.0
0.0
0.0
0.0
0.0
0.0
0.0
0.0
0.0
0.0
0.0
0.0
0.0
0.0
0.0
0.0
0.0
0.0
0.0
0.0
0.0
0.0
0.0
0.0
0.0
0.0
0.0
0.0
0.0
0.0
0.0
0.0
0.0
0.0
0.0
0.0
0.0
0.0
0.0
0.0
0.0
0.0
0.0
0.0
0.0
0.0
0.0
0.0
0.0
0.0
0.0
0.0
0.0
0.0
0.0
0.0
0.0
0.0
0.0
0.0
0.0
0.0
0.0
0.0
0.0
0.0
0.0
0.0
0.0
0.0
0.0
0.0
0.0
0.0
0.0
0.0
0.0
0.0
0.0
0.0
0.0
0.0
0.0
0.0
0.0
0.0
0.0
0.0
0.0
0.0
0.0
0.0
0.0
0.0
0.0
0.0
0.0
0.0
0.0
0.0
0.0
0.0
0.0
0.0
0.0
0.0
0.0
0.0
0.0
0.0
0.0
0.0
0.0
0.0
0.0
0.0
0.0
0.0
0.0
0.0
0.0
0.0
0.0
0.0
0.0
0.0
0.0
0.0
0.0
0.0
0.0
0.0
0.0
0.0
0.0
0.0
0.0
0.0
0.0
0.0
0.0
0.0
0.0
0.0
0.0
0.0
0.0
0.0
0.0
0.0
0.0
0.0
0.0
0.0
0.0
0.0
0.0
0.0
0.0
0.0
0.0
0.0
0.0
0.0
0.0
0.0
0.0
0.0
0.0
0.0
0.0
0.0
0.0
0.0
0.0
0.0
0.0
0.0
0.0
0.0
0.0
0.0
0.0
0.0
0.0
0.0
0.0
0.0
0.0
0.0
0.0
0.0
0.0
0.0
0.0
0.0
0.0
0.0
0.0
0.0
0.0
0.0
0.0
0.0
0.0
0.0
0.0
0.0
0.0
0.0
0.0
0.0
0.0
0.0
0.0
0.0
0.0
0.0
0.0
0.0
0.0
0.0
0.0
0.0
0.0
0.0
0.0
0.0
0.0
0.0
0.0
0.0
0.0
0.0
0.0
0.0
0.0
0.0
0.0
0.0
0.0
0.0
0.0
0.0
0.0
0.0
0.0
0.0
0.0
0.0
0.0
0.0
0.0
0.0
0.0
0.0
0.0
0.0
0.0
0.0
0.0
0.0
0.0
0.0
0.0
0.0
0.0
0.0
0.0
0.0
0.0
0.0
0.0
0.0
0.0
0.0
0.0
0.0
0.0
0.0
0.0
0.0
0.0
0.0
0.0
0.0
0.0
0.0
0.0
0.0
0.0
0.0
0.0
0.0
0.0
0.0
0.0
0.0
0.0
0.0
0.0
0.0
0.0
0.0
0.0
0.0
0.0
0.0
0.0
0.0
0.0
0.0
0.0
0.0
0.0
0.0
0.0
0.0
0.0
0.0
0.0
0.0
0.0
0.0
0.0
0.0
0.0
0.0
0.0
0.0
0.0
0.0
0.0
0.0
0.0
0.0
0.0
0.0
0.0
0.0
0.0
0.0
0.0
0.0
0.0
0.0
0.0
0.0
0.0
0.0
0.0
0.0
0.0
0.0
0.0
0.0
0.0
0.0
0.0
0.0
0.0
0.0
0.0
0.0
0.0
0.0
0.0
0.0
0.0
0.0
0.0
0.0
0.0
0.0
0.0
0.0
0.0
0.0
0.0
0.0
0.0
0.0
0.0
0.0
0.0
0.0
0.0
0.0
0.0
0.0
0.0
0.0
0.0
0.0
0.0
0.0
0.0
0.0
0.0
0.0
0.0
0.0
0.0
0.0
0.0
0.0
0.0
0.0
0.0
0.0
0.0
0.0
0.0
0.0
0.0
0.0
0.0
0.0
0.0
0.0
0.0
0.0
0.0
0.0
0.0
0.0
0.0
0.0
0.0
0.0
0.0
0.0
0.0
0.0
0.0
0.0
0.0
0.0
0.0
0.0
0.0
0.0
0.0
0.0
0.0
0.0
0.0
0.0
0.0
0.0
0.0
0.0
0.0
0.0
0.0
0.0
0.0
0.0
0.0
0.0
0.0
0.0
0.0
0.0
0.0
0.0
0.0
0.0
0.0
0.0
0.0
0.0
0.0
0.0
0.0
0.0
0.0
0.0
0.0
0.0
0.0
0.0
0.0
0.0
0.0
0.0
0.0
0.0
0.0
0.0
0.0
0.0
0.0
0.0
0.0
0.0
0.0
0.0
0.0
0.0
0.0
0.0
0.0
0.0
0.0
0.0
0.0
0.0
0.0
0.0
0.0
0.0
0.0
0.0
0.0
0.0
0.0
0.0
0.0
0.0
0.0
0.0
0.0
0.0
0.0
0.0
0.0
0.0
0.0
0.0
0.0
0.0
0.0
0.0
0.0
0.0
0.0
0.0
0.0
0.0
0.0
0.0
0.0
0.0
0.0
0.0
0.0
0.0
0.0
0.0
0.0
0.0
0.0
0.0
0.0
0.0
0.0
0.0
0.0
0.0
0.0
0.0
0.0
0.0
0.0
0.0
0.0
0.0
0.0
0.0
0.0
0.0
0.0
0.0
0.0
0.0
0.0
0.0
0.0
0.0
0.0
0.0
0.0
0.0
0.0
0.0
0.0
0.0
0.0
0.0
0.0
0.0
0.0
0.0
0.0
0.0
0.0
0.0
0.0
0.0
0.0
0.0
0.0
0.0
0.0
0.0
0.0
0.0
0.0
0.0
0.0
0.0
0.0
0.0
0.0
0.0
0.0
0.0
0.0
0.0
0.0
0.0
0.0
0.0
0.0
0.0
0.0
0.0
0.0
0.0
0.0
0.0
0.0
0.0
0.0
0.0
0.0
0.0
0.0
0.0
0.0
0.0
0.0
0.0
0.0
0.0
0.0
0.0
0.0
0.0
0.0
0.0
0.0
0.0
0.0
0.0
0.0
0.0
0.0
0.0
0.0
0.0
0.0
0.0
0.0
0.0
0.0
0.0
0.0
0.0
0.0
0.0
0.0
0.0
0.0
0.0
0.0
0.0
0.0
0.0
0.0
0.0
0.0
0.0
0.0
0.0
0.0
0.0
0.0
0.0
0.0
0.0
0.0
0.0
0.0
0.0
0.0
0.0
0.0
0.0
0.0
0.0
0.0
0.0
0.0
0.0
0.0
0.0
0.0
0.0
0.0
0.0
0.0
0.0
0.0
0.0
0.0
0.0
0.0
0.0
0.0
0.0
0.0
0.0
0.0
0.0
0.0
0.0
0.0
0.0
0.0
0.0
0.0
0.0
0.0
0.0
0.0
0.0
0.0
0.0
0.0
0.0
0.0
0.0
0.0
0.0
0.0
0.0
0.0
0.0
0.0
0.0
0.0
0.0
0.0
0.0
0.0
0.0
0.0
0.0
0.0
0.0
0.0
0.0
0.0
0.0
0.0
0.0
0.0
0.0
0.0
0.0
0.0
0.0
0.0
0.0
0.0
0.0
0.0
0.0
0.0
0.0
0.0
0.0
0.0
0.0
0.0
0.0
0.0
0.0
0.0
0.0
0.0
0.0
0.0
0.0
0.0
0.0
0.0
0.0
0.0
0.0
0.0
0.0
0.0
0.0
0.0
0.0
0.0
0.0
0.0
0.0
0.0
0.0
0.0
0.0
0.0
0.0
0.0
0.0
0.0
0.0
0.0
0.0
0.0
0.0
0.0
0.0
0.0
0.0
0.0
0.0
0.0
0.0
0.0
0.0
0.0
0.0
0.0
0.0
0.0
0.0
0.0
0.0
0.0
0.0
0.0
0.0
0.0
0.0
0.0
0.0
0.0
0.0
0.0
0.0
0.0
0.0
0.0
0.0
0.0
0.0
0.0
0.0
0.0
0.0
0.0
0.0
0.0
0.0
0.0
0.0
0.0
0.0
0.0
0.0
0.0
0.0
0.0
0.0
0.0
0.0
0.0
0.0
0.0
0.0
0.0
0.0
0.0
0.0
0.0
0.0
0.0
0.0
0.0
0.0
0.0
0.0
0.0
0.0
0.0
0.0
0.0
0.0
0.0
0.0
0.0
0.0
0.0
0.0
0.0
0.0
0.0
0.0
0.0
0.0
0.0
0.0
0.0
0.0
0.0
0.0
0.0
0.0
0.0
0.0
0.0
0.0
0.0
0.0
0.0
0.0
0.0
0.0
0.0
0.0
0.0
0.0
0.0
0.0
0.0
0.0
0.0
0.0
0.0
0.0
0.0
0.0
0.0
0.0
0.0
0.0
0.0
0.0
0.0
0.0
0.0
0.0
0.0
0.0
0.0
0.0
0.0
0.0
0.0
0.0
0.0
0.0
0.0
0.0
0.0
0.0
0.0
0.0
0.0
0.0
0.0
0.0
0.0
0.0
0.0
0.0
0.0
0.0
0.0
0.0
0.0
0.0
0.0
0.0
0.0
0.0
0.0
0.0
0.0
0.0
0.0
0.0
0.0
0.0
0.0
0.0
0.0
0.0
0.0
0.0
0.0
0.0
0.0
0.0
0.0
0.0
0.0
0.0
0.0
0.0
0.0
0.0
0.0
0.0
0.0
0.0
0.0
0.0
0.0
0.0
0.0
0.0
0.0
0.0
0.0
0.0
0.0
0.0
0.0
0.0
0.0
0.0
0.0
0.0
0.0
0.0
0.0
0.0
0.0
0.0
0.0
0.0
0.0
0.0
0.0
0.0
0.0
0.0
0.0
0.0
0.0
0.0
0.0
0.0
0.0
0.0
0.0
0.0
0.0
0.0
0.0
0.0
0.0
0.0
0.0
0.0
0.0
0.0
0.0
0.0
0.0
0.0
0.0
0.0
0.0
0.0
0.0
0.0
0.0
0.0
0.0
0.0
0.0
0.0
0.0
0.0
0.0
0.0
0.0
0.0
0.0
0.0
0.0
0.0
0.0
0.0
0.0
0.0
0.0
0.0
0.0
0.0
0.0
0.0
0.0
0.0
0.0
0.0
0.0
0.0
0.0
0.0
0.0
0.0
0.0
0.0
0.0
0.0
0.0
0.0
0.0
0.0
0.0
0.0
0.0
0.0
0.0
0.0
0.0
0.0
0.0
0.0
0.0
0.0
0.0
0.0
0.0
0.0
0.0
0.0
0.0
0.0
0.0
0.0
0.0
0.0
0.0
0.0
0.0
0.0
0.0
0.0
0.0
0.0
0.0
0.0
0.0
0.0
0.0
0.0
0.0
0.0
0.0
0.0
0.0
0.0
0.0
0.0
0.0
0.0
0.0
0.0
0.0
0.0
0.0
0.0
0.0
0.0
0.0
0.0
0.0
0.0
0.0
0.0
0.0
0.0
0.0
0.0
0.0
0.0
0.0
0.0
0.0
0.0
0.0
0.0
0.0
0.0
0.0
0.0
0.0
0.0
0.0
0.0
0.0
0.0
0.0
0.0
0.0
0.0
0.0
0.0
0.0
0.0
0.0
0.0
0.0
0.0
0.0
0.0
0.0
0.0
0.0
0.0
0.0
0.0
0.0
0.0
0.0
0.0
0.0
0.0
0.0
0.0
0.0
0.0
0.0
0.0
0.0
0.0
0.0
0.0
0.0
0.0
0.0
0.0
0.0
0.0
0.0
0.0
0.0
0.0
0.0
0.0
0.0
0.0
0.0
0.0
0.0
0.0
0.0
0.0
0.0
0.0
0.0
0.0
0.0
0.0
0.0
0.0
0.0
0.0
0.0
0.0
0.0
0.0
0.0
0.0
0.0
0.0
0.0
0.0
0.0
0.0
0.0
0.0
0.0
0.0
0.0
0.0
0.0
0.0
0.0
0.0
0.0
0.0
0.0
0.0
0.0
0.0
0.0
0.0
0.0
0.0
0.0
0.0
0.0
0.0
0.0
0.0
0.0
0.0
0.0
0.0
0.0
0.0
0.0
0.0
0.0
0.0
0.0
0.0
0.0
0.0
0.0
0.0
0.0
0.0
0.0
0.0
0.0
0.0
0.0
0.0
0.0
0.0
0.0
0.0
0.0
0.0
0.0
0.0
0.0
0.0
0.0
0.0
0.0
0.0
0.0
0.0
0.0
0.0
0.0
0.0
0.0
0.0
0.0
0.0
0.0
0.0
0.0
0.0
0.0
0.0
0.0
0.0
0.0
0.0
0.0
0.0
0.0
0.0
0.0
0.0
0.0
0.0
0.0
0.0
0.0
0.0
0.0
0.0
0.0
0.0
0.0
0.0
0.0
0.0
0.0
0.0
0.0
0.0
0.0
0.0
0.0
0.0
0.0
0.0
0.0
0.0
0.0
0.0
0.0
0.0
0.0
0.0
0.0
0.0
0.0
0.0
0.0
0.0
0.0
0.0
0.0
0.0
0.0
0.0
0.0
0.0
0.0
0.0
0.0
0.0
0.0
0.0
0.0
0.0
0.0
0.0
0.0
0.0
0.0
0.0
0.0
0.0
0.0
0.0
0.0
0.0
0.0
0.0
0.0
0.0
0.0
0.0
0.0
0.0
0.0
0.0
0.0
0.0
0.0
0.0
0.0
0.0
0.0
0.0
0.0
0.0
0.0
0.0
0.0
0.0
0.0
0.0
0.0
0.0
0.0
0.0
0.0
0.0
0.0
0.0
0.0
0.0
0.0
0.0
0.0
0.0
0.0
0.0
0.0
0.0
0.0
0.0
0.0
0.0
0.0
0.0
0.0
0.0
0.0
0.0
0.0
0.0
0.0
0.0
0.0
0.0
0.0
0.0
0.0
0.0
0.0
0.0
0.0
0.0
0.0
0.0
0.0
0.0
0.0
0.0
0.0
0.0
0.0
0.0
0.0
0.0
0.0
0.0
0.0
0.0
0.0
0.0
0.0
0.0
0.0
0.0
0.0
0.0
0.0
0.0
0.0
0.0
0.0
0.0
0.0
0.0
0.0
0.0
0.0
0.0
0.0
0.0
0.0
0.0
0.0
0.0
0.0
0.0
0.0
0.0
0.0
0.0
0.0
0.0
0.0
0.0
0.0
0.0
0.0
0.0
0.0
0.0
0.0
0.0
0.0
0.0
0.0
0.0
0.0
0.0
0.0
0.0
0.0
0.0
0.0
0.0
0.0
0.0
0.0
0.0
0.0
0.0
0.0
0.0
0.0
0.0
0.0
0.0
0.0
0.0
0.0
0.0
0.0
0.0
0.0
0.0
0.0
0.0
0.0
0.0
0.0
0.0
0.0
0.0
0.0
0.0
0.0
0.0
0.0
0.0
0.0
0.0
0.0
0.0
0.0
0.0
0.0
0.0
0.0
0.0
0.0
0.0
0.0
0.0
0.0
0.0
0.0
0.0
0.0
0.0
0.0
0.0
0.0
0.0
0.0
0.0
0.0
0.0
0.0
0.0
0.0
0.0
0.0
0.0
0.0
0.0
0.0
0.0
0.0
0.0
0.0
0.0
0.0
0.0
0.0
0.0
0.0
0.0
0.0
0.0
0.0
0.0
0.0
0.0
0.0
0.0
0.0
0.0
0.0
0.0
0.0
0.0
0.0
0.0
0.0
0.0
0.0
0.0
0.0
0.0
0.0
0.0
0.0
0.0
0.0
0.0
0.0
0.0
0.0
0.0
0.0
0.0
0.0
0.0
0.0
0.0
0.0
0.0
0.0
0.0
0.0
0.0
0.0
0.0
0.0
0.0
0.0
0.0
0.0
0.0
0.0
0.0
0.0
0.0
0.0
0.0
0.0
0.0
0.0
0.0
0.0
0.0
0.0
0.0
0.0
0.0
0.0
0.0
0.0
0.0
0.0
0.0
0.0
0.0
0.0
0.0
0.0
0.0
0.0
0.0
0.0
0.0
0.0
0.0
0.0
0.0
0.0
0.0
0.0
0.0
0.0
0.0
0.0
0.0
0.0
0.0
0.0
0.0
0.0
0.0
0.0
0.0
0.0
0.0
0.0
0.0
0.0
0.0
0.0
0.0
0.0
0.0
0.0
0.0
0.0
0.0
0.0
0.0
0.0
0.0
0.0
0.0
0.0
0.0
0.0
0.0
0.0
0.0
0.0
0.0
0.0
0.0
0.0
0.0
0.0
0.0
0.0
0.0
0.0
0.0
0.0
0.0
0.0
0.0
0.0
0.0
0.0
0.0
0.0
0.0
0.0
0.0
0.0
0.0
0.0
0.0
0.0
0.0
0.0
0.0
0.0
0.0
0.0
0.0
0.0
0.0
0.0
0.0
0.0
0.0
0.0
0.0
0.0
0.0
0.0
0.0
0.0
0.0
0.0
0.0
0.0
0.0
0.0
0.0
0.0
0.0
0.0
0.0
0.0
0.0
0.0
0.0
0.0
0.0
0.0
0.0
0.0
0.0
0.0
0.0
0.0
0.0
0.0
0.0
0.0
0.0
0.0
0.0
0.0
0.0
0.0
0.0
0.0
0.0
0.0
0.0
0.0
0.0
0.0
0.0
0.0
0.0
0.0
0.0
0.0
0.0
0.0
0.0
0.0
0.0
0.0
0.0
0.0
0.0
0.0
0.0
0.0
0.0
0.0
0.0
0.0
0.0
0.0
0.0
0.0
0.0
0.0
0.0
0.0
0.0
0.0
0.0
0.0
0.0
0.0
0.0
0.0
0.0
0.0
0.0
0.0
0.0
0.0
0.0
0.0
0.0
0.0
0.0
0.0
0.0
0.0
0.0
0.0
0.0
0.0
0.0
0.0
0.0
0.0
0.0
0.0
0.0
0.0
0.0
0.0
0.0
0.0
0.0
0.0
0.0
0.0
0.0
0.0
0.0
0.0
0.0
0.0
0.0
0.0
0.0
0.0
0.0
0.0
0.0
0.0
0.0
0.0
0.0
0.0
0.0
0.0
0.0
0.0
0.0
0.0
0.0
0.0
0.0
0.0
0.0
0.0
0.0
0.0
0.0
0.0
0.0
0.0
0.0
0.0
0.0
0.0
0.0
0.0
0.0
0.0
0.0
0.0
0.0
0.0
0.0
0.0
0.0
0.0
0.0
0.0
0.0
0.0
0.0
0.0
0.0
0.0
0.0
0.0
0.0
0.0
0.0
0.0
0.0
0.0
0.0
0.0
0.0
0.0
0.0
0.0
0.0
0.0
0.0
0.0
0.0
0.0
0.0
0.0
0.0
0.0
0.0
0.0
0.0
0.0
0.0
0.0
0.0
0.0
0.0
0.0
0.0
0.0
0.0
0.0
0.0
0.0
0.0
0.0
0.0
0.0
0.0
0.0
0.0
0.0
0.0
0.0
0.0
0.0
0.0
0.0
0.0
0.0
0.0
0.0
0.0
0.0
0.0
0.0
0.0
0.0
0.0
0.0
0.0
0.0
0.0
0.0
0.0
0.0
0.0
0.0
0.0
0.0
0.0
0.0
0.0
0.0
0.0
0.0
0.0
0.0
0.0
0.0
0.0
0.0
0.0
0.0
0.0
0.0
0.0
0.0
0.0
0.0
0.0
0.0
0.0
0.0
0.0
0.0
0.0
0.0
0.0
0.0
0.0
0.0
0.0
0.0
0.0
0.0
0.0
0.0
0.0
0.0
0.0
0.0
0.0
0.0
0.0
0.0
0.0
0.0
0.0
0.0
0.0
0.0
0.0
0.0
0.0
0.0
0.0
0.0
0.0
0.0
0.0
0.0
0.0
0.0
0.0
0.0
0.0
0.0
0.0
0.0
0.0
0.0
0.0
0.0
0.0
0.0
0.0
0.0
0.0
0.0
0.0
0.0
0.0
0.0
0.0
0.0
0.0
0.0
0.0
0.0
0.0
0.0
0.0
0.0
0.0
0.0
0.0
0.0
0.0
0.0
0.0
0.0
0.0
0.0
0.0
0.0
0.0
0.0
0.0
0.0
0.0
0.0
0.0
0.0
0.0
0.0
0.0
0.0
0.0
0.0
0.0
0.0
0.0
0.0
0.0
0.0
0.0
0.0
0.0
0.0
0.0
0.0
0.0
0.0
0.0
0.0
0.0
0.0
0.0
0.0
0.0
0.0
0.0
0.0
0.0
0.0
0.0
0.0
0.0
0.0
0.0
0.0
0.0
0.0
0.0
0.0
0.0
0.0
0.0
0.0
0.0
0.0
0.0
0.0
0.0
0.0
0.0
0.0
0.0
0.0
0.0
0.0
0.0
0.0
0.0
0.0
0.0
0.0
0.0
0.0
0.0
0.0
0.0
0.0
0.0
0.0
0.0
0.0
0.0
0.0
0.0
0.0
0.0
0.0
0.0
0.0
0.0
0.0
0.0
0.0
0.0
0.0
0.0
0.0
0.0
0.0
0.0
0.0
0.0
0.0
0.0
0.0
0.0
0.0
0.0
0.0
0.0
0.0
0.0
0.0
0.0
0.0
0.0
0.0
0.0
0.0
0.0
0.0
0.0
0.0
0.0
0.0
0.0
0.0
0.0
0.0
0.0
0.0
0.0
0.0
0.0
0.0
0.0
0.0
0.0
0.0
0.0
0.0
0.0
0.0
0.0
0.0
0.0
0.0
0.0
0.0
0.0
0.0
0.0
0.0
0.0
0.0
0.0
0.0
0.0
0.0
0.0
0.0
0.0
0.0
0.0
0.0
0.0
0.0
0.0
0.0
0.0
0.0
0.0
0.0
0.0
0.0
0.0
0.0
0.0
0.0
0.0
0.0
0.0
0.0
0.0
0.0
0.0
0.0
0.0
0.0
0.0
0.0
0.0
0.0
0.0
0.0
0.0
0.0
0.0
0.0
0.0
0.0
0.0
0.0
0.0
0.0
0.0
0.0
0.0
0.0
0.0
0.0
0.0
0.0
0.0
0.0
0.0
0.0
0.0
0.0
0.0
0.0
0.0
0.0
0.0
0.0
0.0
0.0
0.0
0.0
0.0
0.0
0.0
0.0
0.0
0.0
0.0
0.0
0.0
0.0
0.0
0.0
0.0
0.0
0.0
0.0
0.0
0.0
0.0
0.0
0.0
0.0
0.0
0.0
0.0
0.0
0.0
0.0
0.0
0.0
0.0
0.0
0.0
0.0
0.0
0.0
0.0
0.0
0.0
0.0
0.0
0.0
0.0
0.0
0.0
0.0
0.0
0.0
0.0
0.0
0.0
0.0
0.0
0.0
0.0
0.0
0.0
0.0
0.0
0.0
0.0
0.0
0.0
0.0
0.0
0.0
0.0
0.0
0.0
0.0
0.0
0.0
0.0
0.0
0.0
0.0
0.0
0.0
0.0
0.0
0.0
0.0
0.0
0.0
0.0
0.0
0.0
0.0
0.0
0.0
0.0
0.0
0.0
0.0
0.0
0.0
0.0
0.0
0.0
0.0
0.0
0.0
0.0
0.0
0.0
0.0
0.0
0.0
0.0
0.0
0.0
0.0
0.0
0.0
0.0
0.0
0.0
0.0
0.0
0.0
0.0
0.0
0.0
0.0
0.0
0.0
0.0
0.0
0.0
0.0
0.0
0.0
0.0
0.0
0.0
0.0
0.0
0.0
0.0
0.0
0.0
0.0
0.0
0.0
0.0
0.0
0.0
0.0
0.0
0.0
0.0
0.0
0.0
0.0
0.0
0.0
0.0
0.0
0.0
0.0
0.0
0.0
0.0
0.0
0.0
0.0
0.0
0.0
0.0
0.0
0.0
0.0
0.0
0.0
0.0
0.0
0.0
0.0
0.0
0.0
0.0
0.0
0.0
0.0
0.0
0.0
0.0
0.0
0.0
0.0
0.0
0.0
0.0
0.0
0.0
0.0
0.0
0.0
0.0
0.0
0.0
0.0
0.0
0.0
0.0
0.0
0.0
0.0
0.0
0.0
0.0
0.0
0.0
0.0
0.0
0.0
0.0
0.0
0.0
0.0
0.0
0.0
0.0
0.0
0.0
0.0
0.0
0.0
0.0
0.0
0.0
0.0
0.0
0.0
0.0
0.0
0.0
0.0
0.0
0.0
0.0
0.0
0.0
0.0
0.0
0.0
0.0
0.0
0.0
0.0
0.0
0.0
0.0
0.0
0.0
0.0
0.0
0.0
0.0
0.0
0.0
0.0
0.0
0.0
0.0
0.0
0.0
0.0
0.0
0.0
0.0
0.0
0.0
0.0
0.0
0.0
0.0
0.0
0.0
0.0
0.0
0.0
0.0
0.0
0.0
0.0
0.0
0.0
0.0
0.0
0.0
0.0
0.0
0.0
0.0
0.0
0.0
0.0
0.0
0.0
0.0
0.0
0.0
0.0
0.0
0.0
0.0
0.0
0.0
0.0
0.0
0.0
0.0
0.0
0.0
0.0
0.0
0.0
0.0
0.0
0.0
0.0
0.0
0.0
0.0
0.0
0.0
0.0
0.0
0.0
0.0
0.0
0.0
0.0
0.0
0.0
0.0
0.0
0.0
0.0
0.0
0.0
0.0
0.0
0.0
0.0
0.0
0.0
0.0
0.0
0.0
0.0
0.0
0.0
0.0
0.0
0.0
0.0
0.0
0.0
0.0
0.0
0.0
0.0
0.0
0.0
0.0
0.0
0.0
0.0
0.0
0.0
0.0
0.0
0.0
0.0
0.0
0.0
0.0
0.0
0.0
0.0
0.0
0.0
0.0
0.0
0.0
0.0
0.0
0.0
0.0
0.0
0.0
0.0
0.0
0.0
0.0
0.0
0.0
0.0
0.0
0.0
0.0
0.0
0.0
0.0
0.0
0.0
0.0
0.0
0.0
0.0
0.0
0.0
0.0
0.0
0.0
0.0
0.0
0.0
0.0
0.0
0.0
0.0
0.0
0.0
0.0
0.0
0.0
0.0
0.0
0.0
0.0
0.0
0.0
0.0
0.0
0.0
0.0
0.0
0.0
0.0
0.0
0.0
0.0
0.0
0.0
0.0
0.0
0.0
0.0
0.0
0.0
0.0
0.0
0.0
0.0
0.0
0.0
0.0
0.0
0.0
0.0
0.0
0.0
0.0
0.0
0.0
0.0
0.0
0.0
0.0
0.0
0.0
0.0
0.0
0.0
0.0
0.0
0.0
0.0
0.0
0.0
0.0
0.0
0.0
0.0
0.0
0.0
0.0
0.0
0.0
0.0
0.0
0.0
0.0
0.0
0.0
0.0
0.0
0.0
0.0
0.0
0.0
0.0
0.0
0.0
0.0
0.0
0.0
0.0
0.0
0.0
0.0
0.0
0.0
0.0
0.0
0.0
0.0
0.0
0.0
0.0
0.0
0.0
0.0
0.0
0.0
0.0
0.0
0.0
0.0
0.0
0.0
0.0
0.0
0.0
0.0
0.0
0.0
0.0
0.0
0.0
0.0
0.0
0.0
0.0
0.0
0.0
0.0
0.0
0.0
0.0
0.0
0.0
0.0
0.0
0.0
0.0
0.0
0.0
0.0
0.0
0.0
0.0
0.0
0.0
0.0
0.0
0.0
0.0
0.0
0.0
0.0
0.0
0.0
0.0
0.0
0.0
0.0
0.0
0.0
0.0
0.0
0.0
0.0
0.0
0.0
0.0
0.0
0.0
0.0
0.0
0.0
0.0
0.0
0.0
0.0
0.0
0.0
0.0
0.0
0.0
0.0
0.0
0.0
0.0
0.0
0.0
0.0
0.0
0.0
0.0
0.0
0.0
0.0
0.0
0.0
0.0
0.0
0.0
0.0
0.0
0.0
0.0
0.0
0.0
0.0
0.0
0.0
0.0
0.0
0.0
0.0
0.0
0.0
0.0
0.0
0.0
0.0
0.0
0.0
0.0
0.0
0.0
0.0
0.0
0.0
0.0
0.0
0.0
0.0
0.0
0.0
0.0
0.0
0.0
0.0
0.0
0.0
0.0
0.0
0.0
0.0
0.0
0.0
0.0
0.0
0.0
0.0
0.0
0.0
0.0
0.0
0.0
0.0
0.0
0.0
0.0
0.0
0.0
0.0
0.0
0.0
0.0
0.0
0.0
0.0
0.0
0.0
0.0
0.0
0.0
0.0
0.0
0.0
0.0
0.0
0.0
0.0
0.0
0.0
0.0
0.0
0.0
0.0
0.0
0.0
0.0
0.0
0.0
0.0
0.0
0.0
0.0
0.0
0.0
0.0
0.0
0.0
0.0
0.0
0.0
0.0
0.0
0.0
0.0
0.0
0.0
0.0
0.0
0.0
0.0
0.0
0.0
0.0
0.0
0.0
0.0
0.0
0.0
0.0
0.0
0.0
0.0
0.0
0.0
0.0
0.0
0.0
0.0
0.0
0.0
0.0
0.0
0.0
0.0
0.0
0.0
0.0
0.0
0.0
0.0
0.0
0.0
0.0
0.0
0.0
0.0
0.0
0.0
0.0
0.0
0.0
0.0
0.0
0.0
0.0
0.0
0.0
0.0
0.0
0.0
0.0
0.0
0.0
0.0
0.0
0.0
0.0
0.0
0.0
0.0
0.0
0.0
0.0
0.0
0.0
0.0
0.0
0.0
0.0
0.0
0.0
0.0
0.0
0.0
0.0
0.0
0.0
0.0
0.0
0.0
0.0
0.0
0.0
0.0
0.0
0.0
0.0
0.0
0.0
0.0
0.0
0.0
0.0
0.0
0.0
0.0
0.0
0.0
0.0
0.0
0.0
0.0
0.0
0.0
0.0
0.0
0.0
0.0
0.0
0.0
0.0
0.0
0.0
0.0
0.0
0.0
0.0
0.0
0.0
0.0
0.0
0.0
0.0
0.0
0.0
0.0
0.0
0.0
0.0
0.0
0.0
0.0
0.0
0.0
0.0
0.0
0.0
0.0
0.0
0.0
0.0
0.0
0.0
0.0
0.0
0.0
0.0
0.0
0.0
0.0
0.0
0.0
0.0
0.0
0.0
0.0
0.0
0.0
0.0
0.0
0.0
0.0
0.0
0.0
0.0
0.0
0.0
0.0
0.0
0.0
0.0
0.0
0.0
0.0
0.0
0.0
0.0
0.0
