0.229408960774
2.0034113606
0.0
0.0
0.0
0.295256230391
0.239669898039
0.0127572880038
-0.0862154812537
0.0
0.128463688071
-0.231286391219
-0.0526138788773
-0.167681297226
0.586866903421
-0.0523504310646
1.53703962024
-0.114737323492
-0.13525538442
0.222144296916
0.0
0.0
0.0
0.0
0.0
0.378693712111
0.394828553161
-0.0842393148102
0.0419554076756
0.0
0.333878505323
0.595288447119
0.166770481156
0.0
-0.0539594573085
0.145487366961
0.0
0.351028276539
-0.093221269501
0.0
0.228065103288
-0.190821158221
0.130310208862
0.0
-0.0804076151142
-0.0231081297667
0.0
0.0
1.25888489663
0.00477514008972
-0.166372960218
-0.00702413082094
-0.0761925433711
-0.426059076065
-0.0331240185557
-0.160680580708
-0.000272249679552
-0.0102046636604
0.0
0.0
0.0
-0.245328267207
0.282229622888
0.0
0.0
-0.00743978353272
-0.0396871649845
0.0
-0.248351500776
0.18522419212
-0.0067434359074
0.0
-0.013290574721
0.000854514131368
0.00189532064745
0.0
0.00455807136998
1.01652793966
0.0
1.62470746686
-0.490248539835
1.13978468882
0.463429932631
0.0
0.0
0.0
0.0
0.0
0.0
0.000248696594975
0.0
0.0
0.940426731206
-0.0218996621691
0.0
0.423074000442
0.0
0.0
0.0
0.0650290134605
0.00266583351625
0.00490708067365
-0.00973268238202
0.0
0.666803642617
0.210232466135
0.0
0.0
0.269223693548
0.0
0.206421549349
0.0
0.0
0.0
0.0
0.616865367541
0.0
0.95466341362
0.090751223389
0.0722465605197
0.0
0.0
-1.10408232405
0.0
0.0
0.0
0.0
0.0
0.0
0.889008928323
0.266559509808
0.678506988574
-0.00478319494389
0.0
0.0
0.0
0.0
0.0
0.0531167070462
0.0514293014376
0.0
0.0
0.353976017783
0.0
0.0
0.0
0.0
0.0
0.0516173201591
0.0
0.0
0.0215519305489
0.0
0.411983327535
0.0
-0.0280420998641
0.725511970772
0.0
0.0
0.0
0.0
0.745001937249
-0.0534151469654
-0.02257348529
0.0
0.0
-0.412568730164
0.0
0.0
0.0
-0.0513431211891
0.0
0.0
0.0197270827536
0.0
0.0217548501824
0.0
0.0
0.0
0.92058261442
0.361144815622
1.19357147831
0.102988525984
-0.0516866301756
0.0
0.0538102431926
0.0
-0.276020581012
0.291160974136
0.0
-0.20428298032
0.0
-0.020562918822
0.516986089648
0.203579085559
0.0
0.0
0.0
0.0
0.0
0.176519057599
0.0
-1.55923587765
0.140164740388
0.0
0.0
0.0
-0.184203813682
0.0
0.0
0.0
0.0
-0.0007670535003
0.0
-0.344137730725
-0.056391174919
0.0
2.24229833299
0.296308394538
0.0
0.0519976223475
0.0
0.0878517503397
0.0157901604497
0.0
0.0
0.0
0.0
1.71058699582
1.25313396769
1.18888584984
0.0
0.0
0.0
0.518126532918
-0.00992056468901
-0.0129497269423
-0.0367891833408
0.0
0.0
-0.00916383326779
-0.0613425691972
-0.0309747202316
0.0
-0.200579251879
0.0
-0.318657681129
1.70960260484
-0.294884746785
-0.134412860793
0.421916552194
0.144344969481
0.0
0.0
0.651514619216
0.0
0.0
0.0
0.0
0.0
0.0
0.0
0.909379271598
0.00625399735811
-0.00782726407046
0.0
0.214194750016
0.0
0.0162772208568
-0.321297674235
0.0316046042544
0.168309944105
0.430257623283
-0.0288196479521
-0.190674276427
0.349393300343
0.0
0.0
0.197849494884
0.0
-0.908145283553
0.0
-0.218678283872
0.0
0.202657899119
0.0
-0.276020581012
0.00552498470863
0.0
0.0
0.519944147641
0.031078281519
0.906580751955
0.202248853947
0.0
0.0
0.0
0.0
-0.0825892681509
0.0
0.0
-0.0474629047256
0.072340139415
0.0
-0.393077184024
0.758940701023
0.0
-0.297838005318
0.0
0.352127244581
0.0
-0.24918944308
0.0
0.0187806310897
0.0
-0.111214836449
-0.028016332774
0.284466616199
0.0
0.0
0.0
1.41844940644
0.451675570564
1.34267020357
0.188433869438
0.0
0.0
0.0
0.0908256353904
0.0
0.0
0.0
-0.162132641109
-0.262094301731
0.0
-0.336289620408
0.174680463019
0.0
0.0878297607657
0.0
0.0
-0.323691608596
0.0607153647953
0.0
-0.112446192972
0.0
0.150026923566
-0.00439419519378
0.311191403891
0.0215693093516
0.0
0.339029814096
0.758754811854
0.290467222797
0.10755664149
0.00056868813356
0.0
-0.0707288977155
0.0
0.0
-0.137802905711
0.13217492168
-0.140409245499
-0.103346986716
-0.186657946153
0.0
0.0174880922944
0.426267461255
0.0
-0.0733800396335
0.0
0.0
0.242390141526
0.100019883312
0.0
0.0
0.0762933865273
-0.109702221433
0.0
0.0
0.0
0.330464267087
0.0357222536636
2.13835011163
0.258278775667
0.0
0.0
0.0
0.0
-0.123242766358
0.0335003761532
0.0
-0.246204000589
0.0298773539744
0.0
-0.173076460012
0.111885815297
0.0
-0.020410679016
0.0
0.0
0.0314201662348
0.0
0.0
-0.188743245219
0.108262019935
0.0
0.0
-0.16719484238
0.332772782568
0.0
-0.738020781859
0.0
0.0
-0.259225924621
-0.0187221731675
0.0322321857002
0.0
-0.122481331813
0.0
0.0
0.0
0.0
0.0
-0.018662290772
0.112454896733
0.0
0.0
0.661482241955
-0.137382246785
0.0
0.0
-0.174310244913
1.47349733263
-0.018115515641
0.0
0.00198501733936
-0.208702082212
-0.230974392741
-0.0692491731014
-0.0116427160906
-0.0761944017722
0.0536789436412
-0.0801735611331
0.152759943997
-0.0719394333977
-0.0257719902125
0.615079806639
0.0154916666076
-0.0194387827358
-0.125948272546
0.0914707647442
0.0462032017925
0.0
-0.118806613909
-0.309097431519
0.00641503254115
0.312401432718
-0.0133096890284
0.119639518752
0.247725513092
-0.0360736604045
-0.3645342633
-0.334166396041
0.318044952134
-0.0700225774716
-0.0356393615722
0.0304823343379
-0.0268584011873
0.0550734138909
-0.052973937738
-0.0285861877491
-0.0157563652537
-0.0235221882388
0.006961447577
0.117240429485
-0.0826069190074
0.0168104509428
-0.453589548385
-0.0244427350066
0.0200458658167
-0.0252637706002
-0.231813624986
-0.395224438124
-0.0784257564997
-0.329772496357
-0.296174257518
0.0
0.336217143314
0.495798941969
0.103279484184
-0.409706741314
-0.226793415936
-0.570269367373
0.426780655398
-0.276923657562
-0.201441173546
-0.0712005342497
-0.226009123488
0.995731119062
-0.42241766855
-0.235599211574
-0.991714665775
0.0359813727451
-0.353088852093
-0.0729388889878
-0.543386221519
-0.314047754468
-0.36266027165
-0.314040648076
0.0
0.0
0.0
0.0
0.164110185661
0.0
0.0
0.0
0.292983553369
0.0
0.0365787477967
0.0
0.0
0.0
0.0
0.0
0.0
0.0409569647974
0.161143772854
0.665101913886
0.244751670715
0.16856758492
-0.069522808701
-0.437790147855
-0.751768012259
-0.347707091649
-0.288748552139
-0.686006302742
-0.732847602709
-0.814111981451
-1.36041061347
0.0
0.0150642016496
0.0
0.0
0.216937429016
-1.30173571855
-1.01535163933
0.310147673316
-0.799739190763
-1.1894023841
-0.140450574967
0.0
0.0
-0.991310037959
0.0
0.0
0.0
0.0
0.0
0.0
0.0
0.0
0.0
0.0
0.0
0.0
0.0
0.0
0.0
0.0
0.0
0.0
0.0
0.0
0.0
0.0
0.0
0.0
0.0
0.0
0.0
0.0
0.0
0.0
0.0
0.0
0.0
0.0
-1.25255018297
-0.099570482126
-0.283222734636
0.975686709956
0.00639107835425
0.296833128574
-0.137684496703
-0.0392685347422
-0.0834106630487
0.350807625325
0.0527145334517
0.156662210532
0.505321096212
-0.352412212124
-0.0436620823931
0.743051114443
0.160804218774
-0.0226964510102
-0.0705626005721
-0.519040937939
0.000891194125919
-0.195824657288
0.0
0.0
0.0
0.0
-0.407486997203
-0.102881801424
0.76386608154
0.0039806459075
0.00255671853672
0.0388854671186
0.0
0.465333846278
0.0
-0.145571667266
-0.0859476771421
0.92151424531
-0.0103827067895
0.0394414002855
0.0
-0.0771318974525
0.0693074444585
0.00109634690042
-0.142015655675
0.138761471308
0.0
0.0
-0.31266273657
0.608275530053
0.222476576099
0.02112238783
0.0
0.0
0.0
-0.0295170284283
0.0254575659596
0.0
-0.241370643698
-0.29004592517
0.19399819981
0.378573657955
-0.387247281938
-0.0831764669146
6.05016418001e-05
0.0
-0.095588897037
0.0
-0.0641762620468
0.862939720942
0.410634393999
-0.0565634627997
0.0158294853001
0.0
0.461147761839
0.27389040329
0.0
0.346569914648
0.00304620437262
0.395525814726
0.0
0.0
0.562929056453
-0.270942598363
0.0
-0.148787227476
0.0
0.0
0.0
0.0349057097806
0.0
0.0268963229809
2.03848765005
0.219553268095
-0.063462264605
0.0
0.268634776385
0.0119000681316
0.0
-0.247546355636
-0.13111839668
0.0
0.206050686896
0.118430192695
-0.342502065377
0.0
0.0
0.0
0.0
1.37616526875
0.0
0.0
0.15766941809
0.0
0.0
-0.501767307516
-0.490822696982
0.573261595421
0.0105234503007
0.101106564014
0.0
0.0
0.0
0.0
0.0
0.0
0.0
0.0
0.0
0.0
1.26494681544
0.0
0.0
0.366748920299
0.0
-0.0727722110879
0.0
-0.151349984384
0.331123656282
1.97857435921
0.770370571653
0.0634752940951
0.0
0.106592883597
0.0
0.0
-0.393470521427
0.0
0.193038575251
0.0
0.0
0.0
-0.0460320971149
-0.828238132049
0.520662510922
0.00151065338926
0.0
0.219235294028
0.392304513637
0.545718778531
0.143967789771
0.0
0.0
0.234822804163
-0.175987262723
-0.385927825999
-0.0702175424103
0.0
0.0
0.0
0.0
-0.159525794697
0.748081633468
0.0175928213343
0.246426435968
-0.0628225511401
-0.0787182859432
0.0
-0.475437097267
0.00303017797348
0.0
0.27981516035
0.0
-0.0736752761741
-0.117393027269
-0.126818662793
0.0
-1.27920545232
-0.0631212803658
0.109580683636
0.0661323910425
0.140947274432
0.0
-0.435343946005
-0.0886077705169
-0.106327901282
-0.139209490427
0.0
0.0
0.30730884126
0.0
-0.156216883776
0.0
0.0
-0.239968687577
0.229348687043
-0.0678003574645
0.0
0.130579084856
0.0
0.0256907804162
-0.0249943847365
0.0
0.0950521471034
0.0
0.0
0.244346786963
-0.0983701735187
1.03870188624
0.0
0.0121043765285
1.10901430314
0.824291819052
0.57850966958
0.0
0.0
0.0
0.0903192750513
0.102845351988
0.0
0.0
0.0
0.0
0.0
0.0
0.33101667595
-0.0106509688745
1.13247297348
0.154636597507
0.137445263539
0.0806516657647
0.0
0.0460725469878
0.0
0.387138400096
-0.560691880158
0.0
0.431352449425
0.956887313912
-0.0977523274288
0.983074120846
0.277481536737
0.0
-0.920422588942
0.197731451337
-0.050133440644
0.883982976129
0.203780482485
-0.0618517637676
-0.135040370034
0.268221901416
-0.180434621795
-0.133556626325
-0.552041162025
3.74166207829
3.0779575723
0.469677130892
0.0
-0.0403941024929
0.132252725698
0.1902028539
-0.183619721503
0.0940087320076
0.0
-0.308948390394
-0.0884354438234
0.107013339336
0.00102993771889
-0.0956236507643
0.421534207593
0.0
0.0
0.0
0.0
0.327456780555
0.653076826016
0.0045568492155
-0.274926358396
-0.148015016599
0.190049124259
-0.109876509214
-0.154682066824
-0.10443256743
0.0
-0.0199724267018
0.0
-0.961453721757
0.112751880568
0.746119934452
0.0
-0.296978081879
0.0
-0.056944874195
0.0
0.0594070788848
0.0
-0.0991979338617
-0.165797824116
0.0430628391616
0.32544562809
0.0
-0.452438668276
0.958250886238
0.382285371434
-0.00659363260392
0.303864895075
0.033251011605
0.0
0.109284300218
0.158033259098
0.112377253136
0.0
0.0150032905623
0.188714450276
-0.136660647264
-0.0715585443341
-0.0526673720469
0.161191339741
0.0
0.0
0.841998964553
1.94678289001
0.431935680572
-0.127880366433
0.0177756193803
-0.105519779502
-0.15618000526
-0.0688906421114
-0.243047226286
0.621997348206
-0.0212634935881
0.0143786310719
0.0
-0.296424348523
0.391903684119
0.0
0.116109081866
0.0
0.0
0.0
-0.0114411442964
-0.0624434624959
0.0
-0.099571845779
0.0
0.0562904494566
-0.116759507073
0.258999445832
0.0
0.0
0.0
0.458678627304
0.0187197864784
0.240167752796
-0.149919797322
-0.0361627474359
0.0
-0.038583565892
0.0762057575971
0.0214424899205
0.0
0.148529236362
0.312930400667
0.0
-0.191340883396
0.195969342287
0.0
0.0
-0.0293848465532
-0.0661454421606
-0.0424415029853
0.0615883455116
-0.145546211336
0.0295816047858
1.55477624007
0.0
0.0
0.730556875515
1.70765697822
0.687900796024
0.452897738297
0.178248936934
0.0
0.0151891090581
0.0
0.0
0.0
0.0
0.0
0.0
-0.547106768398
-0.0286832216909
1.77106554005
0.311799111028
0.282695474936
0.0
0.0
0.0
0.0
0.542482730518
0.65348355572
0.0
0.119430341883
-0.00512314593428
0.20000968555
0.0
-0.0465189772781
0.145003084677
-0.0162083258559
0.0
0.0434126715147
0.0
0.0
0.4525752697
0.474252096984
0.00895141214097
0.0
0.108181408911
0.0
0.105723248686
0.0
-0.0529146854484
0.283235921941
0.0
-0.0219388884044
0.015670646287
-0.0807662467423
-0.0288894820736
-0.152165438964
-0.0264773860197
0.0
0.0
0.0
-0.603365042756
-0.116335191505
-0.0447627025336
0.0
0.069730944884
0.0
0.268364534065
0.0602563772836
0.108374919224
0.162486908136
0.158379938645
0.0
0.0
0.150819465086
0.8742045182
0.00255330567078
-0.0513965198903
-0.0814567784507
0.397184348688
-0.0498226752287
0.0
-0.193556524321
0.0
-0.430885538774
0.00839200342402
0.161270243318
0.0514507764006
0.018200369013
0.424824124422
-0.0893410176051
-0.0421949136508
0.0
-0.496059572998
0.484080988574
0.712289185916
0.0874908845132
0.137626019335
0.0
-0.331230663179
0.0
0.164447065707
0.00757735250247
0.271563965526
0.32705719394
0.0
0.0
0.468358317492
-0.027861425826
0.0663419792188
-0.00557401103304
-0.0330875469636
-0.221364760108
0.0
0.309644311521
0.0
-0.0468672107259
-0.108619791292
-0.0274011542001
-0.206355666563
0.552398211161
0.0
0.0
-0.208029274829
0.0
-0.0297677371605
0.0
0.0
0.00741415460515
0.394840347391
0.0
0.0
0.0
-0.0315827454454
0.0
0.0
0.0
0.0
-0.312827718351
3.55356031414
0.102388175488
-0.0555665587703
-0.0391266527988
-0.0235446214415
0.547176294117
-0.0199575052968
0.0
0.0
-1.33100975836
0.0827791064023
0.0
-0.669595666605
0.503742979762
-0.0149976590017
0.0
-0.0140173267501
0.410570208232
-0.0552364984139
0.0
-0.0102851273887
2.21622622189
0.386393403941
0.0
0.401803595363
1.06827774163
0.458325472413
0.011001124611
0.366962412008
0.788720054594
0.0
0.0
0.102492488436
0.000502215589567
0.0
0.0
0.0
0.0
0.0
0.0
0.0
0.0
-0.886443159901
1.23999937405
0.600654330167
-0.0387502095495
0.0
0.0
0.00559299157333
0.0
0.0
0.0
1.1863077712
0.0819898884309
0.206608095871
0.14334255553
-0.0944962261775
-0.157515924625
-0.0427184408257
0.000951212994524
-0.276020581012
0.0
0.0
-0.0115728838716
1.31475671124
3.34490465784
0.0
0.0
0.0922320976685
0.0225056235416
-0.147362131469
0.495144386043
-0.013290574721
-0.227115060449
-0.122356630092
0.0
0.0
-0.133738852458
1.20397210644
0.126691898205
0.0219495346984
-0.0987180669188
-0.0447812552649
0.810495857117
-0.019755061451
0.207077090241
0.0
0.0230870801148
1.02246267577
0.0239353376531
0.0
0.0
-0.0245631944013
0.0
0.319073961115
-0.0453775554023
0.623248694787
0.0
0.0
0.262397726565
1.92624809378
0.019694691989
0.623250554002
0.0
0.0
-0.290736735833
0.434846971821
-0.510090506597
-0.0340705949715
-0.0874840186983
-0.0136989270846
0.0
0.19597091245
0.0
0.0
0.630645350213
0.526972797589
0.616083566515
0.0
0.0
-0.143614991621
0.0655053411498
0.0
-0.00997372169477
0.162844922118
0.0
0.859996767403
0.0
0.0
-0.194733742419
0.0
0.0
0.267941477458
-0.0937846709189
-0.147430082324
-0.110047862939
-0.0497304224192
0.0
0.0571236760056
-0.252074325841
0.0
-0.0259437258993
-0.0637464072352
-0.0431517765602
0.163829424727
0.098483250211
0.462632411359
0.0241011488364
0.0
-0.324983583903
0.316814683304
0.0
-0.0254572433091
0.0161516165336
-0.052913954732
0.0
-0.461736162558
-0.0352637384678
-0.0244377079734
0.0
-1.7392922146
0.554875413857
-0.049614415538
0.0
0.0335113850857
-0.463187848899
1.15439828667
0.0
0.0
0.126998366388
0.0
0.114465481426
0.0
0.0679994343438
0.00199272210169
0.098374513835
0.0508968171847
0.119881707071
-0.276020581012
0.527953678236
0.0
0.0
1.06131085803
0.0
0.0
0.0
0.0
0.0
0.0
0.0
0.0
-0.139859381862
1.63027483635
1.52906119082
-0.00646258474596
0.0
0.0
0.0
0.0
1.35082045071
-0.0324932356618
0.0170480174575
-0.00580818187119
0.0
-0.0744074075824
1.03385183524
0.448335229202
0.0
-0.0022412969774
0.559137215139
0.10375675461
0.0
0.215775295952
-0.178563672838
0.122518145796
0.944923758953
-0.0187829896849
0.0
-0.0087751578263
-0.00206120049353
0.116661961224
0.339739816227
-0.107272577156
0.0
0.0
-0.592016877404
0.0528646646033
0.0
-0.0908554192859
0.113528923142
0.0
0.0618899159945
0.425410209668
0.0
2.0711257958
1.58577136888
0.0
-0.0105186291895
0.0626794412979
0.192073598364
-0.0563230742116
-0.0628528776463
-0.075331004778
-0.18935258914
0.402598622163
0.298740218183
0.0
-0.0396551645339
0.426001270968
0.119967217198
0.0
0.0
0.34270128553
0.0315696790233
0.0266406530387
0.0
-0.0557755376785
-0.0594177169165
0.0410638519211
0.000906027497839
0.0706956895942
0.0
0.582792911427
0.296640633718
-0.00929025328787
0.0070801955678
0.181979597401
0.59093589927
0.300504387898
0.0
-0.156045451413
-0.0976935584248
-0.0405971991005
0.0397703240351
-0.189447871138
0.0849762803999
0.0
0.0
0.0
-0.0303954974426
0.019351620802
-0.0111786463085
-0.0364722746623
0.0
0.00122747673851
0.506455120916
0.0
0.0622983775346
0.0
-0.0892154193937
-0.0280420998641
0.0
0.416583189867
-0.018116293595
0.0
0.103738653551
0.0
0.0366250209408
-0.138843129618
0.000759602032607
0.0
-0.0973258093679
0.0716870720541
0.0
0.656452311419
0.0
0.407145549095
0.0221830639378
0.0
0.479337606541
1.0788245103
0.0
0.0434126715147
0.0
0.0
0.0
0.0
0.0
0.0757652641142
0.523910176181
0.910820834403
0.0
0.0
0.0
-0.0212322853784
0.0
0.300105939386
0.0
0.0
0.0
-0.00871301468685
-0.00518495174539
0.0922322118629
0.0
0.361472366292
1.62629764869
-0.009184736824
0.0
0.0819503836737
-0.0455408657778
0.203594288614
1.06910366323
-0.921733468025
2.68186045141
0.28684501183
0.0
1.09870926725
-0.24899133988
-0.077672201709
0.0760257236821
0.00477428229907
-0.00675618985584
-0.0242909845538
0.0
0.0
-0.102938884383
0.831685652309
0.163570143515
-0.123166129357
-0.0292104175882
0.0
-0.454471277288
-0.103509862253
0.0
-0.0438710516541
-0.0375975043558
-0.0401860237361
-0.0379079145372
0.351458091439
0.0
-0.0269690744535
1.31966652256
0.00323756665332
0.189792521823
-0.0571968968304
0.0
-0.035044063327
0.0314624946503
0.0547088523731
0.0
0.0
-0.335050151159
0.0360827252814
0.0
0.0
0.0
-0.0104486995579
-0.133927548141
0.0
0.00290363542372
-0.0600713769082
0.0
3.10584856896
0.00287194379253
0.0
0.0501676220911
0.0
-0.0409021843283
-0.0865987096396
0.0
-0.0101415041315
0.264416035778
0.295579521573
-0.0151021985688
0.356223806146
-0.101163488737
-0.0510317477732
0.666605005593
-0.241023706832
0.0356022606504
-0.0452080862018
-0.724636862386
0.146205591451
-0.0364674316417
0.104116049701
-0.306309098908
-0.0123312900493
0.00269876092063
0.00133709888129
0.922365321841
0.0
0.0
0.0216577932345
0.0468088243532
0.0
0.0
0.0
0.0
-0.097144454541
1.99023513861
0.225203975151
0.0
0.0136843654058
0.0
1.46978244443
1.47752079036
-0.0418387310987
0.0787833631501
0.480218791924
-0.0538805988018
1.75011529262
-0.123166129357
0.0
-0.302413813538
1.03530540451
0.0
0.0880968012732
0.00160155388647
-0.0126864106577
-0.000831227500675
-0.0191702768879
0.406166267346
-0.131182724885
0.0
0.0
0.0
0.0
0.482412995383
0.927598599167
0.0202438120361
0.0
-0.0211920616524
0.0090816313671
0.151577075635
-0.0199001598625
0.0
-0.0416976745085
0.0743540080017
0.467311705996
0.0607605742342
-0.0280420998641
-0.0316373549403
0.0
0.00107496982479
-0.020694609036
-0.0468747471962
0.0
0.0
-0.528565789362
-0.188271073385
0.0252275604553
0.0
-0.0632953532851
-0.00826016716677
-0.0201408692172
0.105173353192
0.133975488456
0.0
0.180625391357
0.927399717773
0.225153647888
0.0
0.625117414987
-0.153031289767
-0.035941021434
0.0
0.320310169897
0.0
0.382029281139
0.199437682117
0.0
0.0
-0.0543865509254
0.00169874308147
0.0
0.581360401636
0.751845998164
-0.0871688346587
-0.0886405631442
-0.125772380728
0.19693997
-0.0472042808226
0.0
0.0
-0.758257798346
0.359444037687
-0.0262632342046
-0.0568094117222
0.0
0.00766693513884
-0.168347523563
0.0
-0.103694649102
0.146366437175
0.0
-0.954646847783
0.0504185687062
-0.0280368514096
0.00156706749993
-0.0221286940124
0.0
0.0
0.594829092
0.0
0.0
0.320237805063
0.0
0.28699511364
0.0
0.0
0.0
-0.307920824391
2.05307327073
-0.0456675598284
0.0
-0.111889511736
-0.132598640763
0.153973664834
0.0765739385106
0.0
-0.276020581012
0.0
0.088440196415
0.278264081884
-0.646604652009
-0.0692180208069
0.0670346776881
-0.108574659613
-0.244058681959
1.83977860742
-0.0157753834121
0.0065023646848
-0.0154183961861
0.289018004179
0.718425375383
0.103099115144
0.0544284015398
0.0
-0.148122327993
0.0
0.0
-0.22532776614
0.0
-0.142789440326
0.00271789681821
0.0
0.00208168234425
-0.53356863145
1.88597565478
0.0
0.0254202027684
0.131280820385
0.0
0.245576594324
-0.0662470306243
-0.00710170082715
-0.379957143401
1.43594122337
0.0
-0.0309913838627
0.0
0.0
0.423596658043
0.0257258036871
-0.0214772896687
-0.0141304453703
0.0
-0.00226697479404
0.0
0.0264075010758
0.0286988742707
0.0
0.131162887865
0.0458564524555
-0.656810791635
0.0
0.0
-0.0608655649111
-0.0791419260987
0.126789074383
0.0
-0.207782703541
3.08897828785
0.0209560275618
-0.0829400591753
0.648419704075
0.0
-0.0537011438502
-0.223229518496
4.28688706835
0.269535511186
0.0
0.0
0.0238848775671
0.0
0.0
0.0
0.0
0.0
0.0
0.0
0.193930831739
0.0
0.0261077662613
0.00317696004763
0.0914502600905
0.00481951320318
0.471587862256
0.0
0.575758926328
0.0
0.0
0.0
0.040589324507
-0.287941216355
0.0
0.0
0.0
0.0
0.252604947179
0.0
0.0
0.0
0.0
0.105588897604
0.0
0.0
0.0
0.137680467034
-0.00978821538552
0.0
1.26878983537
0.0
0.222848906258
0.588164256364
-0.137971697771
-0.111028731309
0.0837614119903
0.0
0.0179069076232
0.0
0.097141287846
0.0
0.0
0.0
0.0385889740226
0.0
0.0
0.0
0.0
0.0
0.0
0.0844717642414
0.0
0.0
-0.1112641642
0.0
0.0
0.0
0.0
0.0
0.0
-0.0692491731014
0.0
0.0
-0.0692491731014
0.247014388579
0.0
0.0
0.0
0.104297212587
0.0
0.278669014986
0.0
0.0
0.0
0.0
0.0451192989101
0.0
0.0
0.0
0.0
0.039571550602
0.039976713295
0.0
0.0
0.000534270652151
0.0
0.0
0.0420662683652
0.111827204097
0.00441682163229
0.327156494651
0.000559714186718
0.00461020574553
0.109114633554
0.0849453575045
-0.341997359187
0.491798229005
0.0
0.0
0.0
0.0
0.0
0.0
0.0
0.0
0.0
0.0
0.0
0.0
0.0
0.0
0.0
0.0
0.0
0.0
0.0
0.0
0.0
0.0
0.0
0.0
0.0
0.0
0.0
0.0
0.0
0.0
0.0
0.0
0.0
0.0
0.0
0.0
0.0218120456036
0.0951418628751
0.0
0.0
0.0
0.160096808173
0.0
0.81465390742
0.055212850778
0.0
0.324300725943
0.0
0.0
0.0
0.0
0.0
2.29869423264
0.0
1.03037170741
0.0580452698969
0.0
0.0
0.0
0.0
0.0644643714004
0.0
0.0
0.0
0.0387118277929
0.0
0.0
0.0
0.170287438675
0.0
0.0570135520892
0.0
0.00106477166835
0.975717099572
0.0
1.22810423722
0.0
0.314230136778
0.976636702257
0.205666915037
0.0
0.0085772953601
0.0
0.274746717613
0.128158374376
0.212806098131
0.0
0.0
0.0
0.0
0.0
0.0806680680723
0.118237869365
0.0
0.0
0.141410493116
0.0
0.0
0.0
0.0
0.0
0.0
0.0
0.00258788329972
0.0
-0.413008923266
0.0
0.0
0.320058084431
0.712855654119
-0.247019471764
0.0
0.0
0.00189906658331
0.0
0.0
0.0
0.0
0.0
0.0114473218677
0.0
-0.654497591557
0.0
0.0
0.0
0.0
2.73874318635
0.0
0.0
-0.0773158771487
0.0
0.0
0.0
0.0
0.0
0.0
0.0
0.0
0.0
0.0008472483376
0.0
0.0237142997679
0.0
0.0
0.00538699524609
-0.429854509512
0.0
0.0
0.0
0.00434083862495
0.0
0.0
0.160096808173
0.152149740374
-0.142879990849
0.0306608889525
0.0
-0.156871133252
0.0
0.0
0.0
0.0
0.354698147771
0.0
0.0
0.143676804145
0.0402089649928
0.0
0.0785156477309
0.218528303156
0.0
0.0
0.178896159885
0.0
0.0
0.0
0.000276079417368
0.0211429557167
0.0
0.0446211516324
0.0
0.0
-0.0361211353852
-0.0201944529745
0.0
0.0
-0.03193607359
0.0537302298907
0.0315291165357
0.0
0.0
0.00564963571194
-0.0371298906067
0.0
0.0
0.030591396803
0.0
0.0
0.00962123617317
0.0
0.0
0.0
0.0
0.191938552109
0.0
0.102541472092
0.0
0.0
0.0
0.0
0.0273528300885
0.0
0.0
0.0
0.0193052258337
0.446171265219
0.0403652370723
0.0
0.0
0.0
0.0
0.0
0.0
0.0
0.0
0.100788071255
0.416741910486
-0.257831728827
0.504967916315
0.0
0.0708795652398
0.0411284510061
0.0
0.0
0.0
0.0
-0.205938555301
0.157706955286
0.0372490095605
0.0
0.0
0.0
0.0
-0.372985224852
0.0373917025028
0.0747963582784
0.0
0.0
0.265035526683
0.0
0.0
0.0
0.0416994547626
0.00830972391705
-0.276020581012
0.0
0.0
0.104215935344
0.0
0.0
0.0524969366823
-0.0625258406347
0.0
0.0
0.0
0.00695052580699
0.0
0.0
0.128155510581
0.0
0.0165854583345
0.0
0.0
0.0
0.0
0.0
0.0966744173923
0.00187390762938
0.043049538394
0.08299656475
0.0
0.0
0.0
0.0245568561046
0.132202584689
0.126782648683
0.0
0.0
0.626727091567
0.0
0.0
0.109264151578
0.2964854312
0.0
0.00115021060491
0.486092132537
0.0300499936379
0.832838344111
0.0
0.153780149771
0.0333043826114
0.0
0.0841819829458
-0.0595167581341
0.0852902861187
0.649565403299
0.0788332152859
0.0
-1.36550224775
0.00452711101384
0.290814311292
0.0
0.0
0.0
0.0
0.0
-0.780796980781
0.0
0.792694435766
0.0
0.060533398218
0.0
0.0
0.0
0.0
0.0
0.0
-0.428429335981
0.0
0.0
0.0
0.0
0.013068873746
0.0
0.0801473614467
0.0
0.0
0.465458146284
0.0
0.0
0.0
0.0
0.0896822167084
0.0655592484088
0.0
0.0223115648997
0.0
0.0
0.0655592484088
-0.0532733784826
0.0
0.0
0.0
0.0
0.0
0.0
0.0230066561195
0.0
0.0
0.0
0.0
0.0
0.0
0.0550293666985
-0.265867540849
0.105975716851
0.0
0.157802018138
0.0372757346991
0.0212669663918
0.0
0.0108804570598
0.0
0.0273144668094
0.0
0.0
0.0139124256926
0.0611040922435
0.0
0.0
0.236377207077
-0.0157271372606
0.190630537632
0.0
0.0339518054344
0.0
0.0876946916648
0.00805064999199
0.212402902417
0.625894678435
0.0
0.0344939534697
0.0
0.0
0.0402226076847
-0.241095506104
0.0714362550725
1.73879003884
0.0
0.0
0.0241564680173
0.0
-0.301459002544
0.118239817701
0.0
-0.121671549299
0.0107739904922
0.0236045538767
0.0
0.0
0.0
0.0
0.0
0.872202694903
0.482410661808
0.0
0.0372256728158
0.0455253479781
-0.0803481696059
0.055738734521
0.0103058881675
0.0
-0.0494913735313
0.0
0.00506227483658
0.0
0.0
0.0
0.00198286545721
0.0
0.0310097067202
0.0
0.881552476433
0.0
0.0
0.0
0.0653346153966
0.0
-0.06938986115
0.0
0.0
0.0
0.0
-0.0959994484654
0.0
0.013068873746
0.0556812684883
0.0858539475009
0.0
0.0
0.240985932253
0.0
0.0
-0.224425417583
0.0
0.0
0.595770607793
0.0
0.0
-0.113673389669
0.0
0.0
-0.033953921228
0.00264382171761
0.0
0.0
0.0193052258337
0.0
0.0
0.0
0.848580873863
0.0
0.0
0.0171153851469
0.0
0.0
0.0168129414709
0.0840805249404
0.0
0.0
0.0
-0.681769591839
0.0
0.0442576268049
0.0
0.0
-0.0653321434092
0.0
0.0
0.0
-0.10798953862
0.0
0.0
0.610413450843
0.0
0.0
0.0
0.0
0.0
-0.0344008192265
0.0
0.0
-0.239576314859
0.0
0.239887416621
0.0986196718017
0.0540571161331
0.0
0.0316383574192
0.0
0.0
0.0244051664415
0.0
0.0
0.040589324507
0.0
0.0
0.0
0.0
0.0
0.0
0.506831040039
-0.195830116831
0.0
0.216214822883
0.0
0.0
0.0
0.0212118000274
0.0
0.0
0.0
0.141846715538
0.0275146833492
0.335610601082
0.0
0.0
0.0300101534826
0.0938508187649
0.0285999080511
0.0
0.0
0.0
0.0
0.0
0.0
0.0138785330782
-0.126287578334
0.0
-0.0359146437053
0.0
0.0746147363366
0.0779323379249
0.0743896831541
0.0807957591865
0.0152441796766
0.0
0.0
0.0
1.65810170233
0.0
-0.0730546847031
0.0
0.0
0.0
0.0
0.885005810451
0.0918786514872
-0.0955097691637
0.0
0.390386142719
1.16141995661
0.0
0.334807382212
0.0
0.0
0.0
0.00637864400192
0.0
0.0
0.125174989255
1.03913954663
0.0181952223621
0.0
0.00915354102847
0.0411284510061
-0.0974080722741
-0.13916542486
0.0
0.0
-1.05752850712
0.0434126715147
0.0
0.0
0.0294286914517
0.000307775010114
0.848186941438
0.0
0.0493677117886
0.0
0.0
0.0072664337557
0.0
0.00637864400192
0.0
0.0
0.0
0.0296109500064
0.380456042332
0.0
0.0
0.286297926738
0.0680005956192
0.0
0.0
0.0
-0.0720626873657
-0.276020581012
0.354339870983
0.0449936274158
-0.0664404100203
0.0
0.0906400142978
0.0
0.0
0.0
0.0
0.0
0.0
0.0
0.0
0.0
-0.147563947373
0.0
0.0
0.0
0.0
0.0774615724432
0.00233022410973
0.142490718268
0.179752872495
0.0
0.00977636000599
0.0
0.212088688769
0.0
0.100708232958
0.0
0.0
0.0556172625794
-0.00735341136295
0.00235682700288
-0.957110455221
0.0024056708087
0.0407924000097
0.0
0.0
0.0
-0.326191527467
0.0
0.0
0.0
0.00445171763838
0.0
0.0
0.0
0.0
0.0164538142135
0.0
0.0
0.0
0.0
0.0
0.0
0.0
0.0293432318089
0.0
0.0
0.0
0.0
0.374773642294
0.138087572807
0.00973359017154
0.0707518237411
0.0
0.0151712925062
0.312546833099
0.0
-0.128067273393
-0.0281501092588
0.0336710041447
-0.0564858457068
0.0
0.0
0.0
0.101222509076
0.0
0.815537723305
0.0
0.0528637703004
0.366970277803
0.0
0.893715151621
0.81727552476
0.0
0.0575656880643
0.0
0.0
0.0
0.646237370131
0.0
0.0
0.0
0.0
0.0
0.0
0.0
0.0876940848558
0.0919777428082
-0.39792418019
0.0395322028801
0.0152559597114
0.0
0.0
0.0
0.0
2.092803383
0.0186335290016
-0.0279651298308
0.0
-0.0341123265814
0.0103202983281
0.0
0.0
0.0
0.0
0.0320811624755
0.833705193244
0.0
0.0
0.0
0.0
-3.41831233695
0.173820934536
0.0
0.0
-0.301716546141
0.336468580437
0.0
0.0
0.337127632444
0.0291124836121
0.0
0.0
0.00181959982
0.361670448665
0.430161120408
0.0
0.0
0.494383996824
0.0
0.0
0.0
0.0
0.0
0.0
0.0
0.0
0.0
0.0
0.0
0.0
0.0
0.0
0.0
0.0
0.0
0.0
0.0
0.0
0.0
0.0
0.0
0.0
0.0
0.0
0.0
0.0
0.0
0.0
0.0
0.0
0.0
0.0
0.0
0.0
0.0
0.0
0.0
0.0
0.0
0.0
0.0
0.0
0.0
0.0
0.0
0.0
0.0
0.0
-0.276020581012
0.0
0.0559379040417
0.196247742621
0.0
0.0807611127389
0.0
-0.276020581012
0.0
0.0243048526976
0.0
0.946227670365
0.0
0.0435510352869
0.0
0.00953131361774
0.0578217778499
0.0
0.0
0.0
0.664008986912
0.0384251629733
0.0
0.0792892980699
0.0659003963706
0.294403054576
0.0
0.159438860451
0.268310616168
0.0
0.0
0.0229001095302
0.223738433706
0.111727935474
-0.10325259051
0.0
0.0
0.00538699524609
0.183637324955
0.0
0.0201013871341
0.0
0.0
0.101290530542
0.0
0.0
0.0
0.0
1.78496207687
0.0985098361704
0.0
0.628614860129
0.0
0.0971288394587
0.0
0.0
0.0
0.0
0.0
0.0
1.45776035133
-0.183299388995
0.0
0.0187596870549
0.0
0.0
0.0328360322637
0.0710541161426
-0.0297701608877
-0.0670020590431
-0.134753647149
0.0
-0.0128821789731
0.0
1.57634405096
0.202672222527
0.0
0.00553333648122
0.0
0.229533803085
0.0
0.0
0.0
0.0688855691365
0.0
0.0
0.0758712026014
0.0
0.0
0.224447830808
-0.182236639949
0.0
0.0545220032253
-0.0104670298741
0.0173319109396
0.00263174501937
0.0
0.0383795395735
0.0
1.23186642483
0.0
0.0501016689132
0.0
0.0
0.0160473695968
-0.05493808454
0.41467441002
0.230014069553
0.0462435190727
0.0
0.0
0.0232757349658
0.0
0.0
0.0136972997603
-0.0604529986694
0.0
0.0
0.0
0.0
0.0
0.0
0.0
0.0
0.0818366121931
0.613246559279
0.0
-0.0237186769336
0.0
0.849318728351
0.0
0.0691176887707
0.0
0.0
0.0
0.0
0.0
0.0530108200538
0.0805881031206
0.111116350864
0.0
0.0
0.0
0.0
0.0
0.0
0.147799002852
0.0
0.0
0.0
0.0
0.00830972391705
0.0
0.0290702775343
0.0
-0.0416630500411
0.0
0.0
0.0
0.0
0.0
0.0
0.0
0.0
0.305046081142
0.0529461349719
0.0
0.0
0.0
0.0
0.0
0.0
0.00584688456411
1.41264631499
0.278720348974
0.0501416364252
-0.0630327381755
0.0
0.0524192830604
0.0
-0.828061743037
0.129127328588
0.13724740266
0.133197840038
0.0
0.0
0.0311660164305
0.0
0.0
0.0133187567187
0.0
0.0145394695056
0.0324927962376
0.100664813564
0.173871930358
0.196921819798
-0.05493808454
0.0
0.0
0.0524969366823
0.0
0.0
0.0
0.791692066367
0.0
0.0680629215444
0.0136320306115
0.0
-0.000594671370695
0.0
0.0
0.0
0.0127818373261
0.0
0.27013248967
-0.949043705994
0.0
0.0
0.0
0.0939031839581
0.0
0.0
0.0
0.0
0.0
-0.47550607674
0.00400058359481
0.0762199493583
0.853897265082
0.232665953254
1.27504088348
0.663610097246
1.38996093868
-0.0156071693776
0.0
0.636551932532
0.0340485809507
0.0
0.0
0.0
0.0
0.0
0.0
0.0
0.0
0.273219102805
0.338449171151
0.278683114668
0.0
0.0
0.0
-0.0928791542074
0.240316276304
0.0655573252817
0.0
-0.0893250096779
0.0176011356831
0.983918237426
0.193191642551
0.561746424129
0.0
0.142016193871
0.0
0.0
0.0
0.259984145315
0.0
-0.09890037411
0.0
0.387774161945
-0.133128924471
0.0
1.31963537708
0.0
0.0
0.0
0.0
0.0
0.119507483666
0.517505019942
0.0
0.0731568703407
0.0
1.25486862577
0.0378909500751
0.146693598481
0.0
0.112474600671
-0.709773377697
0.0
-0.190136992747
0.0
0.0187596870549
0.0
0.0
0.0
0.0
0.0
0.0
0.0
0.0
0.0
0.0
0.165734346828
0.00113231786953
0.049826248249
0.0
0.0
-0.276020581012
-0.0607603730784
0.0373013928479
0.0584173625649
0.202481144347
0.07458104134
0.0
-0.145792890328
0.0586500408049
0.060416343767
0.0
0.0
0.597729779826
0.202800744186
0.453809037478
0.139499108093
-0.00328575171339
0.0
0.0
0.0
0.0
0.0
0.0
0.0
0.0265185073948
0.536914966193
1.42934786908
0.0
0.0159701521982
0.530112403109
-0.161038878752
0.0
3.39432682997
0.00449002459785
0.577073365216
0.0
0.0
0.0
0.0
0.0418519475354
0.422471087207
0.0
0.0
0.0
0.0
0.937581702784
0.0
0.0
0.436111078067
0.0
-0.270083280388
0.757010130682
0.0
1.09818038034
0.0
-0.169899079657
0.0
0.0
0.0
0.203889092571
0.0
0.00199477264165
0.00185907446135
0.0
0.0
0.0
0.0
0.0
0.0
0.00962123617317
0.0
0.215844637459
0.0827062494216
0.0
0.0
0.0
0.0
0.0
0.0
0.0
0.0
0.0
0.0
0.0
0.0
0.0
0.0
0.68307102949
0.0
0.0
0.0
0.0
0.0
0.0
0.0375475060572
0.0
0.556874819945
0.0
0.0
0.251753692755
0.0265686255647
0.0
0.0
0.0
0.0
0.0
0.0
0.0
0.0
0.0
0.0
0.0452130076877
0.0
0.0
0.0
0.0
0.157588584397
0.0
0.0396441580571
0.246691299041
0.0
0.0
0.0
0.0
0.0
0.356570052333
0.00599051420523
0.0
0.0
0.0
0.221579849963
0.0
0.0
0.0
0.0
0.0322272041298
0.0
0.0
0.0
0.0
0.0257198213204
0.0
-0.00210690114536
0.118718006843
0.0
0.0
-0.0225482675258
-0.00949419301822
0.110220424691
0.0620150042437
0.0
0.0223361346422
0.0
0.0
0.0273528300885
0.0
0.0
0.0
0.0849495675687
0.0
0.0
0.0
-0.0546261824144
0.0
0.0171214338791
0.0
0.0
0.0
0.0
0.0
0.0
0.275027516724
-0.531802255206
0.0
0.0
0.0
0.4384363241
0.0
0.319447068705
0.0
0.0
-1.10060381416
-0.727442768487
-0.0828281926362
0.0
0.0
0.351451973585
0.0
0.0
0.0
0.0
0.411131330071
0.191636182976
0.0
0.368913481517
0.0
0.0274960651004
0.680811500588
0.067182169443
-0.509256979432
-0.114581179088
0.0
0.883816233614
0.0846969252639
0.0
0.0
0.0
0.0
0.400088117369
0.0
2.09872398105
0.0
-0.224436148591
0.0
0.270371581875
0.0
0.0788180614183
0.0
0.0
0.0
0.177750017869
0.0
-0.0358933561569
-0.268734359077
0.0195599438527
0.0
-0.0981555034912
0.188745162112
0.0
0.0
0.0
0.0286494403998
0.242606605779
0.0
0.0
0.0
0.0
0.0
0.0220888301966
0.0
0.0127663347585
0.00807908354971
0.0157645582679
0.0515617461498
0.0526365773105
0.0
0.0
0.0580452698969
0.00791585761487
0.192899729136
0.0
0.0421886091176
0.0
0.0
0.158935679562
0.432529525133
0.0
0.0
0.757752932324
0.0
-0.0372122957309
0.0
0.0
0.129530200755
0.0304546893644
0.0
0.0
0.0
0.018787986086
0.274502990645
0.0
0.0
0.119180613375
0.0
0.0
0.129151847856
0.0
0.0
0.00882963202073
0.0
0.110594363071
0.0553005538202
0.0
0.240091583497
0.0
-0.10043360243
0.0791987679036
0.0
2.49116940047
0.0
0.0
0.0
-0.388622507633
-0.0999022522579
0.0275261639387
0.0
0.475192145949
0.0
0.0
0.0
0.0
0.0
-0.0493040118232
0.0
0.0
0.0
0.0
0.0
0.0728940489211
0.291193500644
0.0
-0.552041162025
0.0
0.0537293288079
0.114101386412
0.0
0.0
0.00249596917046
0.0
0.0436688790655
0.0
0.00794356101423
0.159970733161
0.660650323174
0.0
0.605447692457
0.169365823398
0.0
0.623833714553
0.202830861592
0.034692173488
0.0
0.0
0.0070982650078
0.0
0.0
0.0
0.0
0.0
0.157771545024
0.0
0.570869455816
1.84494891859
0.043678388308
-0.0485961742366
0.0968829056069
1.11650303313
0.496689013331
0.000281199281242
0.0
0.101950194804
0.0
0.0
-0.115342697406
0.0
0.00259864735651
0.0
0.749047263951
0.0
0.318854305674
0.0
0.0365429008132
0.0
0.0766546323456
0.0
0.0
0.93636723789
-0.114859146736
0.000846147243274
0.889052638077
0.0
0.564419969446
-0.298230194932
-0.0934253762641
0.0310127166858
0.0
0.0
0.0
0.0
0.0665900675333
0.0
0.0
-0.026843355949
0.0737900240814
0.0
-0.155842075045
0.0
0.0
0.0
-0.0692491731014
0.416524670662
0.0784684940538
0.113200541672
0.0314306815125
0.277408874924
0.0
0.0177335499697
0.0
0.0
0.275504939833
0.0189829562437
0.186787449821
0.0
0.0
1.34049437099
0.0945879925797
0.0
0.0
0.0
0.199383938381
-0.0965654928479
0.0677685615507
0.0712537121885
0.0711989930614
0.0
0.0
0.0
0.0
0.0
0.0
0.0120263096987
0.0
0.00780749190179
0.0578521021168
0.0
0.121467647629
0.0
0.0204914457152
0.0
0.0
0.0
-0.70884415333
0.0
0.0
0.0
0.0
0.743074546392
0.0
0.0
0.0
0.0
0.432640049545
0.0
0.0
0.0
0.0
0.0
0.263830562799
0.0
0.0
0.16295313683
0.16295313683
0.121313182799
0.0
-0.0971956734721
0.0
0.0
0.0
0.0
0.0322967114173
0.0
0.0
-0.0497664487789
-0.0201690542274
0.0
0.0217702178402
0.0
0.0
0.0
0.747626079108
0.251769999561
0.0142365031221
0.0
0.0
0.201717652755
0.0
0.339815657772
6.82360179058
0.997450010083
0.0
0.0
0.0
0.207115917431
0.0592938408371
0.0203238196639
-0.00400408406869
0.000687865310807
1.92007084082
0.969049162335
0.198153943042
0.510132231739
0.183144182382
0.00857859966882
0.0
0.0
0.0
0.0
0.220076374997
0.0
0.0
-0.276020581012
0.251344682094
0.0847854360337
0.0
0.0
0.0
0.0
0.0
0.0
0.0
1.84162724629
0.431057905059
0.0
0.0971288394587
0.00449002459785
0.0
0.0
0.572129052062
0.0
0.0353119432978
0.0
-0.1023960945
1.09274385699
0.0
0.0
-0.107469932938
1.19623040354
0.0
0.339628284123
0.931610709733
0.252790644267
0.245245462542
0.0
0.228190438797
0.0344939534697
0.213554431153
0.460569729853
0.0
0.0
0.863418035575
0.093149357055
0.0110356446453
0.0238412060019
0.247646457743
0.0
0.0
0.546175777664
0.0
0.0820712582446
0.0268140901673
0.143422428525
0.108333629732
0.0
0.0
0.148783760381
0.0
0.0
0.0
0.506690372035
0.0
0.298687677005
0.0
0.00089984330701
0.0128107874017
0.0
0.0
0.0274960651004
-0.552041162025
0.0
0.040589324507
0.325449206204
0.0
0.0
0.0
0.0
0.0
0.0
0.0
0.0639740693369
0.0
0.106370132279
0.0
0.0
0.0
0.0
0.0
0.0206084592954
0.0223655520935
0.0
0.0
0.0
0.0146343199223
0.0
0.0
0.0
0.14735702726
0.0
-0.0664882734197
0.082158584199
0.0389619513256
0.0
0.0
0.493125249083
0.0
0.0
0.0
0.0
0.00787869594768
0.0
0.0
0.0478920986988
0.0
0.323619326088
0.0181952223621
0.0809909855562
0.0
0.0
-0.138605652275
0.0
0.0
0.0
0.0057018225217
0.0
0.0
0.306866504473
0.350309318084
0.0344939534697
-2.3152419454
0.0
-0.337408587652
0.0
0.0
0.0
0.0
0.0
0.0
0.0
0.0
0.0
0.0
0.0
0.0
0.0
0.0
0.0
0.0
0.0
0.0
0.0
0.0
0.0
0.0
0.0
0.0
0.0
0.0
0.0
0.0
0.0
0.0
0.0
0.0
0.0
0.0
0.0
0.0
0.0
0.0
0.0
0.0
0.0
0.0
0.0
0.0
0.0
0.0
0.0
0.0
0.0
0.0
0.0
0.0
0.0
0.69212866199
0.0
0.851082697858
0.0117103503194
-2.02160715578
-0.280495473446
0.0773447222217
0.0
0.0
0.0
0.0
0.146630657987
0.0
0.0
-0.273071807395
0.0
0.0251683943868
0.0
0.00290420448075
0.0132949640558
0.0455293495827
0.0
0.0316383574192
0.448944153981
-0.0652931002336
-0.276020581012
0.0
0.149078886705
0.0
0.0
0.0
0.0
0.0898296656196
0.0
0.0962369387203
0.0
0.0
0.0
0.0
0.0
0.531395309064
0.06544237568
0.552465770802
0.139268449529
0.121621610836
0.0
0.0
0.0
0.0
0.0
0.0
0.0
-2.2657155991
0.0
0.0
0.0
0.0
0.371778717046
0.0193982004027
0.104993873365
5.80970901175
0.380371325237
0.000529131650778
0.0
0.0
0.0
0.0
0.0
0.0
0.0
0.0
0.0
0.0
0.0
0.0
0.0
0.0
0.0
0.300082056067
-0.096396838272
0.0
0.171086587287
0.0296801632109
0.019713189737
0.0716061828767
0.148217588552
0.105975716851
0.558941860724
0.0
0.0
-0.0376027029915
0.0
0.363157797086
0.0
0.0
0.176937522726
0.0311071314641
0.0
0.0
-0.47953400641
0.0
0.0
0.0816450668484
0.0
0.0
0.0
0.0
0.0
0.0247111774912
0.0
0.167850875498
0.0
0.0
0.0
0.00156178673373
0.0
0.0
0.0
0.0
0.0
0.0
0.0
0.0
0.0
0.157210104976
0.0
0.0
0.0
0.0
0.391540557359
0.146830825533
0.0
0.0
0.0
0.0
0.0
0.0
0.0121976517028
-0.0509929771895
0.0
0.0
0.0
0.0
0.0
0.238618434321
0.0
-0.0965654928479
-0.0203200336364
0.00299525710261
0.0
0.0
0.0
0.0451436050344
0.350404910822
0.0
0.0
0.0
0.00585940149946
0.0
0.0
0.182227180089
0.0
0.00207992585534
0.0
0.0
0.0
0.0645791220541
0.0
0.669320211646
0.0
0.0
-1.0029843097
0.0
0.0
0.0
0.0
0.495137022032
0.0108594794308
0.378907347554
0.0
0.106654756558
0.0
0.0
0.0
0.0
0.0
0.0
0.0
0.0
0.0
-0.276020581012
0.0
0.0
0.0
0.157322361434
0.184617052709
0.0
0.0
0.0
0.0
0.123460867515
0.030652083647
0.000559714186718
-0.159344775954
0.0
-0.0884666200135
0.0
0.0115271320361
0.0
0.0273144668094
0.0
0.0273144668094
0.644498113123
0.0
-0.00934326186742
0.0
0.0
0.0
0.0
0.0
0.214370550272
0.0
0.0
0.0
0.0
0.0
0.049427936789
0.0297960740533
0.24344704937
0.00446496946555
0.0
-0.00735341136295
0.0
0.0
0.526696661894
-0.238127161423
0.0
0.0
0.0
0.0
0.0
0.0
0.0623389350039
0.486602780651
0.0
0.0
0.0601575269855
0.0
0.0
0.0
0.0664099522705
0.0
0.121086227609
-0.247019471764
0.151890771918
0.76240985578
0.0
0.0
0.0
0.0
0.0
0.0
0.0
0.316953181743
0.0190713758913
0.0
0.0
0.0642501873339
0.0
0.0
0.0
0.0
0.0
1.57691279434
0.0308454381142
0.0
0.0
0.0
0.0
0.0177035466055
0.0
0.105665661125
0.0766546323456
0.0
0.0
0.0
0.00957991563196
0.0
0.13179564788
-0.218562594866
0.0
0.0
0.0
0.0
0.0
0.0
0.0
0.0
0.0
0.0
0.000657853389532
0.0
0.0
1.05542304949
0.0
0.0
0.0965359999614
0.269172985616
0.0
0.0
0.0
0.0365765290344
0.0
0.0
0.0
0.0332298777241
0.0
0.109626868118
0.707805419866
0.0
-0.132068267631
0.0
0.225660262015
0.093639364418
0.0
0.0
0.247224035953
0.329541321237
0.0
0.0
-0.18473647666
0.0976014644397
0.116716736029
0.135841038823
0.0
0.0
0.0623389350039
0.0
0.0
0.0
0.0
0.0
0.0
0.0
0.0
0.0
0.0
0.0341046956893
0.0
0.0
0.0
0.0
0.79428873793
0.0
0.0
0.0
0.0
0.0
0.0
0.0017909159238
-1.0235864559
0.0650226413482
0.0
0.0784037614135
0.321210394712
-0.0490720236981
0.0
0.0
4.81596533521
0.0
0.0
-0.00719729861961
0.0
0.0
0.0
0.10088090871
0.0224458973699
0.0
0.0111985473472
1.17298343845
0.0
0.0344939534697
0.0
0.116363960103
0.0
0.040589324507
0.185036328691
0.0
0.0
-0.0229102299721
0.0
-0.0403898101789
0.0
0.0671232708682
0.0
0.0
0.0
0.0592938408371
0.00124385869655
0.0258644890166
0.0
0.0
0.00164309994055
1.52436523039
0.0
1.21533228029
0.197103703491
0.0
0.0
0.0418519475354
0.0
0.438286312233
0.0
0.0
0.0441039074263
0.142697907575
0.0
0.0
0.0
0.0
0.0
0.0
0.0
0.0
0.0
0.0
0.0
0.0
0.0
0.152575679043
0.13358216067
0.0
0.0
0.0
0.0
0.415426434192
0.0017909159238
0.0
0.0725502017708
0.0
-0.0965654928479
0.040589324507
0.0
0.0
1.509068221
0.0
-0.0353629827077
0.0
0.413174828982
0.530317128904
-0.0177109145404
0.502573964977
0.0
0.0575950966656
0.0
0.00131300782311
0.0
0.0
-0.063187709274
0.533505353328
0.0237894485327
0.0861339857714
0.0
0.0
0.0
0.0
0.0
0.0
0.0
0.0174570013242
0.0
0.0
0.105562347686
0.0764874650737
0.0
0.0
0.0
0.228149804847
0.0
0.0
0.0
0.0631292597782
0.0
0.0805934648809
0.0
0.0
0.0
0.0913680077614
0.0204914457152
0.187610309156
0.0
0.0
0.767528836501
0.0971288394587
0.0
0.0294743646696
0.096006059131
0.146642564573
0.281221684834
0.0
0.0
0.0
0.0
0.52616846336
0.0
0.229552222217
-0.00197942285013
0.0
0.0
0.0
0.0179069076232
0.0
0.66693224938
0.123317555652
0.0
0.0170883884213
0.154020820334
0.0
0.0550900642245
-0.0157271372606
0.0
0.0
0.0
0.0475550200932
0.0
0.0
-0.226334915136
0.0
0.0
0.0
0.0885471967781
0.0
0.0
0.0
0.056311018051
0.0376376834417
0.0
0.0846969252639
0.146599878121
0.0
0.0
0.0
0.0
0.265670228073
0.0557532886027
0.365496949217
0.0
-0.816832613872
0.011281858995
-0.218146376206
0.0559620607087
0.153406913378
0.0
0.0
0.0
0.0665438932133
0.0
0.865650070186
0.0104163001208
0.0
0.157803899528
0.0480237100044
0.640756610527
0.199498748399
0.0
0.0
0.0663313699331
0.0
0.0
0.0083039221001
0.0
0.0
0.0
0.0
0.0
-0.561693212623
0.330857180071
0.0
0.0
0.0119810284105
-0.0460653828438
0.0
0.0
0.00804141091693
0.0236825624674
0.121870754827
0.0
0.0
0.0
0.0319744488866
0.0
0.0470504927273
-0.025297556057
0.0
0.0944004900069
0.0
-0.0518909758396
0.027076731532
0.221512078241
0.0
0.445076395354
0.0
1.81523375092
0.0
0.0379293512459
-0.0667432624656
0.0
0.0
0.0835550785
0.0922580699645
0.1554138637
0.0
0.0
0.0
0.0
0.0947406326406
0.0273144668094
0.0
5.80970901175
-0.552041162025
0.0
0.0
0.0
0.0
0.0
0.0
0.0
1.27868525634
0.0
0.0
0.0
0.00497416023858
0.0493538560855
0.129224397285
-0.601360303146
0.078720979038
0.0
0.563039436498
0.0
0.0684383694472
0.0101971322677
0.0
0.107639236886
0.0
0.0462189363136
0.0
-0.0664787981691
0.0443537707014
0.0
0.0
0.0
0.0
0.0
0.0430914632405
0.142397986123
0.0
0.0
0.0
0.0
0.0
0.0
0.0
0.0
0.0
0.0
0.112538516993
0.0
0.0
0.0
0.0621175873462
0.0509846038319
0.115140942534
0.0
0.387255368771
0.0
0.0
0.0342068133973
0.0
0.123768809214
-0.00930639764922
0.0
0.193562524781
-0.12085983844
0.0
0.186828876071
0.0
0.0
0.0
0.0177879800876
0.0
0.320258036355
-0.552041162025
0.0
0.0897294454045
0.0
0.0
0.0
0.0
0.0
0.11484576213
0.0
0.192308477869
0.0
0.552077172863
0.0
0.0
0.0
0.0017909159238
0.0
0.0
0.0
1.00426751104
0.0
-0.0166143107576
0.425288836318
0.0341705194954
0.10710733395
-0.0182904907235
0.0
0.0
0.0
0.108968094967
0.34573456421
0.0
1.11082575939
0.0
0.0
0.0917137149951
-0.0425441059711
0.0
0.0
0.0
0.199479335787
-0.0384006755693
0.216695899333
0.0
0.0
0.0
0.0
0.0
0.0
0.0
0.234574884651
0.0
-0.150679555806
0.0
0.0
0.0
0.0
0.517281098313
0.00940470182034
0.0
0.0
0.106323093415
0.976769325127
0.0
0.0
0.0
0.0
0.216522295591
0.0
0.00379552277994
0.000281287245164
0.0
10.831600244
0.0
0.0
0.0496562192105
0.0
0.0
0.0
0.0
0.0
0.0
0.31734660094
0.0
0.144809091727
0.167816993514
0.0902573196028
0.0
0.168589473268
0.115027076581
0.0
0.0
-0.0107959479294
0.0
0.0
0.0
0.0
0.0
0.0104113270278
0.0217775833986
0.0
0.0
0.0
0.0
0.0
0.0
0.0625085801451
0.0
0.180101667415
0.373683997792
0.0
0.0622074492284
0.136611534224
0.0
0.0
0.0
0.625061168355
0.0
0.0525295281323
0.0291519013454
0.534369475922
-1.73196408241
0.0371202743439
0.0
0.100643267697
0.0
0.0798545392433
0.140325797705
0.0
0.0
0.0444233346069
0.324213235779
1.92401807091
-0.101601559632
-0.0198061034382
0.0
0.260578495231
0.0781793504951
0.0
0.189786240299
0.537989732524
-0.0304988259043
0.0
0.0
0.568663628502
-0.167604856287
0.0
0.0
1.7713061599
0.0
0.0467752659016
0.0177164288956
0.0
0.240705963762
0.0
-0.0317759620371
0.0
0.188090598339
0.395856786164
0.0
0.0
0.0
0.0
0.0
0.171251949226
0.0
0.0
0.0
0.747132475254
0.0
0.0
0.0
0.0310905833954
0.0
0.167549572184
-0.371339559529
0.0651350533596
0.00599804136228
0.198857050417
-0.10727942719
0.0
0.0
0.335489327612
0.0
0.0
0.0
0.0
0.0
0.0
0.251504987912
0.0
0.0
1.58202253395
0.0
0.37727836391
0.0
0.0
0.0320863023449
0.0
0.0
0.0
0.145748628767
0.0
0.0
0.552869695086
0.390126595503
0.0628724045322
0.0
1.05461750854
0.153970791121
0.00913176062892
0.0
0.0
0.306282570138
0.0
0.0
0.0
0.0
0.0
0.0
0.0220360794528
0.0
0.0474362862519
0.0
-0.0248054952476
0.0
0.176736645356
0.0524969366823
0.193649189665
0.111351740136
0.0225399540283
0.0
-0.0436637549403
0.0
0.0
0.0
0.965412461721
1.48054191656
0.173306784415
0.333156347717
0.548553338757
0.0
0.0
0.0
0.050294702555
0.0
0.222121113707
0.019801929302
0.0
0.0
0.0
0.0
-0.04703025643
0.0237905400271
0.0
0.0
0.190957407803
0.0
0.0
0.0602130644345
0.0
0.0
0.0
0.0
0.0
0.0
0.0
0.0
0.0
-0.141945038743
0.0
0.121573495664
0.671277244262
0.0
0.0
0.0
0.0
0.0
0.0
0.0
0.0
0.0
0.0
0.0
0.0
0.0
0.0
0.0
0.0
0.0
0.0
0.0
0.0
0.0
0.0
0.0
0.0
0.0
0.0
0.0
0.0
0.0
0.0
0.0
0.0
0.0
0.0
0.0
0.0
0.0
0.0
0.0
0.0
0.0
0.0
0.0
0.0
0.0
0.0
0.0
0.0
0.0
0.0
0.0
0.0
0.0
0.0
0.0
0.0
0.0
0.0
0.0
0.0
0.0
0.0
0.0
0.0
0.0
0.0
0.0
0.0
0.0
0.0
0.0
0.0
0.0
0.0
0.0
0.0
0.0
0.0
0.0
0.0
0.0
0.0
0.0
0.0
0.0
0.0
0.0
0.0
0.0
0.0
0.0
0.0
0.0
0.0
0.0
0.0
0.0
0.0
0.0
0.0
0.0
0.0
0.0
0.0
0.0
0.0
0.0
0.0
0.0
0.0
0.0
0.0
0.0
0.0
0.0
0.0
0.0
0.0
0.0
0.0
0.0
0.0
0.0
0.0
0.0
0.0
0.0
0.0
0.0
0.0
0.0
0.0
0.0
0.0
0.0
0.0
0.0
0.0
0.0
0.0
0.0
0.0
0.0
0.0
0.0
0.0
0.0
0.0
0.0
0.0
0.0
0.0
0.0
0.0
0.0
0.0
0.0
0.0
0.0
0.0
0.0
0.0
0.0
0.0
0.0
0.0
0.0
0.0
0.0
0.0
0.0
0.0
0.0
0.0
0.0
0.0
0.0
0.0
0.0
0.0
0.0
0.0
0.0
0.0
0.0
0.0
0.0
0.0
0.0
0.0
0.0
0.0
0.0
0.0
0.0
0.0
0.0
0.0
0.0
0.0
0.0
0.0
0.0
0.0
0.0
0.0
0.0
0.0
0.0
0.0
0.0
0.0
0.0
0.0
0.0
0.0
0.0
0.0
0.0
0.0
0.0
0.0
0.0
0.0
0.0
0.0
0.0
0.0
0.0
0.0
0.0
0.0
0.0
0.0
0.0
0.0
0.0
0.0
0.0
0.0
0.0
0.0
0.0
0.0
0.0
0.0
0.0
0.0
0.0
0.0
0.0
0.0
0.0
0.0
0.0
0.0
0.0
0.0
0.0
0.0
0.0
0.0
0.0
0.0
0.0
0.0
0.0
0.0
0.0
0.0
0.0
0.0
0.0
0.0
0.0
0.0
0.0
0.0
0.0
0.0
0.0
0.0
0.0
0.0
0.0
0.0
0.0
0.0
0.0
0.0
0.0
0.0
0.0
0.0
0.0
0.0
0.0
0.0
0.0
0.0
0.0
0.0
0.0
0.0
0.0
0.0
0.0
0.0
0.0
0.0
0.0
0.0
0.0
0.0
0.0
0.0
0.0
0.0
0.0
0.0
0.0
0.0
0.0
0.0
0.0
0.0
0.0
0.0
0.0
0.0
0.0
0.0
0.0
0.0
0.0
0.0
0.0
0.0
0.0
0.0
0.0
0.0
0.0
0.0
0.0
0.0
0.0
0.0
0.0
0.0
0.0
0.0
0.0
0.0
0.0
0.0
0.0
0.0
0.0
0.0
0.0
0.0
0.0
0.0
0.0
0.0
0.0
0.0
0.0
0.0
0.0
0.0
0.0
0.0
0.0
0.0
0.0
0.0
0.0
0.0
0.0
0.0
0.0
0.0
0.0
0.0
0.0
0.0
0.0
0.0
0.0
0.0
0.0
0.0
0.0
0.0
0.0
0.0
0.0
0.0
0.0
0.0
0.0
0.0
0.0
0.0
0.0
0.0
0.0
0.0
0.0
0.0
0.0
0.0
0.0
0.0
0.0
0.0
0.0
0.0
0.0
0.0
0.0
0.0
0.0
0.0
0.0
0.0
0.0
0.0
0.0
0.0
0.0
0.0
0.0
0.0
0.0
0.0
0.0
0.0
0.0
0.0
0.0
0.0
0.0
0.0
0.0
0.0
0.0
0.0
0.0
0.0
0.0
0.0
0.0
0.0
0.0
0.0
0.0
0.0
0.0
0.0
0.0
0.0
0.0
0.0
0.0
0.0
0.0
0.0
0.0
0.0
0.0
0.0
0.0
0.0
0.0
0.0
0.0
0.0
0.0
0.0
0.0
0.0
0.0
0.0
0.0
0.0
0.0
0.0
0.0
0.0
0.0
0.0
0.0
0.0
0.0
0.0
0.0
0.0
0.0
0.0
0.0
0.0
0.0
0.0
0.0
0.0
0.0
0.0
0.0
0.0
0.0
0.0
0.0
0.0
0.0
0.0
0.0
0.0
0.0
0.0
0.0
0.0
0.0
0.0
0.0
0.0
0.0
0.0
0.0
0.0
0.0
0.0
0.0
0.0
0.0
0.0
0.0
0.0
0.0
0.0
0.0
0.0
0.0
0.0
0.0
0.0
0.0
0.0
0.0
0.0
0.0
0.0
0.0
0.0
0.0
0.0
0.0
0.0
0.0
0.0
0.0
0.0
0.0
0.0
0.0
0.0
0.0
0.0
0.0
0.0
0.0
0.0
0.0
0.0
0.0
0.0
0.0
0.0
0.0
0.0
0.0
0.0
0.0
0.0
0.0
0.0
0.0
0.0
0.0
0.0
0.0
0.0
0.0
0.0
0.0
0.0
0.0
0.0
0.0
0.0
0.0
0.0
0.0
0.0
0.0
0.0
0.0
0.0
0.0
0.0
0.0
0.0
0.0
0.0
0.0
0.0
0.0
0.0
0.0
0.0
0.0
0.0
0.0
0.0
0.0
0.0
0.0
0.0
0.0
0.0
0.0
0.0
0.0
0.0
0.0
0.0
0.0
0.0
0.0
0.0
0.0
0.0
0.0
0.0
0.0
0.0
0.0
0.0
0.0
0.0
0.0
0.0
0.0
0.0
0.0
0.0
0.0
0.0
0.0
0.0
0.0
0.0
0.0
0.0
0.0
0.0
0.0
0.0
0.0
0.0
0.0
0.0
0.0
0.0
0.0
0.0
0.0
0.0
0.0
0.0
0.0
0.0
0.0
0.0
0.0
0.0
0.0
0.0
0.0
0.0
0.0
0.0
0.0
0.0
0.0
0.0
0.0
0.0
0.0
0.0
0.0
0.0
0.0
0.0
0.0
0.0
0.0
0.0
0.0
0.0
0.0
0.0
0.0
0.0
0.0
0.0
0.0
0.0
0.0
0.0
0.0
0.0
0.0
0.0
0.0
0.0
0.0
0.0
0.0
0.0
0.0
0.0
0.0
0.0
0.0
0.0
0.0
0.0
0.0
0.0
0.0
0.0
0.0
0.0
0.0
0.0
0.0
0.0
0.0
0.0
0.0
0.0
0.0
0.0
0.0
0.0
0.0
0.0
0.0
0.0
0.0
0.0
0.0
0.0
0.0
0.0
0.0
0.0
0.0
0.0
0.0
0.0
0.0
0.0
0.0
0.0
0.0
0.0
0.0
0.0
0.0
0.0
0.0
0.0
0.0
0.0
0.0
0.0
0.0
0.0
0.0
0.0
0.0
0.0
0.0
0.0
0.0
0.0
0.0
0.0
0.0
0.0
0.0
0.0
0.0
0.0
0.0
0.0
0.0
0.0
0.0
0.0
0.0
0.0
0.0
0.0
0.0
0.0
0.0
0.0
0.0
0.0
0.0
0.0
0.0
0.0
0.0
0.0
0.0
0.0
0.0
0.0
0.0
0.0
0.0
0.0
0.0
0.0
0.0
0.0
0.0
0.0
0.0
0.0
0.0
0.0
0.0
0.0
0.0
0.0
0.0
0.0
0.0
0.0
0.0
0.0
0.0
0.0
0.0
0.0
0.0
0.0
0.0
0.0
0.0
0.0
0.0
0.0
0.0
0.0
0.0
0.0
0.0
0.0
0.0
0.0
0.0
0.0
0.0
0.0
0.0
0.0
0.0
0.0
0.0
0.0
0.0
0.0
0.0
0.0
0.0
0.0
0.0
0.0
0.0
0.0
0.0
0.0
0.0
0.0
0.0
0.0
0.0
0.0
0.0
0.0
0.0
0.0
0.0
0.0
0.0
0.0
0.0
0.0
0.0
0.0
0.0
0.0
0.0
0.0
0.0
0.0
0.0
0.0
0.0
0.0
0.0
0.0
0.0
0.0
0.0
0.0
0.0
0.0
0.0
0.0
0.0
0.0
0.0
0.0
0.0
0.0
0.0
0.0
0.0
0.0
0.0
0.0
0.0
0.0
0.0
0.0
0.0
0.0
0.0
0.0
0.0
0.0
0.0
0.0
0.0
0.0
0.0
0.0
0.0
0.0
0.0
0.0
0.0
0.0
0.0
0.0
0.0
0.0
0.0
0.0
0.0
0.0
0.0
0.0
0.0
0.0
0.0
0.0
0.0
0.0
0.0
0.0
0.0
0.0
0.0
0.0
0.0
0.0
0.0
0.0
0.0
0.0
0.0
0.0
0.0
0.0
0.0
0.0
0.0
0.0
0.0
0.0
0.0
0.0
0.0
0.0
0.0
0.0
0.0
0.0
0.0
0.0
0.0
0.0
0.0
0.0
0.0
0.0
0.0
0.0
0.0
0.0
0.0
0.0
0.0
0.0
0.0
0.0
0.0
0.0
0.0
0.0
0.0
0.0
0.0
0.0
0.0
0.0
0.0
0.0
0.0
0.0
0.0
0.0
0.0
0.0
0.0
0.0
0.0
0.0
0.0
0.0
0.0
0.0
0.0
0.0
0.0
0.0
0.0
0.0
0.0
0.0
0.0
0.0
0.0
0.0
0.0
0.0
0.0
0.0
0.0
0.0
0.0
0.0
0.0
0.0
0.0
0.0
0.0
0.0
0.0
0.0
0.0
0.0
0.0
0.0
0.0
0.0
0.0
0.0
0.0
0.0
0.0
0.0
0.0
0.0
0.0
0.0
0.0
0.0
0.0
0.0
0.0
0.0
0.0
0.0
0.0
0.0
0.0
0.0
0.0
0.0
0.0
0.0
0.0
0.0
0.0
0.0
0.0
0.0
0.0
0.0
0.0
0.0
0.0
0.0
0.0
0.0
0.0
0.0
0.0
0.0
0.0
0.0
0.0
0.0
0.0
0.0
0.0
0.0
0.0
0.0
0.0
0.0
0.0
0.0
0.0
0.0
0.0
0.0
0.0
0.0
0.0
0.0
0.0
0.0
0.0
0.0
0.0
0.0
0.0
0.0
0.0
0.0
0.0
0.0
0.0
0.0
0.0
0.0
0.0
0.0
0.0
0.0
0.0
0.0
0.0
0.0
0.0
0.0
0.0
0.0
0.0
0.0
0.0
0.0
0.0
0.0
0.0
0.0
0.0
0.0
0.0
0.0
0.0
0.0
0.0
0.0
0.0
0.0
0.0
0.0
0.0
0.0
0.0
0.0
0.0
0.0
0.0
0.0
0.0
0.0
0.0
0.0
0.0
0.0
0.0
0.0
0.0
0.0
0.0
0.0
0.0
0.0
0.0
0.0
0.0
0.0
0.0
0.0
0.0
0.0
0.0
0.0
0.0
0.0
0.0
0.0
0.0
0.0
0.0
0.0
0.0
0.0
0.0
0.0
0.0
0.0
0.0
0.0
0.0
0.0
0.0
0.0
0.0
0.0
0.0
0.0
0.0
0.0
0.0
0.0
0.0
0.0
0.0
0.0
0.0
0.0
0.0
0.0
0.0
0.0
0.0
0.0
0.0
0.0
0.0
0.0
0.0
0.0
0.0
0.0
0.0
0.0
0.0
0.0
0.0
0.0
0.0
0.0
0.0
0.0
0.0
0.0
0.0
0.0
0.0
0.0
0.0
0.0
0.0
0.0
0.0
0.0
0.0
0.0
0.0
0.0
0.0
0.0
0.0
0.0
0.0
0.0
0.0
0.0
0.0
0.0
0.0
0.0
0.0
0.0
0.0
0.0
0.0
0.0
0.0
0.0
0.0
0.0
0.0
0.0
0.0
0.0
0.0
0.0
0.0
0.0
0.0
0.0
0.0
0.0
0.0
0.0
0.0
0.0
0.0
0.0
0.0
0.0
0.0
0.0
0.0
0.0
0.0
0.0
0.0
0.0
0.0
0.0
0.0
0.0
0.0
0.0
0.0
0.0
0.0
0.0
0.0
0.0
0.0
0.0
0.0
0.0
0.0
0.0
0.0
0.0
0.0
0.0
0.0
0.0
0.0
0.0
0.0
0.0
0.0
0.0
0.0
0.0
0.0
0.0
0.0
0.0
0.0
0.0
0.0
0.0
0.0
0.0
0.0
0.0
0.0
0.0
0.0
0.0
0.0
0.0
0.0
0.0
0.0
0.0
0.0
0.0
0.0
0.0
0.0
0.0
0.0
0.0
0.0
0.0
0.0
0.0
0.0
0.0
0.0
0.0
0.0
0.0
0.0
0.0
0.0
0.0
0.0
0.0
0.0
0.0
0.0
0.0
0.0
0.0
0.0
0.0
0.0
0.0
0.0
0.0
0.0
0.0
0.0
0.0
0.0
0.0
0.0
0.0
0.0
0.0
0.0
0.0
0.0
0.0
0.0
0.0
0.0
0.0
0.0
0.0
0.0
0.0
0.0
0.0
0.0
0.0
0.0
0.0
0.0
0.0
0.0
0.0
0.0
0.0
0.0
0.0
0.0
0.0
0.0
0.0
0.0
0.0
0.0
0.0
0.0
0.0
0.0
0.0
0.0
0.0
0.0
0.0
0.0
0.0
0.0
0.0
0.0
0.0
0.0
0.0
0.0
0.0
0.0
0.0
0.0
0.0
0.0
0.0
0.0
0.0
0.0
0.0
0.0
0.0
0.0
0.0
0.0
0.0
0.0
0.0
0.0
0.0
0.0
0.0
0.0
0.0
0.0
0.0
0.0
0.0
0.0
0.0
0.0
0.0
0.0
0.0
0.0
0.0
0.0
0.0
0.0
0.0
0.0
0.0
0.0
0.0
0.0
0.0
0.0
0.0
0.0
0.0
0.0
0.0
0.0
0.0
0.0
0.0
0.0
0.0
0.0
0.0
0.0
0.0
0.0
0.0
0.0
0.0
0.0
0.0
0.0
0.0
0.0
0.0
0.0
0.0
0.0
0.0
0.0
0.0
0.0
0.0
0.0
0.0
0.0
0.0
0.0
0.0
0.0
0.0
0.0
0.0
0.0
0.0
0.0
0.0
0.0
0.0
0.0
0.0
0.0
0.0
0.0
0.0
0.0
0.0
0.0
0.0
0.0
0.0
0.0
0.0
0.0
0.0
0.0
0.0
0.0
0.0
0.0
0.0
0.0
0.0
0.0
0.0
0.0
0.0
0.0
0.0
0.0
0.0
0.0
0.0
0.0
0.0
0.0
0.0
0.0
0.0
0.0
0.0
0.0
0.0
0.0
0.0
0.0
0.0
0.0
0.0
0.0
0.0
0.0
0.0
0.0
0.0
0.0
0.0
0.0
0.0
0.0
0.0
0.0
0.0
0.0
0.0
0.0
0.0
0.0
0.0
0.0
0.0
0.0
0.0
0.0
0.0
0.0
0.0
0.0
0.0
0.0
0.0
0.0
0.0
0.0
0.0
0.0
0.0
0.0
0.0
0.0
0.0
0.0
0.0
0.0
0.0
0.0
0.0
0.0
0.0
0.0
0.0
0.0
0.0
0.0
0.0
0.0
0.0
0.0
0.0
0.0
0.0
0.0
0.0
0.0
0.0
0.0
0.0
0.0
0.0
0.0
0.0
0.0
0.0
0.0
0.0
0.0
0.0
0.0
0.0
0.0
0.0
0.0
0.0
0.0
0.0
0.0
0.0
0.0
0.0
0.0
0.0
0.0
0.0
0.0
0.0
0.0
0.0
0.0
0.0
0.0
0.0
0.0
0.0
0.0
0.0
0.0
0.0
0.0
0.0
0.0
0.0
0.0
0.0
0.0
0.0
0.0
0.0
0.0
0.0
0.0
0.0
0.0
0.0
0.0
0.0
0.0
0.0
0.0
0.0
0.0
0.0
0.0
0.0
0.0
0.0
0.0
0.0
0.0
0.0
0.0
0.0
0.0
0.0
0.0
0.0
0.0
0.0
0.0
0.0
0.0
0.0
0.0
0.0
0.0
0.0
0.0
0.0
0.0
0.0
0.0
0.0
0.0
0.0
0.0
0.0
0.0
0.0
0.0
0.0
0.0
0.0
0.0
0.0
0.0
0.0
0.0
0.0
0.0
0.0
0.0
0.0
0.0
0.0
0.0
0.0
0.0
0.0
0.0
0.0
0.0
0.0
0.0
0.0
0.0
0.0
0.0
0.0
0.0
0.0
0.0
0.0
0.0
0.0
0.0
0.0
0.0
0.0
0.0
0.0
0.0
0.0
0.0
0.0
0.0
0.0
0.0
0.0
0.0
0.0
0.0
0.0
0.0
0.0
0.0
0.0
0.0
0.0
0.0
0.0
0.0
0.0
0.0
0.0
0.0
0.0
0.0
0.0
0.0
0.0
0.0
0.0
0.0
0.0
0.0
0.0
0.0
0.0
0.0
0.0
0.0
0.0
0.0
0.0
0.0
0.0
0.0
0.0
0.0
0.0
0.0
0.0
0.0
0.0
0.0
0.0
0.0
0.0
0.0
0.0
0.0
0.0
0.0
0.0
0.0
0.0
0.0
0.0
0.0
0.0
0.0
0.0
0.0
0.0
0.0
0.0
0.0
0.0
0.0
0.0
0.0
0.0
0.0
0.0
0.0
0.0
0.0
0.0
0.0
0.0
0.0
0.0
0.0
0.0
0.0
0.0
0.0
0.0
0.0
0.0
0.0
0.0
0.0
0.0
0.0
0.0
0.0
0.0
0.0
0.0
0.0
0.0
0.0
0.0
0.0
0.0
0.0
0.0
0.0
0.0
0.0
0.0
0.0
0.0
0.0
0.0
0.0
0.0
0.0
0.0
0.0
0.0
0.0
0.0
0.0
0.0
0.0
0.0
0.0
0.0
0.0
0.0
0.0
0.0
0.0
0.0
0.0
0.0
0.0
0.0
0.0
0.0
0.0
0.0
0.0
0.0
0.0
0.0
0.0
0.0
0.0
0.0
0.0
0.0
0.0
0.0
0.0
0.0
0.0
0.0
0.0
0.0
0.0
0.0
0.0
0.0
0.0
0.0
0.0
0.0
0.0
0.0
0.0
0.0
0.0
0.0
0.0
0.0
0.0
0.0
0.0
0.0
0.0
0.0
0.0
0.0
0.0
0.0
0.0
0.0
0.0
0.0
0.0
0.0
0.0
0.0
0.0
0.0
0.0
0.0
0.0
0.0
0.0
0.0
0.0
0.0
0.0
0.0
0.0
0.0
0.0
0.0
0.0
0.0
0.0
0.0
0.0
0.0
0.0
0.0
0.0
0.0
0.0
0.0
0.0
0.0
0.0
0.0
0.0
0.0
0.0
0.0
0.0
0.0
0.0
0.0
0.0
0.0
0.0
0.0
0.0
0.0
0.0
0.0
0.0
0.0
0.0
0.0
0.0
0.0
0.0
0.0
0.0
0.0
0.0
0.0
0.0
0.0
0.0
0.0
0.0
0.0
0.0
0.0
0.0
0.0
0.0
0.0
0.0
0.0
0.0
0.0
0.0
0.0
0.0
0.0
0.0
0.0
0.0
0.0
0.0
0.0
0.0
0.0
0.0
0.0
0.0
0.0
0.0
0.0
0.0
0.0
0.0
0.0
0.0
0.0
0.0
0.0
0.0
0.0
0.0
0.0
0.0
0.0
0.0
0.0
0.0
0.0
0.0
0.0
0.0
0.0
0.0
0.0
0.0
0.0
0.0
0.0
0.0
0.0
0.0
0.0
0.0
0.0
0.0
0.0
0.0
0.0
0.0
0.0
0.0
0.0
0.0
0.0
0.0
0.0
0.0
0.0
0.0
0.0
0.0
0.0
0.0
0.0
0.0
0.0
0.0
0.0
0.0
0.0
0.0
0.0
0.0
0.0
0.0
0.0
0.0
0.0
0.0
0.0
0.0
0.0
0.0
0.0
0.0
0.0
0.0
0.0
0.0
0.0
0.0
0.0
0.0
0.0
0.0
0.0
0.0
0.0
0.0
0.0
0.0
0.0
0.0
0.0
0.0
0.0
0.0
0.0
0.0
0.0
0.0
0.0
0.0
0.0
0.0
0.0
0.0
0.0
0.0
0.0
0.0
0.0
0.0
0.0
0.0
0.0
0.0
0.0
0.0
0.0
0.0
0.0
0.0
0.0
0.0
0.0
0.0
0.0
0.0
0.0
0.0
0.0
0.0
0.0
0.0
0.0
0.0
0.0
0.0
0.0
0.0
0.0
0.0
0.0
0.0
0.0
0.0
0.0
0.0
0.0
0.0
0.0
0.0
0.0
0.0
0.0
0.0
0.0
0.0
0.0
0.0
0.0
0.0
0.0
0.0
0.0
0.0
0.0
0.0
0.0
0.0
0.0
0.0
0.0
0.0
0.0
0.0
0.0
0.0
0.0
0.0
0.0
0.0
0.0
0.0
0.0
0.0
0.0
0.0
0.0
0.0
0.0
0.0
0.0
0.0
0.0
0.0
0.0
0.0
0.0
0.0
0.0
0.0
0.0
0.0
0.0
0.0
0.0
0.0
0.0
0.0
0.0
0.0
0.0
0.0
0.0
0.0
0.0
0.0
0.0
0.0
0.0
0.0
0.0
0.0
0.0
0.0
0.0
0.0
0.0
0.0
0.0
0.0
0.0
0.0
0.0
0.0
0.0
0.0
0.0
0.0
0.0
0.0
0.0
0.0
0.0
0.0
0.0
0.0
0.0
0.0
0.0
0.0
0.0
0.0
0.0
0.0
0.0
0.0
0.0
0.0
0.0
0.0
0.0
0.0
0.0
0.0
0.0
0.0
0.0
0.0
0.0
0.0
0.0
0.0
0.0
0.0
0.0
0.0
0.0
0.0
0.0
0.0
0.0
0.0
0.0
0.0
0.0
0.0
0.0
0.0
0.0
0.0
0.0
0.0
0.0
0.0
0.0
0.0
0.0
0.0
0.0
0.0
0.0
0.0
0.0
0.0
0.0
0.0
0.0
0.0
0.0
0.0
0.0
0.0
0.0
0.0
0.0
0.0
0.0
0.0
0.0
0.0
0.0
0.0
0.0
0.0
0.0
0.0
0.0
0.0
0.0
0.0
0.0
0.0
0.0
0.0
0.0
0.0
0.0
0.0
0.0
0.0
0.0
0.0
0.0
0.0
0.0
0.0
0.0
0.0
0.0
0.0
0.0
0.0
0.0
0.0
0.0
0.0
0.0
0.0
0.0
0.0
0.0
0.0
0.0
0.0
0.0
0.0
0.0
0.0
0.0
0.0
0.0
0.0
0.0
0.0
0.0
0.0
0.0
0.0
0.0
0.0
0.0
0.0
0.0
0.0
0.0
0.0
0.0
0.0
0.0
0.0
0.0
0.0
0.0
0.0
0.0
0.0
0.0
0.0
0.0
0.0
0.0
0.0
0.0
0.0
0.0
0.0
0.0
0.0
0.0
0.0
0.0
0.0
0.0
0.0
0.0
0.0
0.0
0.0
0.0
0.0
0.0
0.0
0.0
0.0
0.0
0.0
0.0
0.0
0.0
0.0
0.0
0.0
0.0
0.0
0.0
0.0
0.0
0.0
0.0
0.0
0.0
0.0
0.0
0.0
0.0
0.0
0.0
0.0
0.0
0.0
0.0
0.0
0.0
0.0
0.0
0.0
0.0
0.0
0.0
0.0
0.0
0.0
0.0
0.0
0.0
0.0
0.0
0.0
0.0
0.0
0.0
0.0
0.0
0.0
0.0
0.0
0.0
0.0
0.0
0.0
0.0
0.0
0.0
0.0
0.0
0.0
0.0
0.0
0.0
0.0
0.0
0.0
0.0
0.0
0.0
0.0
0.0
0.0
0.0
0.0
0.0
0.0
0.0
0.0
0.0
0.0
0.0
0.0
0.0
0.0
0.0
0.0
0.0
0.0
0.0
0.0
0.0
0.0
0.0
0.0
0.0
0.0
0.0
0.0
0.0
0.0
0.0
0.0
0.0
0.0
0.0
0.0
0.0
0.0
0.0
0.0
0.0
0.0
0.0
0.0
0.0
0.0
0.0
0.0
0.0
0.0
0.0
0.0
0.0
0.0
0.0
0.0
0.0
0.0
0.0
0.0
0.0
0.0
0.0
0.0
0.0
0.0
0.0
0.0
0.0
0.0
0.0
0.0
0.0
0.0
0.0
0.0
0.0
0.0
0.0
0.0
0.0
0.0
0.0
0.0
0.0
0.0
0.0
0.0
0.0
0.0
0.0
0.0
0.0
0.0
0.0
0.0
0.0
0.0
0.0
0.0
0.0
0.0
0.0
0.0
0.0
0.0
0.0
0.0
0.0
0.0
0.0
0.0
0.0
0.0
0.0
0.0
0.0
0.0
0.0
0.0
0.0
0.0
0.0
0.0
0.0
0.0
0.0
0.0
0.0
0.0
0.0
0.0
0.0
0.0
0.0
0.0
0.0
0.0
0.0
0.0
0.0
0.0
0.0
0.0
0.0
0.0
0.0
0.0
0.0
0.0
0.0
0.0
0.0
0.0
0.0
0.0
0.0
0.0
0.0
0.0
0.0
0.0
0.0
0.0
0.0
0.0
0.0
0.0
0.0
0.0
0.0
0.0
0.0
0.0
0.0
0.0
0.0
0.0
0.0
0.0
0.0
0.0
0.0
0.0
0.0
0.0
0.0
0.0
0.0
0.0
0.0
0.0
0.0
0.0
0.0
0.0
0.0
0.0
0.0
0.0
0.0
0.0
0.0
0.0
0.0
0.0
0.0
0.0
0.0
0.0
0.0
0.0
0.0
0.0
0.0
0.0
0.0
0.0
0.0
0.0
0.0
0.0
0.0
0.0
0.0
0.0
0.0
0.0
0.0
0.0
0.0
0.0
0.0
0.0
0.0
0.0
0.0
0.0
0.0
0.0
0.0
0.0
0.0
0.0
0.0
0.0
0.0
0.0
0.0
0.0
0.0
0.0
0.0
0.0
0.0
0.0
0.0
0.0
0.0
0.0
0.0
0.0
0.0
0.0
0.0
0.0
0.0
0.0
0.0
0.0
0.0
0.0
0.0
0.0
0.0
0.0
0.0
0.0
0.0
0.0
0.0
0.0
0.0
0.0
0.0
0.0
0.0
0.0
0.0
0.0
0.0
0.0
0.0
0.0
0.0
0.0
0.0
0.0
0.0
0.0
0.0
0.0
0.0
0.0
0.0
0.0
0.0
0.0
0.0
0.0
0.0
0.0
0.0
0.0
0.0
0.0
0.0
0.0
0.0
0.0
0.0
0.0
0.0
0.0
0.0
0.0
0.0
0.0
0.0
0.0
0.0
0.0
0.0
0.0
0.0
0.0
0.0
0.0
0.0
0.0
0.0
0.0
0.0
0.0
0.0
0.0
0.0
0.0
0.0
0.0
0.0
0.0
0.0
0.0
0.0
0.0
0.0
0.0
0.0
0.0
0.0
0.0
0.0
0.0
0.0
0.0
0.0
0.0
0.0
0.0
0.0
0.0
0.0
0.0
0.0
0.0
0.0
0.0
0.0
0.0
0.0
0.0
0.0
0.0
0.0
0.0
0.0
0.0
0.0
0.0
0.0
0.0
0.0
0.0
0.0
0.0
0.0
0.0
0.0
0.0
0.0
0.0
0.0
0.0
0.0
0.0
0.0
0.0
0.0
0.0
0.0
0.0
0.0
0.0
0.0
0.0
0.0
0.0
0.0
0.0
0.0
0.0
0.0
0.0
0.0
0.0
0.0
0.0
0.0
0.0
0.0
0.0
0.0
0.0
0.0
0.0
0.0
0.0
0.0
0.0
0.0
0.0
0.0
0.0
0.0
0.0
0.0
0.0
0.0
0.0
0.0
0.0
0.0
0.0
0.0
0.0
0.0
0.0
0.0
0.0
0.0
0.0
0.0
0.0
0.0
0.0
0.0
0.0
0.0
0.0
0.0
0.0
0.0
0.0
0.0
0.0
0.0
0.0
0.0
0.0
0.0
0.0
0.0
0.0
0.0
0.0
0.0
0.0
0.0
0.0
0.0
0.0
0.0
0.0
0.0
0.0
0.0
0.0
0.0
0.0
0.0
0.0
0.0
0.0
0.0
0.0
0.0
0.0
0.0
0.0
0.0
0.0
0.0
0.0
0.0
0.0
0.0
0.0
0.0
0.0
0.0
0.0
0.0
0.0
0.0
0.0
0.0
0.0
0.0
0.0
0.0
0.0
0.0
0.0
0.0
0.0
0.0
0.0
0.0
0.0
0.0
0.0
0.0
0.0
0.0
0.0
0.0
0.0
0.0
0.0
0.0
0.0
0.0
0.0
0.0
0.0
0.0
0.0
0.0
0.0
0.0
0.0
0.0
0.0
0.0
0.0
0.0
0.0
0.0
0.0
0.0
0.0
0.0
0.0
0.0
0.0
0.0
0.0
0.0
0.0
0.0
0.0
0.0
0.0
0.0
0.0
0.0
0.0
0.0
0.0
0.0
0.0
0.0
0.0
0.0
0.0
0.0
0.0
0.0
0.0
0.0
0.0
0.0
0.0
0.0
0.0
0.0
0.0
0.0
0.0
0.0
0.0
0.0
0.0
0.0
0.0
0.0
0.0
0.0
0.0
0.0
0.0
0.0
0.0
0.0
0.0
0.0
0.0
0.0
0.0
0.0
0.0
0.0
0.0
0.0
0.0
0.0
0.0
0.0
0.0
0.0
0.0
0.0
0.0
0.0
0.0
0.0
0.0
0.0
0.0
0.0
0.0
0.0
0.0
0.0
0.0
0.0
0.0
0.0
0.0
0.0
0.0
0.0
0.0
0.0
0.0
0.0
0.0
0.0
0.0
0.0
0.0
0.0
0.0
0.0
0.0
0.0
0.0
0.0
0.0
0.0
0.0
0.0
0.0
0.0
0.0
0.0
0.0
0.0
0.0
0.0
0.0
0.0
0.0
0.0
0.0
0.0
0.0
0.0
0.0
0.0
0.0
0.0
0.0
0.0
0.0
0.0
0.0
0.0
0.0
0.0
0.0
0.0
0.0
0.0
0.0
0.0
0.0
0.0
0.0
0.0
0.0
0.0
0.0
0.0
0.0
0.0
0.0
0.0
0.0
0.0
0.0
0.0
0.0
0.0
0.0
0.0
0.0
0.0
0.0
0.0
0.0
0.0
0.0
0.0
0.0
0.0
0.0
0.0
0.0
0.0
0.0
0.0
0.0
0.0
0.0
0.0
0.0
0.0
0.0
0.0
0.0
0.0
0.0
0.0
0.0
0.0
0.0
0.0
0.0
0.0
0.0
0.0
0.0
0.0
0.0
0.0
0.0
0.0
0.0
0.0
0.0
0.0
0.0
0.0
0.0
0.0
0.0
0.0
0.0
0.0
0.0
0.0
0.0
0.0
0.0
0.0
0.0
0.0
0.0
0.0
0.0
0.0
0.0
0.0
0.0
0.0
0.0
0.0
0.0
0.0
0.0
0.0
0.0
0.0
0.0
0.0
0.0
0.0
0.0
0.0
0.0
0.0
0.0
0.0
0.0
0.0
0.0
0.0
0.0
0.0
0.0
0.0
0.0
0.0
0.0
0.0
0.0
0.0
0.0
0.0
0.0
0.0
0.0
0.0
0.0
0.0
0.0
0.0
0.0
0.0
0.0
0.0
0.0
0.0
0.0
0.0
0.0
0.0
0.0
0.0
0.0
0.0
0.0
0.0
0.0
0.0
0.0
0.0
0.0
0.0
0.0
0.0
0.0
0.0
0.0
0.0
0.0
0.0
0.0
0.0
0.0
0.0
0.0
0.0
0.0
0.0
0.0
0.0
0.0
0.0
0.0
0.0
0.0
0.0
0.0
0.0
0.0
0.0
0.0
0.0
0.0
0.0
0.0
0.0
0.0
0.0
0.0
0.0
0.0
0.0
0.0
0.0
0.0
0.0
0.0
0.0
0.0
0.0
0.0
0.0
0.0
0.0
0.0
0.0
0.0
0.0
0.0
0.0
0.0
0.0
0.0
0.0
0.0
0.0
0.0
0.0
0.0
0.0
0.0
0.0
0.0
0.0
0.0
0.0
0.0
0.0
0.0
0.0
0.0
0.0
0.0
0.0
0.0
0.0
0.0
0.0
0.0
0.0
0.0
0.0
0.0
0.0
0.0
0.0
0.0
0.0
0.0
0.0
0.0
0.0
0.0
0.0
0.0
0.0
0.0
0.0
0.0
0.0
0.0
0.0
0.0
0.0
0.0
0.0
0.0
0.0
0.0
0.0
0.0
0.0
0.0
0.0
0.0
0.0
0.0
0.0
0.0
0.0
0.0
0.0
0.0
0.0
0.0
0.0
0.0
0.0
0.0
0.0
0.0
0.0
0.0
0.0
0.0
0.0
0.0
0.0
0.0
0.0
0.0
0.0
0.0
0.0
0.0
0.0
0.0
0.0
0.0
0.0
0.0
0.0
0.0
0.0
0.0
0.0
0.0
0.0
0.0
0.0
0.0
0.0
0.0
0.0
0.0
0.0
0.0
0.0
0.0
0.0
0.0
0.0
0.0
0.0
0.0
0.0
0.0
0.0
0.0
0.0
0.0
0.0
0.0
0.0
0.0
0.0
0.0
0.0
0.0
0.0
0.0
0.0
0.0
0.0
0.0
0.0
0.0
0.0
0.0
0.0
0.0
0.0
0.0
0.0
0.0
0.0
0.0
0.0
0.0
0.0
0.0
0.0
0.0
0.0
0.0
0.0
0.0
0.0
0.0
0.0
0.0
0.0
0.0
0.0
0.0
0.0
0.0
0.0
0.0
0.0
0.0
0.0
0.0
0.0
0.0
0.0
0.0
0.0
0.0
0.0
0.0
0.0
0.0
0.0
0.0
0.0
0.0
0.0
0.0
0.0
0.0
0.0
0.0
0.0
0.0
0.0
0.0
0.0
0.0
0.0
0.0
0.0
0.0
0.0
0.0
0.0
0.0
0.0
0.0
0.0
0.0
0.0
0.0
0.0
0.0
0.0
0.0
0.0
0.0
0.0
0.0
0.0
0.0
0.0
0.0
0.0
0.0
0.0
0.0
0.0
0.0
0.0
0.0
0.0
0.0
0.0
0.0
0.0
0.0
0.0
0.0
0.0
0.0
0.0
0.0
0.0
0.0
0.0
0.0
0.0
0.0
0.0
0.0
0.0
0.0
0.0
0.0
0.0
0.0
0.0
0.0
0.0
0.0
0.0
0.0
0.0
0.0
0.0
0.0
0.0
0.0
0.0
0.0
0.0
0.0
0.0
0.0
0.0
0.0
0.0
0.0
0.0
0.0
0.0
0.0
0.0
0.0
0.0
0.0
0.0
0.0
0.0
0.0
0.0
0.0
0.0
0.0
0.0
0.0
0.0
0.0
0.0
0.0
0.0
0.0
0.0
0.0
0.0
0.0
0.0
0.0
0.0
0.0
0.0
0.0
0.0
0.0
0.0
0.0
0.0
0.0
0.0
0.0
0.0
0.0
0.0
0.0
0.0
0.0
0.0
0.0
0.0
0.0
0.0
0.0
0.0
0.0
0.0
0.0
0.0
0.0
0.0
0.0
0.0
0.0
0.0
0.0
0.0
0.0
0.0
0.0
0.0
0.0
0.0
0.0
0.0
0.0
0.0
0.0
0.0
0.0
0.0
0.0
0.0
0.0
0.0
0.0
0.0
0.0
0.0
0.0
0.0
0.0
0.0
0.0
0.0
0.0
0.0
0.0
0.0
0.0
0.0
0.0
0.0
0.0
0.0
0.0
0.0
0.0
0.0
0.0
0.0
0.0
0.0
0.0
0.0
0.0
0.0
0.0
0.0
0.0
0.0
0.0
0.0
0.0
0.0
0.0
0.0
0.0
0.0
0.0
0.0
0.0
0.0
0.0
0.0
0.0
0.0
0.0
0.0
0.0
0.0
0.0
0.0
0.0
0.0
0.0
0.0
0.0
0.0
0.0
0.0
0.0
0.0
0.0
0.0
0.0
0.0
0.0
0.0
0.0
0.0
0.0
0.0
0.0
0.0
0.0
0.0
0.0
0.0
0.0
0.0
0.0
0.0
0.0
0.0
0.0
0.0
0.0
0.0
0.0
0.0
0.0
0.0
0.0
0.0
0.0
0.0
0.0
0.0
0.0
0.0
0.0
0.0
0.0
0.0
0.0
0.0
0.0
0.0
0.0
0.0
0.0
0.0
0.0
0.0
0.0
0.0
0.0
0.0
0.0
0.0
0.0
0.0
0.0
0.0
0.0
0.0
0.0
0.0
0.0
0.0
0.0
0.0
0.0
0.0
0.0
0.0
0.0
0.0
0.0
0.0
0.0
0.0
0.0
0.0
0.0
0.0
0.0
0.0
0.0
0.0
0.0
0.0
0.0
0.0
0.0
0.0
0.0
0.0
0.0
0.0
0.0
0.0
0.0
0.0
0.0
0.0
0.0
0.0
0.0
0.0
0.0
0.0
0.0
0.0
0.0
0.0
0.0
0.0
0.0
0.0
0.0
0.0
0.0
0.0
0.0
0.0
0.0
0.0
0.0
0.0
0.0
0.0
0.0
0.0
0.0
0.0
0.0
0.0
0.0
0.0
0.0
0.0
0.0
0.0
0.0
0.0
0.0
0.0
0.0
0.0
0.0
0.0
0.0
0.0
0.0
0.0
0.0
0.0
0.0
0.0
0.0
0.0
0.0
0.0
0.0
0.0
0.0
0.0
0.0
0.0
0.0
0.0
0.0
0.0
0.0
0.0
0.0
0.0
0.0
0.0
0.0
0.0
0.0
0.0
0.0
0.0
0.0
0.0
0.0
0.0
0.0
0.0
0.0
0.0
0.0
0.0
0.0
0.0
0.0
0.0
0.0
0.0
0.0
0.0
0.0
0.0
0.0
0.0
0.0
0.0
0.0
0.0
0.0
0.0
0.0
0.0
0.0
0.0
0.0
0.0
0.0
0.0
0.0
0.0
0.0
0.0
0.0
0.0
0.0
0.0
0.0
0.0
0.0
0.0
0.0
0.0
0.0
0.0
0.0
0.0
0.0
0.0
0.0
0.0
0.0
0.0
0.0
0.0
0.0
0.0
0.0
0.0
0.0
0.0
0.0
0.0
0.0
0.0
0.0
0.0
0.0
0.0
0.0
0.0
0.0
0.0
0.0
0.0
0.0
0.0
0.0
0.0
0.0
0.0
0.0
0.0
0.0
0.0
0.0
0.0
0.0
0.0
0.0
0.0
0.0
0.0
0.0
0.0
0.0
0.0
0.0
0.0
0.0
0.0
0.0
0.0
0.0
0.0
0.0
0.0
0.0
0.0
0.0
0.0
0.0
0.0
0.0
0.0
0.0
0.0
0.0
0.0
0.0
0.0
0.0
0.0
0.0
0.0
0.0
0.0
0.0
0.0
0.0
0.0
0.0
0.0
0.0
0.0
0.0
0.0
0.0
0.0
0.0
0.0
0.0
0.0
0.0
0.0
0.0
0.0
0.0
0.0
0.0
0.0
0.0
0.0
0.0
0.0
0.0
0.0
0.0
0.0
0.0
0.0
0.0
0.0
0.0
0.0
0.0
0.0
0.0
0.0
0.0
0.0
0.0
0.0
0.0
0.0
0.0
0.0
0.0
0.0
0.0
0.0
0.0
0.0
0.0
0.0
0.0
0.0
0.0
0.0
0.0
0.0
0.0
0.0
0.0
0.0
0.0
0.0
0.0
0.0
0.0
0.0
0.0
0.0
0.0
0.0
0.0
0.0
0.0
0.0
0.0
0.0
0.0
0.0
0.0
0.0
0.0
0.0
0.0
0.0
0.0
0.0
0.0
0.0
0.0
0.0
0.0
0.0
0.0
0.0
0.0
0.0
0.0
0.0
0.0
0.0
0.0
0.0
0.0
0.0
0.0
0.0
0.0
0.0
0.0
0.0
0.0
0.0
0.0
0.0
0.0
0.0
0.0
0.0
0.0
0.0
0.0
0.0
0.0
0.0
0.0
0.0
0.0
0.0
0.0
0.0
0.0
0.0
0.0
0.0
0.0
0.0
0.0
0.0
0.0
0.0
0.0
0.0
0.0
0.0
0.0
0.0
0.0
0.0
0.0
0.0
0.0
0.0
0.0
0.0
0.0
0.0
0.0
0.0
0.0
0.0
0.0
0.0
0.0
0.0
0.0
0.0
0.0
0.0
0.0
0.0
0.0
0.0
0.0
0.0
0.0
0.0
0.0
0.0
0.0
0.0
0.0
0.0
0.0
0.0
0.0
0.0
0.0
0.0
0.0
0.0
0.0
0.0
0.0
0.0
0.0
0.0
0.0
0.0
0.0
0.0
0.0
0.0
0.0
0.0
0.0
0.0
0.0
0.0
0.0
0.0
0.0
0.0
0.0
0.0
0.0
0.0
0.0
0.0
0.0
0.0
0.0
0.0
0.0
0.0
0.0
0.0
0.0
0.0
0.0
0.0
0.0
0.0
0.0
0.0
0.0
0.0
0.0
0.0
0.0
0.0
0.0
0.0
0.0
0.0
0.0
0.0
0.0
0.0
0.0
0.0
0.0
0.0
0.0
0.0
0.0
0.0
0.0
0.0
0.0
0.0
0.0
0.0
0.0
0.0
0.0
0.0
0.0
0.0
0.0
0.0
0.0
0.0
0.0
0.0
0.0
0.0
0.0
0.0
0.0
0.0
0.0
0.0
0.0
0.0
0.0
0.0
0.0
0.0
0.0
0.0
0.0
0.0
0.0
0.0
0.0
0.0
0.0
0.0
0.0
0.0
0.0
0.0
0.0
0.0
0.0
0.0
0.0
0.0
0.0
0.0
0.0
0.0
0.0
0.0
0.0
0.0
0.0
0.0
0.0
0.0
0.0
0.0
0.0
0.0
0.0
0.0
0.0
0.0
0.0
0.0
0.0
0.0
0.0
0.0
0.0
0.0
