0.0292391701592
0.0888468339902
0.0
0.0
0.0
-0.018321005043
0.176121882559
0.0
-0.134395014904
0.0
-0.0814547634582
-0.538064737175
-0.00414117518423
-0.202620305921
0.696446995822
0.278542388795
-0.26900034543
-0.347795182798
-0.0666950947591
0.105714532059
0.0
0.0
0.0
0.0
0.0
-0.214084269551
-0.246094217271
-0.156762500631
0.268119498785
0.0
-0.0174082790397
-0.0514234000285
0.0
0.0
-0.388105489437
-0.127774648089
0.0
-0.322341947779
-0.346140889136
0.0
-0.00599187640577
-1.07008726945
-0.811785468667
0.0
-0.0781996138706
-0.0366636639777
0.290556823437
0.0
-0.404438399386
0.0
0.152399639468
-0.0326759586941
0.10125270703
-1.55346714958
-0.0354988027171
-0.0457545347491
-0.108713573842
-0.187236029568
0.0
0.0
0.0
-1.06536582943
-0.297004183106
0.0
0.0
-0.0714287383044
-0.0979781922799
0.0
-1.81490044918
-0.0449020430629
-0.0900689553113
0.0
-0.0830970099275
-0.000659572058808
-0.0881595696748
0.0
0.0
-0.0759002234305
0.0
-0.860444417727
-0.480385525132
-0.236478936548
0.576490508948
0.0
0.0
0.0
0.0
0.0
0.0
-0.000772388466601
0.0
0.0
0.498586554019
-0.0272780962727
0.0
-0.868159863128
0.0
0.0
0.0
-0.288010306797
-0.116017873759
-0.588722676443
-0.057007529693
0.0
-0.775269358115
-0.00974900443516
0.0
0.0
0.627841269203
0.0
-0.0740572230138
0.0
0.0
0.0
0.0
0.0405059640157
0.0
0.441285139787
0.0
0.0
0.0
0.0
-0.301002246077
0.0
0.0
0.0
0.0
0.0
0.0
0.369912017231
-0.945430581406
-0.207609869869
0.479927453769
0.0
0.0
0.0
0.0
0.0
-0.528518652192
0.0
0.0
0.0
-1.11800659191
0.0
0.0
0.0
0.0
0.0
0.572934204941
0.0
0.0
0.143172134883
0.0
-0.659208381601
0.0
-0.0402695111606
1.18339365633
0.0
0.0
0.159932817318
0.0
-0.840252198338
-0.118833867745
-0.654108705638
0.0
0.0
0.85089997371
0.0
0.0
0.0
0.189237924552
0.0
0.0
-0.148283600112
0.0
0.0
0.0
0.0
0.0
-0.451975563716
0.362032917832
-0.397085856855
-0.00587837526144
0.246190183981
0.0
-0.0164442917018
0.379359630007
-0.0752505615192
-0.165710045836
0.0
-1.65864552034
0.0
0.221686438994
-0.264073121545
0.0
0.0
0.0
0.0
0.58834873153
0.0
0.0389200227871
0.0
-0.907488287739
-0.0151910456748
0.0
0.0
0.0
-0.0346487575108
0.0
0.0
0.0
0.0
-0.0562935989839
0.559434314564
-0.452645755233
-0.0100341284666
0.0
0.562445287912
-0.0693449324845
0.0
1.61877392704
0.0
-0.00476832675519
-0.00139150632399
0.0
0.0
0.0
0.0
0.501771617007
0.922507577991
0.31397005922
0.0
0.0
0.0
-0.321441616074
-0.0933739950443
-0.0355604448095
-0.682466507895
0.0
0.0
-0.0344543459816
-0.157663710402
-0.272675918071
0.0
0.06337855438
0.0
-0.842208382372
-0.106266654899
-1.14830407885
0.0697968630562
-0.76897320179
-0.0245908520561
0.0
0.0
-0.066871774204
0.0
0.0
0.0
0.0
0.0
0.0
0.0
0.130161299745
-0.16094351648
-0.394966325796
0.0
0.0245951980903
0.0
-0.940972500851
-0.278413836007
-0.0250436797472
0.184690818143
-0.199466907476
-0.0813768378531
-0.335071722655
0.0864466814626
0.0
0.0
-0.481185623504
0.0
-0.177684653558
0.0
-0.532167975246
0.0
-0.327449039902
0.0
-0.0752505615192
0.0
0.0
0.0
0.101006901379
0.347834825753
0.32039205619
0.616953653508
0.0
0.0
0.0
0.0
0.188796052116
0.0
0.0
-0.366045569003
-0.0592056333488
0.0
1.00055935628
-0.0305243019284
0.0
-0.722837777533
0.0
-0.205408917572
0.240737966074
-0.6507079223
0.0
0.169673338175
0.0
-0.167582265714
-0.200450712636
-0.209191970706
0.0
0.0
0.0
0.240910107431
0.636916206537
0.81387884297
0.209576416783
0.0
0.0
0.0
0.0
0.0
0.0
0.0
0.543266797825
-0.738350828868
0.0
-0.761276339715
-0.0010547417491
0.0
-0.234604769515
0.0
0.0
-0.599343798537
1.56696997713
0.0
0.463416660585
0.159932817318
0.31474055649
-0.180410144245
-0.0926063442547
-0.00122619635911
0.0
0.133210084149
0.961444309265
0.516132947223
-0.155071896127
-0.00138438101181
0.0
-0.134754185884
0.0
0.0
-0.374122693271
0.081280089367
-0.303109298395
0.39030041751
0.0666916911009
0.0
0.0
0.576142863906
0.0
-0.17310232467
0.0
0.0
0.252269105594
0.419821829304
0.0
0.0
0.0
0.163471997882
0.0
0.0
0.0
0.467091140786
-0.0508693803729
0.579563949507
0.305054555317
0.0
0.0
0.0
0.0
0.0764958501212
0.232775031264
0.0
-0.336654379161
0.0
0.0
-0.862368379592
0.103876738704
0.0
-0.124649889875
0.0
0.0
-0.279480838349
0.182727500666
0.0
-0.462642468932
0.0698517798633
0.0
0.0
-0.337236492534
-0.00583211205486
0.0
-0.202345174934
0.0
0.0
-0.870933835289
-0.140356045617
0.0
0.0
-0.203242739158
0.0
0.0996642156541
0.0
0.0
0.0
-0.238522295657
0.302981037668
0.0
0.59679058447
0.430775607285
-0.125384028129
0.407569424516
0.190026349606
0.466703740645
-0.278896041345
0.155923861208
0.0
0.148913466137
0.228392706723
0.398179884154
0.749364731426
0.126652334051
-0.0162832617996
0.644384739552
0.165444685712
0.161250702302
0.372379009366
-0.191324921973
0.0
1.59262926616
0.417175143794
1.06573948603
-0.0439265065608
0.0535271545778
0.0
0.798550279495
0.117133689702
0.76543264411
0.138187552086
0.86435969538
0.239095338264
0.0824518397979
-0.131175591361
0.242145422213
0.23043251722
0.593415309079
0.736500600623
0.175265128549
0.132153903057
-0.038273477858
0.405704417367
-0.233481405208
0.719411741989
-0.53141517038
-0.182523934471
0.0740513077079
0.370525351154
0.0380021822093
0.431679955307
1.01193775478
0.441598820175
0.494139169405
0.347506455245
-0.0612187436359
-0.451540336531
-0.0675711633916
-0.287515958581
-0.39504195993
0.0
0.147953223855
0.0425655935828
0.186930611931
-0.622149427001
-0.662275149824
-1.43542209265
0.772848900089
-1.13165015219
-0.516114903373
0.0731460602945
1.77165171067
-0.702903416779
0.888238093757
0.16378742558
-1.83921600697
-0.594241879966
-0.40991605408
0.0682205908838
-0.610455569445
0.0327517448065
-0.140635423955
0.298161279466
0.0
0.0
0.0
0.0
-0.0806617150865
0.0
0.0
0.0
-0.0174120503666
0.0
-0.0185933307261
0.0
0.0
0.0
0.0
0.0
0.0
0.124929900067
0.273891676537
0.0129492528727
-0.804876759157
-0.0608184289774
1.38058888041
-0.0607832339268
0.225507861188
-0.0755379694231
0.933863855997
-0.152592637633
0.415743990835
0.517143052669
0.0281091186137
0.0
-0.00944777204996
0.0
0.0
-0.0149059919123
-0.645158966516
-0.220901955414
-0.0990789527626
-0.497613446761
0.337933009766
-1.06987091876
0.0
0.0
-0.205320810843
0.0
0.0
0.0
0.0
0.0
0.0
0.0
0.0
0.0
0.0
0.0
0.0
0.0
0.0
0.0
0.0
0.0
0.0
0.0
0.0
0.0
0.0
0.0
0.0
0.0
0.0
0.0
0.0
0.0
0.0
0.0
0.0
0.0
0.0
-1.43632047277
1.01213859374
0.183480020155
0.125248872792
1.17055307799
0.338469635811
0.726932016783
0.189418193386
-0.580224115355
0.179377410042
0.0
0.15632056476
0.272971141374
-0.0536117687687
-0.362944246682
-0.070793813089
-0.0194933077827
-0.236454470724
-0.584546945931
-0.723526220108
-0.67942885282
-0.459016119284
0.284853312447
0.0
0.0
0.0
-0.549230582202
-0.726994822628
-0.0711106604863
-0.0169416340185
-0.00528912992042
-0.812647927745
0.0
0.574389627256
0.0
-0.339458536971
-0.0678729620283
-0.920337607402
-0.817301420945
0.0
0.0
-0.230035486196
0.0
0.0
-0.786642247374
-0.0927936978718
0.0
0.0
0.619733273866
-0.334430062431
0.909282868259
-0.00147449132144
0.0
0.0
0.0
-0.0998350945338
-0.889635752212
0.0
0.0444595065081
1.05765619539
0.652700897187
-0.311170392591
-0.626090957203
-0.283960491515
-0.275664765506
0.0
-0.663226555542
0.0
0.339320034208
-0.356435782905
0.233505869174
-0.0547574818941
-0.0128116205914
0.0
-0.552182736961
-0.00520295540143
0.0
-0.349913030742
0.0
-0.463504222907
0.0
0.0
-0.386831820127
-0.516536821831
0.0
-0.132551246142
0.0
0.0
0.143172134883
-0.328626138582
0.0
0.846808318188
-0.279502866252
-0.049791835916
-0.28144223831
0.0
-0.284996538347
-0.2204066554
0.0
-1.07251654414
-0.411553215769
0.0
-0.124264222965
-0.0956146485911
-0.782129766977
0.0647126896465
0.0
0.0
0.0
-0.456332545103
0.0
0.0
-0.0179934727436
0.0
0.0
0.427003880755
-0.522097316814
0.163266804062
-0.696081672323
-0.0305906782646
0.0
0.0
0.0
0.0
0.0
0.0
0.0
0.0
0.0
0.0
-0.68509537985
0.0
0.0
-0.0542799995021
0.0
-0.464238933324
0.0
-0.148328409142
-0.183852140509
0.0605583873817
-0.197062280664
-0.0210141846875
0.0
-0.512112347452
0.0
0.0
-0.160254892117
0.0
-0.263462041616
0.0
0.0
0.0
0.377320724739
-0.946811979945
-0.444865262382
-0.000772388466601
0.0
-0.217786838907
-0.367898537002
0.602225359752
-0.605222832754
0.0
0.0
-0.579226783306
-0.332088523543
-1.16784904922
-0.171013739761
0.0
0.0
0.0
0.0
0.97096290918
-0.489625392498
0.0
-0.579838866084
0.805828010827
0.109371944804
0.0
-0.743663404554
0.345501677794
0.0
-0.759833024918
0.0
-0.256598576253
-0.571664065621
-0.709802429573
0.0
0.438980267567
-0.812232251982
0.293015017141
-0.566681804693
-0.00696433604301
0.0
-0.930554481692
-0.0929623938282
-0.298634134632
-0.665374789449
0.0
0.0
-0.513327971654
0.0
0.163010877413
0.0
0.0
0.354724902202
-0.279432869053
-0.30119029948
0.0
0.000737392147602
0.0
-0.513003797478
0.0833599178517
0.0
-0.80358229221
0.0
0.0
0.183049778285
0.237102346307
-0.794728233152
0.0
0.0
-0.0392718705117
-0.10481223623
-0.220825602917
0.0
0.0
0.0
-0.0478075502156
-0.0103224781344
0.0
0.0
0.0
0.0
0.0
0.0
0.466764416847
0.491802531222
-0.446753374446
-0.703593672968
-0.0924692962405
0.0
0.0
-0.753958053688
0.0
-0.28188591957
-1.0552028883
0.0
-0.980950555122
-0.0948107867335
-0.600705854582
-0.214850860717
-0.504105604804
0.0
-0.171336636462
-0.509545704125
-0.280576136715
-0.374757490912
-1.08977515325
-0.202764018677
-0.371100025539
-0.368946659178
-0.0297432767348
-0.276596260273
-0.150501123038
-0.966730407163
0.220925775578
0.0878790435268
0.0
-0.0978398817324
-0.494535370417
-0.065976758672
-0.295582794025
0.0163511494838
0.0
-0.348610813107
-0.293386280726
-0.368230491891
0.0
0.0566967807423
-0.180327088433
0.0
0.0
0.0
0.0
-0.442702715491
0.250543215231
-0.00896547696321
-0.282132896327
-0.00727650676374
-0.439372365513
-0.0515980721567
-0.522657029129
-0.397353057227
0.0
0.165535433177
0.0
0.307761673218
-0.571225332498
-0.10516241731
0.0
0.427777133526
0.0
0.283596489709
0.0
0.0676608634632
0.0
-0.232745466543
-0.254911047964
-0.0168035618778
-0.230127260777
0.0
0.824564181032
-0.298763855183
0.0114689840974
-0.136070157203
0.087347184537
-0.0531333274497
0.0
-0.0796756785692
0.0
0.0982530077669
0.0
0.0
-0.323343454168
0.354970942676
0.0913798206129
-0.228138646762
-0.039799514428
0.0
0.0
0.215262792693
-0.588154421464
-0.245649237922
-0.626236449895
-0.0125656718455
0.248927927459
0.00936056462809
-0.278099191138
-0.504590276938
-0.316401576143
0.0198517976094
-0.00847623750923
0.0
0.819172774916
-1.07439718893
0.0
-0.141265494343
0.0
0.0
0.0
0.646926814455
0.037582832659
0.0
-0.0865440703793
0.0
-0.0283159682014
-0.277111048223
-0.040950139295
0.0
0.0
0.0
0.760728743895
0.13171992095
-0.0232921403396
-0.410400306054
0.396502790772
0.0
-0.0881170484901
-0.313725521323
0.0
0.0
-0.105336221055
0.403171397368
0.0
0.391278722594
-0.255989197408
0.0
0.0
0.188126024786
-0.120705677786
0.446749210636
-0.302037089641
0.222055498474
0.193771283988
0.0869224011304
0.0
0.0
-0.139724774726
-0.400862825549
-0.248396646508
-0.168746143571
-0.0988469875362
0.0
0.0
0.0
0.0
0.0
0.0
0.0
0.0
0.45817511046
-0.100075719211
0.762097185564
0.0
-0.0612735061855
0.0
0.0
0.0
0.0
0.145994850546
0.156018267457
0.0
-0.67600237912
0.0600563873368
0.0960385358465
0.0
0.154408991762
0.3196445203
-0.0852279994938
0.0
0.0
0.0
0.0
0.410257184093
-0.61416484324
0.0
0.0
-0.547319600414
0.0
0.0138827111727
0.0
-0.149161334674
-0.0168112300844
0.0
-0.550225499514
-0.25192270807
-0.375685938519
-0.180216196108
-0.302624929488
-0.105116524043
0.0
0.0
0.0
0.510952230073
-0.456673262132
-0.355970300842
0.0
0.150009218508
0.0
0.0
-0.665475474528
-0.610921321605
-0.0721550182837
-0.0672810945312
0.0
0.0
0.858746376226
0.232290621889
-0.264809157457
-0.414910727834
0.135944721331
0.396107519349
-0.146686718819
0.0
-0.449467005921
0.0
-0.126141523855
-0.516911685021
-0.0270045547125
0.0346469561695
-0.325926055957
-0.347411485941
-0.350682990001
-0.100452895508
0.0
0.483485166529
0.116152838406
0.369223684881
0.0
-0.146641824979
0.0
-0.104384660802
0.0
-0.0359261617685
0.115594964336
0.345616321577
-0.295067826721
0.0
0.0
0.749643509133
0.331097406178
0.245437265799
0.0272151764369
-0.0609906191678
-0.376669339719
0.0
-0.0749915699523
0.0
0.0310308078677
-0.277965725672
0.0899559856528
0.641780570827
-0.738980035871
0.187970316717
0.0
-0.667606853877
0.0
0.153463123862
0.0
0.0
-0.857761502939
-0.437521240773
0.0
0.143172134883
0.0
0.188876024537
0.173382257763
0.0
0.0
0.0
0.0320455956158
-0.715164464393
0.0
-0.254836679709
-0.067320037845
-0.073029379744
-0.0347039567593
-0.0437056869492
0.0
0.0
-0.387520064575
-0.180468361791
0.0
-0.463891003868
-1.07429035668
-0.0457870798765
0.0
-0.0207318049995
0.0832042254319
-0.365314228572
0.0
0.241181788925
-0.933433036119
-0.0565467288618
0.0
-0.0305140948746
-0.22474705632
-0.155712659038
-0.00935965164386
-0.115109897068
-0.0225456688077
0.0
0.0
-0.0012939755149
0.0
0.0
0.0
0.0
0.0
0.0
0.0
0.0
0.0
-0.00802471196493
0.207735041549
-0.998304521307
-0.63764547927
0.0
0.0
0.0
0.0
0.0
0.0
0.102359454392
-0.0247863675606
0.210228415041
-0.401270395352
-0.238806098522
-0.19422261888
-0.0717284292435
0.175085239367
-0.0752505615192
0.0
0.0
-0.342976279011
-0.283801019842
-0.894894140377
0.0
0.0
-0.0535190545544
-0.255724492102
-0.194636462229
0.171176079213
0.422737821485
-0.297442512661
-0.42677883107
0.0
0.0
0.921485655595
-0.238143787096
-0.40167020561
0.0
0.0992951523082
-0.151968833585
0.148186513168
0.0916121163201
-0.0477862720786
0.0
-0.743600338693
-0.00905877525393
-0.0255455783134
0.430775607285
0.0
-0.0921709301705
0.0
0.0564728183804
0.0240201383819
-0.0131597087468
0.0
0.0
0.431034194968
-0.562522574035
0.0
-0.0412071398417
0.0
0.0
-0.148241022229
0.196154834491
-0.0904703652732
0.0174284862255
-0.543488121619
-0.400016785805
0.0
-0.236231137189
0.0
0.0
0.338381039543
-0.282179862537
0.680872095653
0.0
0.0
-0.405926681564
-0.0312552459923
0.0
-0.0276317642991
-0.00115414718584
0.0
-0.10241806888
0.0
0.0
-0.213305631696
0.0
0.0
0.0754507773061
0.181714087596
-0.44769336485
-0.459849666974
-0.0903036406801
0.0
0.481032853133
-0.121206843343
0.0
-0.140855418419
-0.0739181330306
-0.182715171136
-0.362582944196
0.0705996409348
-0.222632627211
-0.0443431836897
0.0
0.0734061658278
0.13891483126
0.0
0.138021306348
-0.0293519303404
0.20865684952
0.0
0.0456245443646
-0.00810291936885
0.164167564931
0.0
0.295698742737
-0.0926488476748
-0.154889464713
0.0
-0.0327465691256
0.0897142327519
0.170985338063
0.0
0.0
-0.0341698489061
0.0
-0.0441262634206
0.0
-0.00234138418474
-0.00134246488346
-0.0974813087248
-0.0216519231727
-0.0522098132879
-0.0752505615192
-0.0702077803561
0.0
0.0
-0.292476040289
0.0
0.0
0.0
0.0
0.0
0.0
0.0
0.0
0.243486363307
0.871353612519
-0.228761238713
0.152669486509
0.0
0.0
0.0
0.0
-0.149573305399
0.563231963059
-0.173320154515
0.115256415902
0.0
0.0413225700937
0.12331275754
-0.0873003319444
0.0
-0.0429788195543
-0.55451706668
-0.189356326119
0.0
0.0811808737377
-0.369978957763
0.403594967145
-0.337697388552
0.123222159405
0.0
-0.170971127745
-0.57731342197
-0.429038908437
-0.0629208953808
-0.141333034902
0.0
0.0
0.982207414426
-0.607939715639
0.0
-0.230743936581
0.205043755588
0.0
0.226154675159
0.1916304797
0.0
-0.624356236001
-0.205395944588
0.0
-0.0293519303404
0.0
-0.281356138328
-0.200777265334
0.570667366514
-0.192808494955
-0.303143579967
-0.247577761525
-0.0281224611038
0.0
-0.0508581477486
-0.210041747048
0.26749229275
0.0
0.0
-0.0237414755098
0.0
-0.0317992028177
0.0
-0.507610052895
-0.00446253387347
-0.0189426456083
0.0
-0.00343678812174
0.0
-0.373934052282
-0.507255434182
-0.0544160766144
-0.00546070166884
0.368856450179
0.387160630786
-0.0363890461329
0.0
0.267549358595
-0.53772958961
0.152870552382
0.0
-0.833239918359
-0.0201736050546
0.0
0.0
0.0
-0.16811811042
-0.0203130766091
0.161843603279
0.191323503775
0.0
1.42225977911
-0.352432845267
0.0
-0.107574236257
0.0
-0.0583346739868
0.133112746603
0.0
0.0130640471206
0.0969525298261
0.0
-0.0198286469316
0.0
2.03744748193
0.425210063762
0.0
0.201913166827
-0.231463457133
-0.0874252309566
0.0
0.191325409816
0.0
-0.00761103381445
-0.00218686715103
0.0
0.0
-0.0765520582793
0.0
0.0
0.0
0.0
0.0
0.0
0.0
0.039214946148
0.598727258868
-0.221565673201
0.0
0.0
0.0
-0.0651705441812
0.0
-0.0419231252695
0.0
0.0
0.0
-0.0346003986003
-0.0353095480036
-0.0637355457912
0.0
0.0104814062474
-0.0611870943765
0.111047296858
0.0
-0.134168218694
-0.062033375561
0.112868085112
0.0
-0.159902526796
-0.7611614093
0.28961113853
0.0
-0.0839562722075
-0.184009410242
0.220166153355
0.0391129861462
-0.0912632798595
-0.0312579728326
-0.045618045992
0.0
0.197562986822
-0.550031002523
0.0716208243246
0.315577078843
0.204804390079
0.0771140942157
0.0
-0.329496471946
-0.562413443909
0.0
0.10011604101
-0.140460865645
-0.0757898326413
0.319328581718
-0.18237431364
0.0
0.0552113447289
-0.39839851623
-0.499496938029
-0.529238197687
-0.357270347745
0.0
0.0141989390635
-0.0410281644388
0.0514904309245
0.0
0.0
-1.09855758831
-0.363018940653
0.233706664856
0.0
0.0989470342934
0.113338064095
-0.438948408131
0.0
-0.00216851599204
-0.164014232489
0.257443015053
-0.513632921407
-0.00414008279426
0.0
-0.537049866092
0.0
-0.125288849467
0.438484234166
0.0
-0.0734750388692
0.0253365966139
-0.363436936959
-0.0367568559221
-0.0875548861575
0.027682008295
-0.076739673772
-0.675224823463
0.470225968619
-0.0140116368227
-0.0780527472098
0.00873281768021
-0.174903191623
-0.0925808766701
-0.0596267590782
-0.131502824225
-0.0893490504019
-0.0539345519555
0.0
-0.0471380295301
0.0
0.0
-0.00334941684279
-0.0300773714185
0.0
0.0
0.0
0.0
0.453175374677
0.283876383602
0.261914421758
0.0
-0.0111290320332
0.0
-0.362982129781
-0.284641069272
-0.2562220865
-0.26379512468
0.0
-0.0748357067071
-0.462540099629
-0.0436389940933
0.0
-0.377812947382
-0.271587771625
0.0
-0.130854112725
0.0
-0.0793195790625
0.173226480415
-0.0605293946339
-0.306947973046
0.000155012219532
0.0
0.0
0.0
0.0
-0.467847963558
-0.549940964806
0.0
0.0
-0.166625457544
-0.0329697069775
-0.00719641108212
-0.0300425350045
0.0
0.144028327969
0.335458363032
0.253800587835
-0.243214203343
-0.0402695111606
-0.141080462731
0.0
-0.00109162902964
-0.00947689070967
-0.173051808336
0.0
0.0
0.014479846962
0.181932839274
-0.0268273870336
0.0
-0.352488232111
-0.0322766340467
0.0621712861505
0.261398704952
-0.0367242050402
0.0
0.554751578665
-0.418226339825
-0.131072741878
0.0
-0.141639258317
-0.0649299617484
-0.152775657493
0.0
-0.132647733996
0.0
0.0479841041841
-0.267992720451
0.0
0.0
-0.0297955583211
-0.131649805334
0.0
0.71797134064
0.0886963621866
-0.501784756078
-0.219374069482
0.18515186313
0.0
-0.21176365238
0.0
0.0
0.349153411619
-0.208728395579
-0.0375755037181
-0.134169262265
0.0
0.182774054415
-0.0697977014818
0.0
0.109625251079
-0.0498468118484
0.0
0.175479607639
0.192788361211
0.279142550267
0.252079738713
-0.186955065092
0.0
0.0
-0.204195868159
0.0
0.0
-0.0616372694866
0.0
-0.117590996192
0.0
0.0
0.0
0.0850431726991
0.504982458376
-0.285381694883
0.0
0.437674182537
-0.6712680976
0.243762519224
-0.0614736267532
0.0
-0.0752505615192
0.0
-0.140033403826
-0.0925986553517
0.502562307447
-0.051318799726
-0.02305434632
-0.234827386577
-0.463467750962
0.300950235503
0.0264173558912
0.209917240236
-0.0414362866006
-0.952454888141
0.123366779865
-0.0950516425799
-0.166719271674
0.0
-0.133669709733
0.0
0.0
-0.44074959954
0.0
0.200638057508
0.0
0.0
0.142285734007
-0.725996899799
-0.714929359049
0.0
0.0
-0.142685240814
0.0
0.218804145964
-0.316305773859
-0.109743123174
0.513984601379
-0.597519608448
0.0
0.0129761496127
0.0
0.0
-0.780626634167
-0.585048925993
-0.0272780962727
0.511429895066
0.142285734007
0.235651621773
0.0
-1.37321399679
-0.00712663069306
0.0
0.0
-0.0563995567295
-0.0551933177206
0.0
0.0
-0.0203559861217
-0.119163486312
-0.00515603117345
0.0
-0.438076497314
-0.920862320507
-0.0921709301705
-0.234099334872
-0.103326470372
0.130551077891
-0.0194444798255
-0.780834372305
-1.94690684327
-0.0868356919132
0.0
0.0
0.0
0.0
0.0
0.0
0.0
0.0
0.0
0.0
-0.0531901812958
0.0
-0.0707075272898
-0.0126715530028
-0.0609985099656
0.0
-0.070276265182
0.0
-0.165013580364
0.0
0.0
0.0
0.0
-0.910589556838
0.0
0.0
0.0
0.0
0.0
0.0
0.0
0.0
0.0
-0.2206467902
0.0
0.0
0.0
0.0
-0.00354471739985
0.0
0.0
0.0
-0.00161457836676
-0.0533022132557
-0.00700134185705
-0.145916081057
-0.00115313771149
0.0
0.0
0.0
0.0
0.0
0.0
0.0
0.0
0.0
0.0
0.0
0.0
0.0
0.0
0.0
0.0
0.0
-0.02120407497
0.0
0.0
0.0
0.0
0.0
0.0
-0.371919879331
0.0
0.0
-0.371919879331
-0.0106134296413
0.0
0.134276244884
0.134276244884
0.128172304052
0.0
0.0
0.0
0.0
0.0
0.136626879067
-0.00185418773182
0.0
0.0
0.0
0.0
0.0
0.304174184801
0.0
0.0
0.0
0.0
0.0
-0.0126525815791
0.0
-0.00245971445256
0.0
0.0
-0.0116899388322
-0.00649436960841
0.0
-0.179037072918
-0.0566702936242
0.0
0.0
0.0
0.0
0.0
0.0
0.0
0.0
0.0
0.0
0.0
0.0
0.0
0.0
0.0
0.0
0.0
0.0
0.0
0.0
0.0
0.0
0.0
0.0
0.0
0.0
0.0
0.0
0.0
0.0
0.0
0.0
0.0
0.0
0.0
0.0
0.0
0.0
0.0
0.0
0.0
0.0
0.0
-0.0698173560163
0.0
0.0
-0.0225144822557
0.0
0.0
0.0
0.0
0.0
-0.0972971704405
0.0
-0.329844700646
0.0
0.0
0.0
0.0
0.0
0.0
0.0
0.0
0.0
-0.00323762109864
0.0
0.0
0.0
0.0
0.0
0.0
0.0
0.0
-0.248358287811
0.0
-0.043301506994
0.0
-0.00627205080552
-0.11376217147
0.0
0.0
0.0
0.0
-0.154877500216
-0.00333098961501
-0.0447117441009
0.0
0.0
0.0
0.0
0.0
0.0
-0.146294729994
0.0
0.0
0.061422803627
0.0
0.0
0.0
0.0
0.0
0.0
0.0
-0.00309297291166
0.0
-0.0295155342368
0.0
0.0
-0.125808297723
-0.289339299399
-0.0818395705027
0.0
0.0
0.0
0.0
0.0
0.0
0.0
0.0
0.0
0.0
-0.0717468524317
0.0
0.0
0.0
0.0
-0.488795907107
0.0
0.0
-0.0175762939187
0.0
0.0
0.0
0.0
0.0
0.0
0.0
0.0
0.0
0.0
0.0
0.0
0.0
0.0
0.0
-0.0140037918892
0.0
0.0
0.0
-0.0715370577623
0.0
0.0
0.0
-0.145347335625
-0.0984058581967
0.0
0.0
-0.0132044198217
0.0
0.0
0.0
0.0
0.0
0.0
0.0
-0.0209604771481
0.0
0.0
0.0
0.0
0.0
0.0
0.0
0.0
0.0
0.0
-0.00104707060268
0.0
0.0
0.0
0.0
0.0
0.178627199584
-0.332219728525
0.0
0.0
-0.0445478355324
-0.00436897157244
-0.0209117101205
0.0
0.0
0.0
-0.0926392943762
0.0
0.0
0.0
0.0
0.0
0.0
0.0
0.0
0.12858892405
0.0
0.0
0.0
0.0
0.0
0.0
0.0
0.0
0.0
0.0
0.0
0.0
0.0
-0.0142960488514
0.0
0.0
0.0
0.0
0.0
0.0
0.0
0.0
0.0
0.0
-0.0593720189654
-0.792081469954
-0.185196692345
0.0
-0.0633118785141
0.0
0.0
0.0
0.0
0.0
-0.0724825723691
-0.0174518111681
-0.00218831461121
0.0
0.0
0.0
0.0
-0.145176308313
0.0
0.0
0.0
0.0
-0.13236650152
0.0
0.0
0.0
0.0
0.0
-0.0752505615192
0.0
0.0
-0.0218024524637
0.0
0.0
0.134276244884
-0.143763872901
0.0
0.0
0.0
0.0
0.0
0.0
-0.0010339426331
0.0
0.0
0.257755978128
0.0
0.0
0.0
0.0
-0.0015096610703
0.0
-0.0737131864635
-0.00863957703966
0.0
0.0
0.0
0.0
-0.00986615076667
-0.0797910301481
0.0
0.0
-0.289298854887
0.0
0.0
0.0
0.0
0.0
0.0
0.0
0.0
-0.0364820003831
0.0
0.0
-0.00218355882066
0.0
-0.0340560548536
-0.0275223703129
-0.0127445640301
-0.0165737372197
0.0
0.0
-1.19678291569
-0.0188612091097
-0.0451531058372
0.0
0.0
0.0
0.0
0.0
-0.225638423505
0.0
-0.0322521503872
0.0
-0.0252831299682
0.0
0.0
0.0
0.0
0.0
0.0
-1.33601323405
0.0
0.0
0.0
0.0
0.0
0.0
-0.011621279672
0.0
0.0
-0.223401357299
0.0
0.0
0.0
0.0
-0.106619335584
0.0
0.0
0.0
0.0
0.0
0.0
-0.038227116337
0.0
0.0
0.0
0.0
0.0
0.0
0.0
0.0
0.0
0.0
0.0
0.0
0.0
0.0
-0.0724825723691
0.0
0.0
-0.0357722476522
0.0
0.0
0.0
0.0
0.0
0.0
0.0
0.0
0.0
-0.00449608889522
0.0
0.0
-0.0192100285297
-0.0875813292986
0.0
0.0
-0.0431929636914
0.0
-0.376022905234
0.0
-0.0606197166293
-0.259218827145
0.0
0.0
0.0
0.0
0.0
-0.0737673706982
-0.040213439181
-1.13492949126
0.0
0.0
0.0
0.0
-0.343871564842
-0.00120805350951
0.0
-0.0375186837964
0.0
0.0
0.0
0.0
0.0
0.0
0.0
0.0
-0.34145479403
0.0
0.0
0.0
-0.126526025688
0.104256182286
0.0
0.0
-0.0213643363963
0.0
-0.0492984841672
0.0
0.0
0.0
-0.00201359465637
0.0
0.0
0.0
-0.796225008149
0.0
0.0
0.0
0.0
0.0
-0.0970510491287
0.0
0.0
0.0
0.0
-0.005313463362
0.0
0.0
1.0771399208
-0.000965379357904
0.0
0.0
-0.0800660669203
0.0
0.0
-0.396414341767
0.0
0.0
-0.0508632080357
0.0
0.0
-0.161141886014
0.0
0.0
-0.137774565913
0.0
0.0
0.0
0.0
0.0
0.0
0.0
-0.00191434792792
0.0
0.0
0.0
0.0
0.0
-0.0370258729677
0.0
0.0
0.0
0.0
-0.0352672508747
0.0
0.0
0.0
0.0
-0.109969316104
0.0
0.0
0.0
-0.0151624444734
0.0
0.0
0.0
0.0
0.0
0.0
0.0
0.0
-0.950031466121
0.0
0.0
-0.789354349381
0.0
-0.0227727020233
0.0
0.0
0.0
0.0
0.0
0.0
-0.0211403814636
0.0
0.0
0.0
0.0
0.0
0.0
0.0
0.0
0.0
0.0
-0.119774157224
0.0
-0.0913413381219
0.0
0.0
0.0
0.0
0.0
0.0
0.0
-0.360273734865
0.0
-0.274628523842
0.0
0.0
0.0
0.0
0.0
0.0
0.0
0.0
0.0
0.0
0.0
0.0
-0.817288716885
0.0
-0.0153968276735
0.0
-0.0227589528954
0.0
0.0
-0.026105135802
0.0
0.0
0.0
0.0
-0.657322118676
0.0
-0.0970510491287
0.0
0.0
0.0
0.0
0.0
0.0
-0.07494386215
0.0
0.0
-0.0175072661684
0.0
0.0
0.0
0.0
0.0
0.0
0.0
0.0
-0.07494386215
0.0
0.0
0.0
-0.0132555228596
0.0
-0.119107220637
-0.0144731887975
0.0
0.0
-0.294489847201
0.0
0.0
0.0
0.0
-0.000807539580043
-0.854917931998
0.0
0.0
0.0
0.0
0.0
0.0
0.0
0.0
0.0
0.0
0.0
-0.00243885446478
0.0
0.0
-0.0121923822569
0.0
0.0
0.0
0.0
-0.356358706989
-0.0752505615192
-0.0479945907312
0.0
-0.0389853013801
0.0
0.0
0.0
0.0
0.0
0.0
0.0
0.0
0.0
0.0
0.0
-0.0166231787121
0.0
0.0
0.0
0.0
-0.0342424871595
-0.0156204825951
0.0
0.0
0.0
0.0
0.0
-0.0221114607077
0.0
0.0
0.0
0.0
-0.00491901286514
-0.00294720117059
-0.0114782951538
-1.02494693183
-0.00239490673193
0.0
0.0
0.0
0.0
-0.0140037918892
0.0
0.0
0.0
0.0
0.0
0.0
0.0
0.0
0.0
0.0
0.0
0.0
0.0
0.0
0.0
0.0
0.0
0.0
0.0
0.0
0.0
-0.114319107056
0.105466850076
0.0
-0.0114782951538
0.0
0.0
0.0
0.0
-0.00728973006181
-0.0694559512176
0.0
-0.0179551238721
0.0
0.0
0.0
-0.0278445942865
0.0
-0.307776208392
0.0
0.0
0.0
0.0
0.0
-0.678343670577
0.0
-0.0212022097809
0.0
0.0
0.0
0.0
0.0
0.0
0.0
0.0
0.136626879067
0.0
0.0
-0.00752831224151
-0.0239584095982
-0.0181442690664
0.0
-0.109969316104
0.0
0.0
0.0
0.0
-0.369041128311
0.0
-0.332231703945
0.0
-0.0794280298516
0.0
0.0
0.0
0.0
0.0
-0.0266394434061
-0.463735006884
0.0
0.0
0.0
0.0
1.51469404546
0.0
0.0
0.0
-0.995522253767
-0.000727942753953
0.0
0.0
-0.00273583095819
-0.0118603863822
0.0
0.0
-0.00347279709788
0.0
-0.0557791936634
0.0
0.0
-0.206793809974
0.0
0.0
0.0
0.0
0.0
0.0
0.0
0.0
0.0
0.0
0.0
0.0
0.0
0.0
0.0
0.0
0.0
0.0
0.0
0.0
0.0
0.0
0.0
0.0
0.0
0.0
0.0
0.0
0.0
0.0
0.0
0.0
0.0
0.0
0.0
0.0
0.0
0.0
0.0
0.0
0.0
0.0
0.0
0.0
0.0
0.0
0.0
0.0
0.0
0.0
-0.0752505615192
0.0
-0.0273639931229
-0.0814983619945
0.0
0.0
0.0
-0.0752505615192
0.0
0.0
0.0
-0.440724553824
0.0
-0.206555367276
0.0
0.0
0.0
0.0
0.0
0.0
-0.133148327672
0.0
0.0
0.0
0.0
0.0
0.0
-0.385219064862
-0.531782939077
0.0
0.0
0.0
0.118062100111
-0.0894112310825
-0.0837459342402
0.0
0.0
0.0
-0.0139289247526
0.0
-0.019309953851
0.0
0.0
0.0
0.0
0.0
0.0
0.0
-0.803172615293
-0.419007028571
0.0
-0.0419209542961
0.0
0.0
0.0
0.0
0.0
0.0
0.0
0.0
-0.559961872229
-0.0171480255488
0.0
0.0
0.0
0.0
0.0
-0.0335324128247
-0.0133109566979
-0.295062072243
-0.127957984406
0.0
-0.0196427630542
0.0
-0.8245619647
0.0
0.0
-0.000649422723127
0.0
-0.231948502488
0.0
0.0
0.0
-0.0105239115335
0.0
0.0
-0.0130541159765
0.0
0.0
-0.372527485915
-0.0445894698638
0.0
0.0
-0.0836000498665
-0.161959060125
-0.00286700391265
0.0
0.0
0.0
-0.056664110926
0.0
0.0
0.0
0.0
0.0
-0.0786443393217
-0.123940026492
-0.113790498787
-0.425809963933
0.0
0.0
-0.00429384634484
0.0
0.0
0.0
-0.15730382265
0.0
0.0
0.0
0.0
0.0
0.0
0.0
0.0
0.0
-0.479516703666
0.0
-0.233865269117
0.0
-0.17100651666
0.0
0.0
0.0
0.0
0.0
0.0
0.0
-0.0049954084527
0.0
0.0
0.0
0.0
0.0
0.0
0.0
0.0
0.0
0.0
0.0
0.0
0.0
0.0
0.0
0.0
0.0
-0.441802811199
0.0
0.0
0.0
0.0
0.0
0.0
0.0
0.0
0.0
0.0
0.0
0.0
0.0
0.0
0.0
0.0
-0.00168250196875
-0.389224862864
-0.0223946437536
0.123295367272
-0.0452322737536
0.0
0.0
0.0
-0.225751684558
-0.0534126243002
0.0
-0.0172956080818
0.0
0.0
0.0
0.0
0.0
-0.00979488099834
0.0
0.0
-0.0194742008726
-0.0196792379666
0.0
-0.026397264063
-0.0786443393217
0.0
0.0
0.0
0.0
0.0
0.0
-0.0151624444734
0.0
0.0
0.0
0.0
-0.00512557075465
0.0
0.0
0.0
-0.0188791717197
0.0
0.0
-0.428181381681
0.0
0.0
0.0
-0.0435869749628
0.0
0.0
0.0
0.0
0.0
-0.082161402565
0.0
0.182360582847
-0.122250836858
-0.371015093311
-0.563338250161
0.0
-0.0325689488587
-1.11121371643
0.0
-0.323280846448
0.0
0.0
0.0
0.0
0.0
0.0
0.0
0.0
0.0
0.0
-0.00952757112114
-0.0173920451768
0.0
0.0
0.0
-0.227843766969
0.0
-0.058599241161
0.0
-0.348437275039
-0.0747627529987
0.250302933594
-0.0152808353989
0.0
0.0
0.0991390713252
0.0
0.0
0.0
-0.0663343821232
0.0
-0.369762285234
0.0
-0.0154572158243
-0.121574441648
0.0
-0.0226987687002
0.0
0.0
0.0
0.0
0.0
0.0
-1.30801089963
0.0
0.0
0.0
-0.957205896442
0.0
0.0
0.0
0.0
-0.704987110381
0.0
-0.276149088311
0.0
0.0
0.0
0.0
0.0
0.0
0.0
0.0
0.0
0.0
0.0
0.0
0.0
0.0
0.0
0.0
0.0
-0.0752505615192
-0.17598285257
-0.0238375102901
0.195653734887
0.0
-0.00218509310872
0.0
-0.0151624444734
0.0
0.0
0.0
0.0
-0.530675039591
-0.0254456574484
0.0
-0.216039717801
-0.105748365696
0.0
0.0
0.0
0.0
0.0
0.0
0.0
0.0
-0.279299472396
-0.0114628411522
0.0
0.0
0.0
-0.502754506119
0.0
-0.505323082045
0.0
-0.846798654333
0.0
0.0
0.0
0.0
0.0
0.0
0.0
0.0
0.0
0.0
-0.237986829095
0.0
0.0
0.780851853963
0.0
-1.06538899491
0.80430194998
0.0
-0.118041169827
0.0
-0.155298642106
0.0
0.0
0.0
-0.016526493065
0.0
-0.00962044794252
-0.00896599878263
0.0
0.0
0.0
0.0
0.0
0.0
0.0
0.0
-0.0687186560467
0.0
0.0
0.0
0.0
0.0
0.0
0.0
0.0
0.0
0.0
0.0
0.0
0.275443552747
0.0
0.0
0.0
0.0
0.0
0.0
0.0
0.0
0.0
0.0
0.0
-0.000783690529863
0.0
0.0
-0.064815018746
-0.0193033791699
0.0
0.0
0.0
0.0
0.0
0.0
0.0
0.0
0.0
0.0
0.0
0.0
0.0
0.0
0.0
0.0
0.0
0.0
0.0
0.0
0.0
0.0
0.0
0.0
-0.051978270213
0.0
0.0
0.0
0.0
-0.0945239548076
0.0
0.0
0.0
0.0
0.0
0.0
0.0
0.0
0.0
0.0
0.0
-0.194207206874
0.0
0.0
0.0
-0.189175594893
-0.133354597681
0.0
0.0
0.0
-0.019700697866
0.0
0.0
0.0
0.0
0.0
0.0
0.0
0.0
0.0
0.0
-0.00842362134285
0.0
0.0
0.0
0.0
0.0
0.0
0.0
0.0
0.0
-0.342604077026
0.0
0.0
0.0
0.0
0.0
-0.0245021388499
0.0
0.0
-0.267477575538
-0.521402084895
-0.118995983534
0.0
0.0
-0.152560050789
0.0
0.0
0.0
0.0
-0.233252301895
-0.11452417516
0.0
0.0
0.0
0.0
-0.202152101718
-0.0665416286725
0.168693226394
-0.046780130686
0.0
-0.289244584431
0.0
0.0
0.0
0.0
0.0
-0.0337737345401
0.0
-0.677064927383
0.0
-0.41070570248
0.0
0.0
0.0
-0.175632667581
0.0
0.0
0.0
-0.010586304119
0.0
-0.00999326157603
-0.0752505615192
0.0
0.0
-0.0752505615192
-0.0248486079904
0.0
0.0
0.0
0.358374074116
0.00408600069993
0.0
0.0
0.0
0.0
0.0
0.0
0.0
-0.00982086497359
-0.0296660635501
-0.0104558550603
-0.136370227352
0.0
0.0
0.0
0.0
0.0
-0.0749569632694
0.0
-0.123458990626
0.0
0.0
0.0
-0.227652176196
0.0
0.0
-0.474975549084
0.0
-0.0712804608082
0.0
0.0
0.0
0.0
0.0
0.0
0.0
-0.0221699383759
-0.0586837266682
0.0
0.0
-0.0242008524377
0.0
0.0
0.0
0.0
0.0
-0.0077281036483
0.0
0.0
0.0
0.0
0.0
0.0
-0.59862083136
-0.00106957812696
0.0
-1.19705727468
0.0
0.0
0.0
-0.148585891378
-0.169986937576
-0.00206602422208
0.0
-0.0789192855208
0.0
0.0
0.0
0.0
0.0
-0.395729619053
0.0
0.0
0.0
0.0
0.0
-0.0262399912311
0.257184923352
0.0
-0.150501123038
0.0
0.0
0.0
0.0
0.0
0.0
0.0
-0.0209604771481
0.0
-0.013003818596
0.16225457344
-0.0407560330016
0.0
-0.163828683984
-0.00419508597772
0.0
-0.128289960688
-0.00224932838198
-0.0170484806466
0.0
0.0
0.0
0.0
0.0
0.0
0.0
0.0
-0.00160601865277
0.0
-0.304800156874
-0.318688097658
-0.0150866943727
-0.038227116337
-0.0316058245195
-0.897343286114
-0.0403074464834
0.0
0.0
0.0
0.0
0.0
-0.110182513264
0.0
0.0
0.0
-0.0239795701883
0.0
-0.017785457962
0.0
0.0
0.0
0.0
0.0
0.0
-0.121908075116
-0.0280758420405
-0.000783690529863
0.319795973254
0.0
-0.10563176599
-0.15366052915
-0.0389370001438
-0.0184124196892
0.0
0.0
0.0
0.0
0.0
0.0
0.0
-0.0195390564487
-0.0209604771481
0.0
-0.178459457666
0.0
0.0
0.0
-0.371919879331
-0.130602025218
-0.0682816279295
0.0
-0.00189041487822
-0.0634847149716
0.0
0.0
0.0
0.0
0.0
0.0
-0.0177461068796
0.0
0.0
-1.19792285016
-0.0257769793935
0.0
0.0
0.0
0.0
-0.038227116337
0.0
-0.0010339426331
0.0
0.0
0.0
0.0
0.0
0.0
0.0
-0.0381006835453
0.0
-0.000649422723127
0.0
0.0
-0.0339864976848
0.0
0.0
0.0
0.0
0.372173581644
-0.145895521685
0.0
0.0
0.0
0.0
-0.100274841716
0.0
0.0
0.0
0.0
-0.0225980093794
0.0
0.0
0.0
0.0
0.0
0.0
0.0
0.0
0.0
0.0
0.0
0.0
-0.355948321412
0.0
0.0
0.0
0.0
0.0
0.0
0.0
-0.341744154138
-0.316331936225
0.115039199943
0.0
0.0
0.0
0.0
-0.211055011333
0.101903229889
0.0
0.0
0.0
-0.441138642719
0.0
0.0
-2.46066764283
-0.136295218349
0.0
0.0
0.0
-0.0264079414975
0.0
0.0650449836346
-0.133944789562
-0.00171786474303
-0.920604454245
-0.176318334752
-0.0729902340978
-0.145811318208
0.0
0.0
0.0
0.0
0.0
0.0
-0.0103819268811
0.0
0.0
-0.0752505615192
-0.0258781746476
0.0
0.0
0.0
0.0
0.0
0.0
0.0
0.0
-0.492974587405
-0.0121454781917
0.0
0.0
0.0
0.0
0.0
-0.0936823346223
0.0
0.0
0.0
-0.155066652267
0.124013523539
0.0
0.0
-0.0222138751757
-0.325604871686
0.0
0.0
-0.254301752481
-0.00229782252805
-0.00493390367715
0.0
-0.00140746377095
0.0
-0.0116899388322
-0.109442939254
0.0
0.0
-0.23191755039
0.0
-0.00539862379953
0.0
0.0
0.0
0.0
-0.234814956517
0.0
0.0
0.0
0.0
-0.0644088855715
0.0
0.0
-0.0175994411458
0.0
0.0
0.0
-0.125034357133
0.0
-0.0816918911917
0.0
-0.00808337035914
-0.0164033303168
0.0
0.0
0.0
-0.150501123038
0.0
0.0
1.5134240411
0.0
0.0
0.0
0.0
0.0
0.0
0.0
-0.0606694498606
0.0
0.0
0.0
0.0
0.0
0.0
0.0
0.129167054078
0.0
0.0
0.0
0.0
0.123295367272
0.0
0.0
0.0
0.0
0.0
-0.105748365696
0.0
-0.0165926348919
0.0
0.0
0.0
0.0
0.0
0.0
0.0
0.0
0.0
0.0
0.0
0.0
-0.0500018549569
0.0
0.0
0.0
0.0
-0.101133160696
0.0
0.0
0.0
0.0
0.0
0.0
-0.0195856753375
0.749476699347
0.0
-3.00785539931
0.0
-0.0329638434713
0.0
0.0
0.0
0.0
0.0
0.0
0.0
0.0
0.0
0.0
0.0
0.0
0.0
0.0
0.0
0.0
0.0
0.0
0.0
0.0
0.0
0.0
0.0
0.0
0.0
0.0
0.0
0.0
0.0
0.0
0.0
0.0
0.0
0.0
0.0
0.0
0.0
0.0
0.0
0.0
0.0
0.0
0.0
0.0
0.0
0.0
0.0
0.0
0.0
0.0
0.0
0.0
0.0
0.0
0.0
0.827009043485
0.0
-0.75867967089
-0.302120119836
0.0
0.0
0.0
0.0
0.0
-0.0428743794658
0.0
0.0
-1.14467246373
0.0
0.0
0.0
0.0
-0.00785496190085
0.0
0.0
0.0
-0.108392207789
-0.234119719736
-0.0752505615192
0.0
0.0
0.0
0.0
0.0
0.0
-0.0287850035902
0.0
0.0
0.0
0.0
0.0
0.0
0.0
0.0
0.0893721694737
-0.28108651723
-0.0669717683914
-0.0673467099321
0.0
0.0
0.0
0.0
0.0
0.0
0.0
-0.634713733794
0.0
0.0
0.0
0.0
-0.0347928363231
0.0
0.0
-3.20963737769
0.0
0.0
0.0
0.0
0.0
0.0
0.0
0.0
0.0
0.0
0.0
0.0
0.0
0.0
0.0
0.0
0.0
-0.509519351942
-0.0634091586599
0.0
-0.0759259535629
0.0
0.0
0.0
-0.41209684098
0.0
-0.516632555881
0.0
0.0
-0.0104691699856
0.0
0.0
0.0
0.0
0.0
0.0
0.0
0.0
-0.010948159459
0.0
0.0
-0.0195856753375
0.0
0.0
0.0
0.0
0.0
0.0
0.0
0.0
0.0
0.0
0.0
-0.00243885446478
0.0
0.0
0.0
0.0
0.0
0.0
0.0
0.0
0.0
-0.0540087050308
0.0
0.0
0.0
0.0
-0.378340536245
0.0
0.0
0.0
0.0
0.0
0.0
0.0
-0.0232736807168
-0.233382619654
0.0
0.0
0.0
0.0
0.0
-0.0798704653062
0.0
-0.038227116337
-0.258311730783
0.0
0.0
0.0
0.0
-0.0191369245269
-0.277698264642
0.0
0.0
0.0
-0.00250329089252
0.0
0.0
0.0
0.0
-0.00309297291166
0.0
0.0
0.0
0.0
0.0
0.0
0.0
0.0
-1.01623337533
0.0
0.0
0.0
0.0
0.0
0.0
-0.0638817887013
0.0
-0.0362193633972
0.0
0.0
0.0
0.0
0.0
0.0
0.0
0.0
0.0
-0.0752505615192
0.0
0.0
0.0
0.0
-0.10007790171
0.0
0.0
0.0
0.0
0.0318451513103
0.0
0.0
-0.184271863148
0.0
-0.0267995680521
0.0
-0.0151545068812
0.0
0.0
0.0
0.0
0.0
0.0
-0.00338358133821
0.0
0.0
0.0
0.0
0.0
0.0
0.0
0.0
0.0
0.0
0.0
-0.0111549214825
0.0
0.0
0.0
0.0
-0.00294720117059
0.0
0.0
-0.526242228671
-0.603246658324
0.0
0.0
0.0
0.0
0.0
0.0
0.0
0.0
0.0
0.0
0.0
0.0
0.0
0.0
-0.0556711947925
0.0
-0.088167408069
-0.0818395705027
-0.0214614472906
-0.23211841342
0.0
0.0
0.0
0.0
0.0
0.0
0.0
0.0
0.0
0.0
0.0
0.0
0.0
0.0
0.0
0.0
0.0
-0.757626783828
0.0
0.0
0.0
0.0
0.0
-0.00106957812696
0.0
0.0
0.0
0.0
0.0
0.0
0.0
0.0
0.0
-0.0724115745371
0.0
0.0
0.0
0.0
0.0
0.0
0.0
0.0
0.0
0.0
-0.00219826636718
0.0
0.0
-0.310607381666
0.0
0.0
0.110489490632
-0.0484787196228
0.0
0.0
0.0
0.0
0.0
0.0
0.0
0.0
0.0
-0.00351041970347
-0.195516322451
0.0
-0.246393716561
0.0
0.0
0.0
0.0
0.0
-0.0379926223544
-0.00883078289586
0.0
0.0
-0.0295887417621
0.0
0.0
-0.0439579735487
0.0
0.0
0.0
0.0
0.0
0.0
0.0
0.0
0.0
0.0
0.0
0.0
0.0
0.0
0.0
0.0
0.0
0.0
0.0
0.0
0.0
0.0
0.0
0.0
0.0
0.0
-0.127128461267
0.0
0.0
-0.0477709936366
-0.00290903509668
-0.133354597681
0.0
0.0
-3.24241668517
0.0
0.0
-0.0105250016527
0.0
0.0
0.0
0.0
0.0
0.0
0.0
-0.755045539306
0.0
0.0
0.0
0.0
0.0
0.0
-0.0743557640469
0.0
0.0
0.321689062356
0.0
-0.130261568966
0.0
0.0
0.0
0.0
0.0
0.0
-0.00245971445256
-0.0119934765088
0.0
0.0
0.0
-0.107890220064
0.0
-0.272786583517
0.0
0.0
0.0
0.0
0.0
0.430775607285
0.0
0.0
0.0
-0.15695960526
0.0
0.0
0.0
0.0
0.0
0.0
0.0
0.0
0.0
0.0
0.0
0.0
0.0
-0.013003818596
0.0
0.0
0.0
0.0
0.0
0.0
0.0
0.0
0.0
0.0
-0.038227116337
0.0
0.0
0.0
-0.460693292997
0.0
-0.197591395037
0.0
-0.263027685508
-0.0258781746476
-0.144132473875
-0.0930877287316
0.0
0.0
0.0
-0.00194248958681
0.0
0.0
-0.0422251559663
-0.0139515567206
-0.00218686715103
0.0
0.0
0.0
0.0
0.0
0.0
0.0
0.0
0.0
0.0
0.0
0.0
-0.0784322193986
0.0
0.0
0.0
0.0
0.0
0.0
0.0
0.0
0.0
0.0
0.0
0.0
0.0
0.0
0.0
-0.0375394241222
0.0
0.0
0.0
0.0
0.0
0.0
0.12858892405
0.0
-0.101940490972
0.0
0.0
0.0
0.0
0.0
0.0
-0.0209604771481
-0.0200452377462
0.0
0.0
0.0
0.0
0.0
-0.493781008453
-0.0147037394347
0.0
0.0
0.0
0.0
0.0
-0.0875813292986
0.0
0.0
0.0
0.0
0.0
0.0
-0.0868795675545
0.0
0.0
0.0
0.0
0.0
0.0
0.0
0.0
0.0
0.0
0.0
-0.110722072827
0.0
0.0
0.0
0.0
-0.0732689866946
0.0
0.0
0.0
-0.412459929333
0.0
-0.0245602117518
-0.0160413402252
0.0
0.0
0.0
0.0
0.0
0.0
-0.0160738914356
0.0
0.0
-0.0157839905716
0.0
-0.00160601865277
0.0
0.0
0.0
0.0
0.0
0.0
0.0
0.0
0.0
0.0
0.0
0.0
-0.502356281694
0.0
0.0
0.0
0.0
-0.116225296629
0.0
0.0
-0.0219068143955
0.0
-0.0280940983024
0.0
0.0
0.0
0.0
0.0
0.0
-0.152145930378
0.0
0.0
0.0
-0.00830470653583
0.0
0.0
0.0
-0.27654242442
0.0
-0.672207851563
0.0
0.0
0.0478942946178
0.0
0.0
0.0
0.0
0.0
0.0
0.0
0.0
0.0
-0.75498368385
0.0
0.0
-3.20963737769
-0.150501123038
0.0
0.0
0.0
0.0
0.0
0.0
0.0
-0.722765557082
0.0
0.0
0.0
0.0
0.0
0.0
-0.254339772543
-0.00106957812696
0.0
-0.149623543426
0.0
-0.0189005756686
0.0
0.0
-0.0274699971192
0.0
0.0
0.0
-0.0173780131131
0.0
0.0
0.0
0.0
0.0
0.0
-0.0182669966026
0.0
0.0
0.0
0.0
0.0
0.0
0.0
0.0
0.0
0.0
0.0
0.0
0.0
0.0
0.0
0.0
0.0
0.0
0.0
-0.371919879331
0.0
0.0
0.0
0.0
0.0
-0.00372994582949
0.0
0.895007189
-0.127472654639
0.0
-0.105355192528
0.0
0.430775607285
0.0
0.0
0.0
-0.298731038124
-0.150501123038
0.0
-0.0240020656184
0.0
0.0
0.0
0.0
0.0
0.0
0.0
-0.0207729452224
0.0
-0.0375300384673
0.0
0.0
0.0
0.0
0.0
0.0
0.0
-0.135611368848
0.0
-0.0642173065441
0.0
-0.100413930617
0.0
-0.215254740869
0.0
0.0
0.0
-0.0703355531834
0.722290591599
0.0
-0.143245801916
0.0
0.0
0.0
-0.123956731255
0.0
0.0
0.0
-0.0153121316323
-0.00811248987566
0.0747093177282
0.0
0.0
0.0
0.0
0.0
0.0
0.0
0.0
0.0
-0.124403485059
0.0
0.0
0.0
0.0
0.103740641384
0.0
0.0
0.0
-0.0404708160187
-0.240243500152
0.0
0.0
0.0
0.0
0.39738256334
0.0
-0.000925988563158
-0.00115313771149
0.0
-6.01132198643
0.0
0.0
0.0
0.0
0.0
0.0
0.0
0.0
0.0
0.0
0.0
-0.017785457962
-0.0796999911745
-0.0320826804504
0.0
-0.0489271780155
-0.60492904505
0.0
0.0
-0.015787502479
0.0
0.0
0.0
0.0
0.0
0.0
0.0
0.0
0.0
0.0
0.0
0.0
0.0
0.0
0.0
0.0
-0.102608270602
0.0
-0.0255608967361
0.0
0.0
0.0
0.0
0.0
0.0
0.0
0.0
0.0
-1.62946009039
0.0
0.0
0.0
0.0
-0.038227116337
0.0
0.0
0.0
0.0
-0.0206493147522
0.0
-0.108775295966
-0.00717104872169
0.0
0.0
0.0
0.0
0.0533126747737
0.0
-0.07494386215
0.0
0.0
-0.348609904291
-0.0752505615192
0.0
0.0
-0.188019324859
0.0
0.0
0.0
0.0
0.0326197052519
0.0
-0.0255045803526
0.0
-0.00165006708435
-0.0451432686488
0.0
0.0
0.0
0.0
0.0
-0.0149972732948
0.0
0.0
0.0
-0.103004836708
0.0
0.0
0.0
0.0
0.0
0.0
-0.142424198674
0.0
0.0
0.0
-0.717828326182
0.0
0.0
0.0
0.0
0.0
0.0
0.0
0.0
0.0
-0.073668600549
0.0
0.0
-0.621313815803
0.0
-0.0240711923528
0.0
0.0
-0.0698755721577
0.0
0.0
0.0
0.0
0.0
0.0
-0.0440357978167
-0.00956061754577
0.0
0.0
-0.444383272621
0.0
0.0
0.0
0.0
0.0
0.0
0.0
0.0
0.0
0.0
0.0
-0.0210141846875
0.0
0.0
0.0
-0.0499327621785
0.0
0.0
0.0
0.0
-0.0151545068812
0.0
0.0
-0.210389396637
0.0
0.0
0.0
-0.117364223723
-0.084646367549
0.0
0.84528187531
-0.0122751515706
0.0
0.0
0.0
0.0
0.0
0.0
-0.0142260936498
0.0
0.0
0.0
0.0
-0.215246197684
-0.0460583516445
0.0
0.0
-0.0059022843514
0.0
0.0
-0.0318662871475
0.0
0.0
0.0
0.0
0.0
0.0
0.0
0.0
0.0
-0.0397580662148
0.0
-0.088576513517
-0.197862301943
0.0
0.0
0.0
0.0
0.0
0.0
0.0
0.0
0.0
0.0
0.0
0.0
0.0
0.0
0.0
0.0
0.0
0.0
0.0
0.0
0.0
0.0
0.0
0.0
0.0
0.0
0.0
0.0
0.0
0.0
0.0
0.0
0.0
0.0
0.0
0.0
0.0
0.0
0.0
0.0
0.0
0.0
0.0
0.0
0.0
0.0
0.0
0.0
0.0
0.0
0.0
0.0
0.0
0.0
0.0
0.0
0.0
0.0
0.0
0.0
0.0
0.0
0.0
0.0
0.0
0.0
0.0
0.0
0.0
0.0
0.0
0.0
0.0
0.0
0.0
0.0
0.0
0.0
0.0
0.0
0.0
0.0
0.0
0.0
0.0
0.0
0.0
0.0
0.0
0.0
0.0
0.0
0.0
0.0
0.0
0.0
0.0
0.0
0.0
0.0
0.0
0.0
0.0
0.0
0.0
0.0
0.0
0.0
0.0
0.0
0.0
0.0
0.0
0.0
0.0
0.0
0.0
0.0
0.0
0.0
0.0
0.0
0.0
0.0
0.0
0.0
0.0
0.0
0.0
0.0
0.0
0.0
0.0
0.0
0.0
0.0
0.0
0.0
0.0
0.0
0.0
0.0
0.0
0.0
0.0
0.0
0.0
0.0
0.0
0.0
0.0
0.0
0.0
0.0
0.0
0.0
0.0
0.0
0.0
0.0
0.0
0.0
0.0
0.0
0.0
0.0
0.0
0.0
0.0
0.0
0.0
0.0
0.0
0.0
0.0
0.0
0.0
0.0
0.0
0.0
0.0
0.0
0.0
0.0
0.0
0.0
0.0
0.0
0.0
0.0
0.0
0.0
0.0
0.0
0.0
0.0
0.0
0.0
0.0
0.0
0.0
0.0
0.0
0.0
0.0
0.0
0.0
0.0
0.0
0.0
0.0
0.0
0.0
0.0
0.0
0.0
0.0
0.0
0.0
0.0
0.0
0.0
0.0
0.0
0.0
0.0
0.0
0.0
0.0
0.0
0.0
0.0
0.0
0.0
0.0
0.0
0.0
0.0
0.0
0.0
0.0
0.0
0.0
0.0
0.0
0.0
0.0
0.0
0.0
0.0
0.0
0.0
0.0
0.0
0.0
0.0
0.0
0.0
0.0
0.0
0.0
0.0
0.0
0.0
0.0
0.0
0.0
0.0
0.0
0.0
0.0
0.0
0.0
0.0
0.0
0.0
0.0
0.0
0.0
0.0
0.0
0.0
0.0
0.0
0.0
0.0
0.0
0.0
0.0
0.0
0.0
0.0
0.0
0.0
0.0
0.0
0.0
0.0
0.0
0.0
0.0
0.0
0.0
0.0
0.0
0.0
0.0
0.0
0.0
0.0
0.0
0.0
0.0
0.0
0.0
0.0
0.0
0.0
0.0
0.0
0.0
0.0
0.0
0.0
0.0
0.0
0.0
0.0
0.0
0.0
0.0
0.0
0.0
0.0
0.0
0.0
0.0
0.0
0.0
0.0
0.0
0.0
0.0
0.0
0.0
0.0
0.0
0.0
0.0
0.0
0.0
0.0
0.0
0.0
0.0
0.0
0.0
0.0
0.0
0.0
0.0
0.0
0.0
0.0
0.0
0.0
0.0
0.0
0.0
0.0
0.0
0.0
0.0
0.0
0.0
0.0
0.0
0.0
0.0
0.0
0.0
0.0
0.0
0.0
0.0
0.0
0.0
0.0
0.0
0.0
0.0
0.0
0.0
0.0
0.0
0.0
0.0
0.0
0.0
0.0
0.0
0.0
0.0
0.0
0.0
0.0
0.0
0.0
0.0
0.0
0.0
0.0
0.0
0.0
0.0
0.0
0.0
0.0
0.0
0.0
0.0
0.0
0.0
0.0
0.0
0.0
0.0
0.0
0.0
0.0
0.0
0.0
0.0
0.0
0.0
0.0
0.0
0.0
0.0
0.0
0.0
0.0
0.0
0.0
0.0
0.0
0.0
0.0
0.0
0.0
0.0
0.0
0.0
0.0
0.0
0.0
0.0
0.0
0.0
0.0
0.0
0.0
0.0
0.0
0.0
0.0
0.0
0.0
0.0
0.0
0.0
0.0
0.0
0.0
0.0
0.0
0.0
0.0
0.0
0.0
0.0
0.0
0.0
0.0
0.0
0.0
0.0
0.0
0.0
0.0
0.0
0.0
0.0
0.0
0.0
0.0
0.0
0.0
0.0
0.0
0.0
0.0
0.0
0.0
0.0
0.0
0.0
0.0
0.0
0.0
0.0
0.0
0.0
0.0
0.0
0.0
0.0
0.0
0.0
0.0
0.0
0.0
0.0
0.0
0.0
0.0
0.0
0.0
0.0
0.0
0.0
0.0
0.0
0.0
0.0
0.0
0.0
0.0
0.0
0.0
0.0
0.0
0.0
0.0
0.0
0.0
0.0
0.0
0.0
0.0
0.0
0.0
0.0
0.0
0.0
0.0
0.0
0.0
0.0
0.0
0.0
0.0
0.0
0.0
0.0
0.0
0.0
0.0
0.0
0.0
0.0
0.0
0.0
0.0
0.0
0.0
0.0
0.0
0.0
0.0
0.0
0.0
0.0
0.0
0.0
0.0
0.0
0.0
0.0
0.0
0.0
0.0
0.0
0.0
0.0
0.0
0.0
0.0
0.0
0.0
0.0
0.0
0.0
0.0
0.0
0.0
0.0
0.0
0.0
0.0
0.0
0.0
0.0
0.0
0.0
0.0
0.0
0.0
0.0
0.0
0.0
0.0
0.0
0.0
0.0
0.0
0.0
0.0
0.0
0.0
0.0
0.0
0.0
0.0
0.0
0.0
0.0
0.0
0.0
0.0
0.0
0.0
0.0
0.0
0.0
0.0
0.0
0.0
0.0
0.0
0.0
0.0
0.0
0.0
0.0
0.0
0.0
0.0
0.0
0.0
0.0
0.0
0.0
0.0
0.0
0.0
0.0
0.0
0.0
0.0
0.0
0.0
0.0
0.0
0.0
0.0
0.0
0.0
0.0
0.0
0.0
0.0
0.0
0.0
0.0
0.0
0.0
0.0
0.0
0.0
0.0
0.0
0.0
0.0
0.0
0.0
0.0
0.0
0.0
0.0
0.0
0.0
0.0
0.0
0.0
0.0
0.0
0.0
0.0
0.0
0.0
0.0
0.0
0.0
0.0
0.0
0.0
0.0
0.0
0.0
0.0
0.0
0.0
0.0
0.0
0.0
0.0
0.0
0.0
0.0
0.0
0.0
0.0
0.0
0.0
0.0
0.0
0.0
0.0
0.0
0.0
0.0
0.0
0.0
0.0
0.0
0.0
0.0
0.0
0.0
0.0
0.0
0.0
0.0
0.0
0.0
0.0
0.0
0.0
0.0
0.0
0.0
0.0
0.0
0.0
0.0
0.0
0.0
0.0
0.0
0.0
0.0
0.0
0.0
0.0
0.0
0.0
0.0
0.0
0.0
0.0
0.0
0.0
0.0
0.0
0.0
0.0
0.0
0.0
0.0
0.0
0.0
0.0
0.0
0.0
0.0
0.0
0.0
0.0
0.0
0.0
0.0
0.0
0.0
0.0
0.0
0.0
0.0
0.0
0.0
0.0
0.0
0.0
0.0
0.0
0.0
0.0
0.0
0.0
0.0
0.0
0.0
0.0
0.0
0.0
0.0
0.0
0.0
0.0
0.0
0.0
0.0
0.0
0.0
0.0
0.0
0.0
0.0
0.0
0.0
0.0
0.0
0.0
0.0
0.0
0.0
0.0
0.0
0.0
0.0
0.0
0.0
0.0
0.0
0.0
0.0
0.0
0.0
0.0
0.0
0.0
0.0
0.0
0.0
0.0
0.0
0.0
0.0
0.0
0.0
0.0
0.0
0.0
0.0
0.0
0.0
0.0
0.0
0.0
0.0
0.0
0.0
0.0
0.0
0.0
0.0
0.0
0.0
0.0
0.0
0.0
0.0
0.0
0.0
0.0
0.0
0.0
0.0
0.0
0.0
0.0
0.0
0.0
0.0
0.0
0.0
0.0
0.0
0.0
0.0
0.0
0.0
0.0
0.0
0.0
0.0
0.0
0.0
0.0
0.0
0.0
0.0
0.0
0.0
0.0
0.0
0.0
0.0
0.0
0.0
0.0
0.0
0.0
0.0
0.0
0.0
0.0
0.0
0.0
0.0
0.0
0.0
0.0
0.0
0.0
0.0
0.0
0.0
0.0
0.0
0.0
0.0
0.0
0.0
0.0
0.0
0.0
0.0
0.0
0.0
0.0
0.0
0.0
0.0
0.0
0.0
0.0
0.0
0.0
0.0
0.0
0.0
0.0
0.0
0.0
0.0
0.0
0.0
0.0
0.0
0.0
0.0
0.0
0.0
0.0
0.0
0.0
0.0
0.0
0.0
0.0
0.0
0.0
0.0
0.0
0.0
0.0
0.0
0.0
0.0
0.0
0.0
0.0
0.0
0.0
0.0
0.0
0.0
0.0
0.0
0.0
0.0
0.0
0.0
0.0
0.0
0.0
0.0
0.0
0.0
0.0
0.0
0.0
0.0
0.0
0.0
0.0
0.0
0.0
0.0
0.0
0.0
0.0
0.0
0.0
0.0
0.0
0.0
0.0
0.0
0.0
0.0
0.0
0.0
0.0
0.0
0.0
0.0
0.0
0.0
0.0
0.0
0.0
0.0
0.0
0.0
0.0
0.0
0.0
0.0
0.0
0.0
0.0
0.0
0.0
0.0
0.0
0.0
0.0
0.0
0.0
0.0
0.0
0.0
0.0
0.0
0.0
0.0
0.0
0.0
0.0
0.0
0.0
0.0
0.0
0.0
0.0
0.0
0.0
0.0
0.0
0.0
0.0
0.0
0.0
0.0
0.0
0.0
0.0
0.0
0.0
0.0
0.0
0.0
0.0
0.0
0.0
0.0
0.0
0.0
0.0
0.0
0.0
0.0
0.0
0.0
0.0
0.0
0.0
0.0
0.0
0.0
0.0
0.0
0.0
0.0
0.0
0.0
0.0
0.0
0.0
0.0
0.0
0.0
0.0
0.0
0.0
0.0
0.0
0.0
0.0
0.0
0.0
0.0
0.0
0.0
0.0
0.0
0.0
0.0
0.0
0.0
0.0
0.0
0.0
0.0
0.0
0.0
0.0
0.0
0.0
0.0
0.0
0.0
0.0
0.0
0.0
0.0
0.0
0.0
0.0
0.0
0.0
0.0
0.0
0.0
0.0
0.0
0.0
0.0
0.0
0.0
0.0
0.0
0.0
0.0
0.0
0.0
0.0
0.0
0.0
0.0
0.0
0.0
0.0
0.0
0.0
0.0
0.0
0.0
0.0
0.0
0.0
0.0
0.0
0.0
0.0
0.0
0.0
0.0
0.0
0.0
0.0
0.0
0.0
0.0
0.0
0.0
0.0
0.0
0.0
0.0
0.0
0.0
0.0
0.0
0.0
0.0
0.0
0.0
0.0
0.0
0.0
0.0
0.0
0.0
0.0
0.0
0.0
0.0
0.0
0.0
0.0
0.0
0.0
0.0
0.0
0.0
0.0
0.0
0.0
0.0
0.0
0.0
0.0
0.0
0.0
0.0
0.0
0.0
0.0
0.0
0.0
0.0
0.0
0.0
0.0
0.0
0.0
0.0
0.0
0.0
0.0
0.0
0.0
0.0
0.0
0.0
0.0
0.0
0.0
0.0
0.0
0.0
0.0
0.0
0.0
0.0
0.0
0.0
0.0
0.0
0.0
0.0
0.0
0.0
0.0
0.0
0.0
0.0
0.0
0.0
0.0
0.0
0.0
0.0
0.0
0.0
0.0
0.0
0.0
0.0
0.0
0.0
0.0
0.0
0.0
0.0
0.0
0.0
0.0
0.0
0.0
0.0
0.0
0.0
0.0
0.0
0.0
0.0
0.0
0.0
0.0
0.0
0.0
0.0
0.0
0.0
0.0
0.0
0.0
0.0
0.0
0.0
0.0
0.0
0.0
0.0
0.0
0.0
0.0
0.0
0.0
0.0
0.0
0.0
0.0
0.0
0.0
0.0
0.0
0.0
0.0
0.0
0.0
0.0
0.0
0.0
0.0
0.0
0.0
0.0
0.0
0.0
0.0
0.0
0.0
0.0
0.0
0.0
0.0
0.0
0.0
0.0
0.0
0.0
0.0
0.0
0.0
0.0
0.0
0.0
0.0
0.0
0.0
0.0
0.0
0.0
0.0
0.0
0.0
0.0
0.0
0.0
0.0
0.0
0.0
0.0
0.0
0.0
0.0
0.0
0.0
0.0
0.0
0.0
0.0
0.0
0.0
0.0
0.0
0.0
0.0
0.0
0.0
0.0
0.0
0.0
0.0
0.0
0.0
0.0
0.0
0.0
0.0
0.0
0.0
0.0
0.0
0.0
0.0
0.0
0.0
0.0
0.0
0.0
0.0
0.0
0.0
0.0
0.0
0.0
0.0
0.0
0.0
0.0
0.0
0.0
0.0
0.0
0.0
0.0
0.0
0.0
0.0
0.0
0.0
0.0
0.0
0.0
0.0
0.0
0.0
0.0
0.0
0.0
0.0
0.0
0.0
0.0
0.0
0.0
0.0
0.0
0.0
0.0
0.0
0.0
0.0
0.0
0.0
0.0
0.0
0.0
0.0
0.0
0.0
0.0
0.0
0.0
0.0
0.0
0.0
0.0
0.0
0.0
0.0
0.0
0.0
0.0
0.0
0.0
0.0
0.0
0.0
0.0
0.0
0.0
0.0
0.0
0.0
0.0
0.0
0.0
0.0
0.0
0.0
0.0
0.0
0.0
0.0
0.0
0.0
0.0
0.0
0.0
0.0
0.0
0.0
0.0
0.0
0.0
0.0
0.0
0.0
0.0
0.0
0.0
0.0
0.0
0.0
0.0
0.0
0.0
0.0
0.0
0.0
0.0
0.0
0.0
0.0
0.0
0.0
0.0
0.0
0.0
0.0
0.0
0.0
0.0
0.0
0.0
0.0
0.0
0.0
0.0
0.0
0.0
0.0
0.0
0.0
0.0
0.0
0.0
0.0
0.0
0.0
0.0
0.0
0.0
0.0
0.0
0.0
0.0
0.0
0.0
0.0
0.0
0.0
0.0
0.0
0.0
0.0
0.0
0.0
0.0
0.0
0.0
0.0
0.0
0.0
0.0
0.0
0.0
0.0
0.0
0.0
0.0
0.0
0.0
0.0
0.0
0.0
0.0
0.0
0.0
0.0
0.0
0.0
0.0
0.0
0.0
0.0
0.0
0.0
0.0
0.0
0.0
0.0
0.0
0.0
0.0
0.0
0.0
0.0
0.0
0.0
0.0
0.0
0.0
0.0
0.0
0.0
0.0
0.0
0.0
0.0
0.0
0.0
0.0
0.0
0.0
0.0
0.0
0.0
0.0
0.0
0.0
0.0
0.0
0.0
0.0
0.0
0.0
0.0
0.0
0.0
0.0
0.0
0.0
0.0
0.0
0.0
0.0
0.0
0.0
0.0
0.0
0.0
0.0
0.0
0.0
0.0
0.0
0.0
0.0
0.0
0.0
0.0
0.0
0.0
0.0
0.0
0.0
0.0
0.0
0.0
0.0
0.0
0.0
0.0
0.0
0.0
0.0
0.0
0.0
0.0
0.0
0.0
0.0
0.0
0.0
0.0
0.0
0.0
0.0
0.0
0.0
0.0
0.0
0.0
0.0
0.0
0.0
0.0
0.0
0.0
0.0
0.0
0.0
0.0
0.0
0.0
0.0
0.0
0.0
0.0
0.0
0.0
0.0
0.0
0.0
0.0
0.0
0.0
0.0
0.0
0.0
0.0
0.0
0.0
0.0
0.0
0.0
0.0
0.0
0.0
0.0
0.0
0.0
0.0
0.0
0.0
0.0
0.0
0.0
0.0
0.0
0.0
0.0
0.0
0.0
0.0
0.0
0.0
0.0
0.0
0.0
0.0
0.0
0.0
0.0
0.0
0.0
0.0
0.0
0.0
0.0
0.0
0.0
0.0
0.0
0.0
0.0
0.0
0.0
0.0
0.0
0.0
0.0
0.0
0.0
0.0
0.0
0.0
0.0
0.0
0.0
0.0
0.0
0.0
0.0
0.0
0.0
0.0
0.0
0.0
0.0
0.0
0.0
0.0
0.0
0.0
0.0
0.0
0.0
0.0
0.0
0.0
0.0
0.0
0.0
0.0
0.0
0.0
0.0
0.0
0.0
0.0
0.0
0.0
0.0
0.0
0.0
0.0
0.0
0.0
0.0
0.0
0.0
0.0
0.0
0.0
0.0
0.0
0.0
0.0
0.0
0.0
0.0
0.0
0.0
0.0
0.0
0.0
0.0
0.0
0.0
0.0
0.0
0.0
0.0
0.0
0.0
0.0
0.0
0.0
0.0
0.0
0.0
0.0
0.0
0.0
0.0
0.0
0.0
0.0
0.0
0.0
0.0
0.0
0.0
0.0
0.0
0.0
0.0
0.0
0.0
0.0
0.0
0.0
0.0
0.0
0.0
0.0
0.0
0.0
0.0
0.0
0.0
0.0
0.0
0.0
0.0
0.0
0.0
0.0
0.0
0.0
0.0
0.0
0.0
0.0
0.0
0.0
0.0
0.0
0.0
0.0
0.0
0.0
0.0
0.0
0.0
0.0
0.0
0.0
0.0
0.0
0.0
0.0
0.0
0.0
0.0
0.0
0.0
0.0
0.0
0.0
0.0
0.0
0.0
0.0
0.0
0.0
0.0
0.0
0.0
0.0
0.0
0.0
0.0
0.0
0.0
0.0
0.0
0.0
0.0
0.0
0.0
0.0
0.0
0.0
0.0
0.0
0.0
0.0
0.0
0.0
0.0
0.0
0.0
0.0
0.0
0.0
0.0
0.0
0.0
0.0
0.0
0.0
0.0
0.0
0.0
0.0
0.0
0.0
0.0
0.0
0.0
0.0
0.0
0.0
0.0
0.0
0.0
0.0
0.0
0.0
0.0
0.0
0.0
0.0
0.0
0.0
0.0
0.0
0.0
0.0
0.0
0.0
0.0
0.0
0.0
0.0
0.0
0.0
0.0
0.0
0.0
0.0
0.0
0.0
0.0
0.0
0.0
0.0
0.0
0.0
0.0
0.0
0.0
0.0
0.0
0.0
0.0
0.0
0.0
0.0
0.0
0.0
0.0
0.0
0.0
0.0
0.0
0.0
0.0
0.0
0.0
0.0
0.0
0.0
0.0
0.0
0.0
0.0
0.0
0.0
0.0
0.0
0.0
0.0
0.0
0.0
0.0
0.0
0.0
0.0
0.0
0.0
0.0
0.0
0.0
0.0
0.0
0.0
0.0
0.0
0.0
0.0
0.0
0.0
0.0
0.0
0.0
0.0
0.0
0.0
0.0
0.0
0.0
0.0
0.0
0.0
0.0
0.0
0.0
0.0
0.0
0.0
0.0
0.0
0.0
0.0
0.0
0.0
0.0
0.0
0.0
0.0
0.0
0.0
0.0
0.0
0.0
0.0
0.0
0.0
0.0
0.0
0.0
0.0
0.0
0.0
0.0
0.0
0.0
0.0
0.0
0.0
0.0
0.0
0.0
0.0
0.0
0.0
0.0
0.0
0.0
0.0
0.0
0.0
0.0
0.0
0.0
0.0
0.0
0.0
0.0
0.0
0.0
0.0
0.0
0.0
0.0
0.0
0.0
0.0
0.0
0.0
0.0
0.0
0.0
0.0
0.0
0.0
0.0
0.0
0.0
0.0
0.0
0.0
0.0
0.0
0.0
0.0
0.0
0.0
0.0
0.0
0.0
0.0
0.0
0.0
0.0
0.0
0.0
0.0
0.0
0.0
0.0
0.0
0.0
0.0
0.0
0.0
0.0
0.0
0.0
0.0
0.0
0.0
0.0
0.0
0.0
0.0
0.0
0.0
0.0
0.0
0.0
0.0
0.0
0.0
0.0
0.0
0.0
0.0
0.0
0.0
0.0
0.0
0.0
0.0
0.0
0.0
0.0
0.0
0.0
0.0
0.0
0.0
0.0
0.0
0.0
0.0
0.0
0.0
0.0
0.0
0.0
0.0
0.0
0.0
0.0
0.0
0.0
0.0
0.0
0.0
0.0
0.0
0.0
0.0
0.0
0.0
0.0
0.0
0.0
0.0
0.0
0.0
0.0
0.0
0.0
0.0
0.0
0.0
0.0
0.0
0.0
0.0
0.0
0.0
0.0
0.0
0.0
0.0
0.0
0.0
0.0
0.0
0.0
0.0
0.0
0.0
0.0
0.0
0.0
0.0
0.0
0.0
0.0
0.0
0.0
0.0
0.0
0.0
0.0
0.0
0.0
0.0
0.0
0.0
0.0
0.0
0.0
0.0
0.0
0.0
0.0
0.0
0.0
0.0
0.0
0.0
0.0
0.0
0.0
0.0
0.0
0.0
0.0
0.0
0.0
0.0
0.0
0.0
0.0
0.0
0.0
0.0
0.0
0.0
0.0
0.0
0.0
0.0
0.0
0.0
0.0
0.0
0.0
0.0
0.0
0.0
0.0
0.0
0.0
0.0
0.0
0.0
0.0
0.0
0.0
0.0
0.0
0.0
0.0
0.0
0.0
0.0
0.0
0.0
0.0
0.0
0.0
0.0
0.0
0.0
0.0
0.0
0.0
0.0
0.0
0.0
0.0
0.0
0.0
0.0
0.0
0.0
0.0
0.0
0.0
0.0
0.0
0.0
0.0
0.0
0.0
0.0
0.0
0.0
0.0
0.0
0.0
0.0
0.0
0.0
0.0
0.0
0.0
0.0
0.0
0.0
0.0
0.0
0.0
0.0
0.0
0.0
0.0
0.0
0.0
0.0
0.0
0.0
0.0
0.0
0.0
0.0
0.0
0.0
0.0
0.0
0.0
0.0
0.0
0.0
0.0
0.0
0.0
0.0
0.0
0.0
0.0
0.0
0.0
0.0
0.0
0.0
0.0
0.0
0.0
0.0
0.0
0.0
0.0
0.0
0.0
0.0
0.0
0.0
0.0
0.0
0.0
0.0
0.0
0.0
0.0
0.0
0.0
0.0
0.0
0.0
0.0
0.0
0.0
0.0
0.0
0.0
0.0
0.0
0.0
0.0
0.0
0.0
0.0
0.0
0.0
0.0
0.0
0.0
0.0
0.0
0.0
0.0
0.0
0.0
0.0
0.0
0.0
0.0
0.0
0.0
0.0
0.0
0.0
0.0
0.0
0.0
0.0
0.0
0.0
0.0
0.0
0.0
0.0
0.0
0.0
0.0
0.0
0.0
0.0
0.0
0.0
0.0
0.0
0.0
0.0
0.0
0.0
0.0
0.0
0.0
0.0
0.0
0.0
0.0
0.0
0.0
0.0
0.0
0.0
0.0
0.0
0.0
0.0
0.0
0.0
0.0
0.0
0.0
0.0
0.0
0.0
0.0
0.0
0.0
0.0
0.0
0.0
0.0
0.0
0.0
0.0
0.0
0.0
0.0
0.0
0.0
0.0
0.0
0.0
0.0
0.0
0.0
0.0
0.0
0.0
0.0
0.0
0.0
0.0
0.0
0.0
0.0
0.0
0.0
0.0
0.0
0.0
0.0
0.0
0.0
0.0
0.0
0.0
0.0
0.0
0.0
0.0
0.0
0.0
0.0
0.0
0.0
0.0
0.0
0.0
0.0
0.0
0.0
0.0
0.0
0.0
0.0
0.0
0.0
0.0
0.0
0.0
0.0
0.0
0.0
0.0
0.0
0.0
0.0
0.0
0.0
0.0
0.0
0.0
0.0
0.0
0.0
0.0
0.0
0.0
0.0
0.0
0.0
0.0
0.0
0.0
0.0
0.0
0.0
0.0
0.0
0.0
0.0
0.0
0.0
0.0
0.0
0.0
0.0
0.0
0.0
0.0
0.0
0.0
0.0
0.0
0.0
0.0
0.0
0.0
0.0
0.0
0.0
0.0
0.0
0.0
0.0
0.0
0.0
0.0
0.0
0.0
0.0
0.0
0.0
0.0
0.0
0.0
0.0
0.0
0.0
0.0
0.0
0.0
0.0
0.0
0.0
0.0
0.0
0.0
0.0
0.0
0.0
0.0
0.0
0.0
0.0
0.0
0.0
0.0
0.0
0.0
0.0
0.0
0.0
0.0
0.0
0.0
0.0
0.0
0.0
0.0
0.0
0.0
0.0
0.0
0.0
0.0
0.0
0.0
0.0
0.0
0.0
0.0
0.0
0.0
0.0
0.0
0.0
0.0
0.0
0.0
0.0
0.0
0.0
0.0
0.0
0.0
0.0
0.0
0.0
0.0
0.0
0.0
0.0
0.0
0.0
0.0
0.0
0.0
0.0
0.0
0.0
0.0
0.0
0.0
0.0
0.0
0.0
0.0
0.0
0.0
0.0
0.0
0.0
0.0
0.0
0.0
0.0
0.0
0.0
0.0
0.0
0.0
0.0
0.0
0.0
0.0
0.0
0.0
0.0
0.0
0.0
0.0
0.0
0.0
0.0
0.0
0.0
0.0
0.0
0.0
0.0
0.0
0.0
0.0
0.0
0.0
0.0
0.0
0.0
0.0
0.0
0.0
0.0
0.0
0.0
0.0
0.0
0.0
0.0
0.0
0.0
0.0
0.0
0.0
0.0
0.0
0.0
0.0
0.0
0.0
0.0
0.0
0.0
0.0
0.0
0.0
0.0
0.0
0.0
0.0
0.0
0.0
0.0
0.0
0.0
0.0
0.0
0.0
0.0
0.0
0.0
0.0
0.0
0.0
0.0
0.0
0.0
0.0
0.0
0.0
0.0
0.0
0.0
0.0
0.0
0.0
0.0
0.0
0.0
0.0
0.0
0.0
0.0
0.0
0.0
0.0
0.0
0.0
0.0
0.0
0.0
0.0
0.0
0.0
0.0
0.0
0.0
0.0
0.0
0.0
0.0
0.0
0.0
0.0
0.0
0.0
0.0
0.0
0.0
0.0
0.0
0.0
0.0
0.0
0.0
0.0
0.0
0.0
0.0
0.0
0.0
0.0
0.0
0.0
0.0
0.0
0.0
0.0
0.0
0.0
0.0
0.0
0.0
0.0
0.0
0.0
0.0
0.0
0.0
0.0
0.0
0.0
0.0
0.0
0.0
0.0
0.0
0.0
0.0
0.0
0.0
0.0
0.0
0.0
0.0
0.0
0.0
0.0
0.0
0.0
0.0
0.0
0.0
0.0
0.0
0.0
0.0
0.0
0.0
0.0
0.0
0.0
0.0
0.0
0.0
0.0
0.0
0.0
0.0
0.0
0.0
0.0
0.0
0.0
0.0
0.0
0.0
0.0
0.0
0.0
0.0
0.0
0.0
0.0
0.0
0.0
0.0
0.0
0.0
0.0
0.0
0.0
0.0
0.0
0.0
0.0
0.0
0.0
0.0
0.0
0.0
0.0
0.0
0.0
0.0
0.0
0.0
0.0
0.0
0.0
0.0
0.0
0.0
0.0
0.0
0.0
0.0
0.0
0.0
0.0
0.0
0.0
0.0
0.0
0.0
0.0
0.0
0.0
0.0
0.0
0.0
0.0
0.0
0.0
0.0
0.0
0.0
0.0
0.0
0.0
0.0
0.0
0.0
0.0
0.0
0.0
0.0
0.0
0.0
0.0
0.0
0.0
0.0
0.0
0.0
0.0
0.0
0.0
0.0
0.0
0.0
0.0
0.0
0.0
0.0
0.0
0.0
0.0
0.0
0.0
0.0
0.0
0.0
0.0
0.0
0.0
0.0
0.0
0.0
0.0
0.0
0.0
0.0
0.0
0.0
0.0
0.0
0.0
0.0
0.0
0.0
0.0
0.0
0.0
0.0
0.0
0.0
0.0
0.0
0.0
0.0
0.0
0.0
0.0
0.0
0.0
0.0
0.0
0.0
0.0
0.0
0.0
0.0
0.0
0.0
0.0
0.0
0.0
0.0
0.0
0.0
0.0
0.0
0.0
0.0
0.0
0.0
0.0
0.0
0.0
0.0
0.0
0.0
0.0
0.0
0.0
0.0
0.0
0.0
0.0
0.0
0.0
0.0
0.0
0.0
0.0
0.0
0.0
0.0
0.0
0.0
0.0
0.0
0.0
0.0
0.0
0.0
0.0
0.0
0.0
0.0
0.0
0.0
0.0
0.0
0.0
0.0
0.0
0.0
0.0
0.0
0.0
0.0
0.0
0.0
0.0
0.0
0.0
0.0
0.0
0.0
0.0
0.0
0.0
0.0
0.0
0.0
0.0
0.0
0.0
0.0
0.0
0.0
0.0
0.0
0.0
0.0
0.0
0.0
0.0
0.0
0.0
0.0
0.0
0.0
0.0
0.0
0.0
0.0
0.0
0.0
0.0
0.0
0.0
0.0
0.0
0.0
0.0
0.0
0.0
0.0
0.0
0.0
0.0
0.0
0.0
0.0
0.0
0.0
0.0
0.0
0.0
0.0
0.0
0.0
0.0
0.0
0.0
0.0
0.0
0.0
0.0
0.0
0.0
0.0
0.0
0.0
0.0
0.0
0.0
0.0
0.0
0.0
0.0
0.0
0.0
0.0
0.0
0.0
0.0
0.0
0.0
0.0
0.0
0.0
0.0
0.0
0.0
0.0
0.0
0.0
0.0
0.0
0.0
0.0
0.0
0.0
0.0
0.0
0.0
0.0
0.0
0.0
0.0
0.0
0.0
0.0
0.0
0.0
0.0
0.0
0.0
0.0
0.0
0.0
0.0
0.0
0.0
0.0
0.0
0.0
0.0
0.0
0.0
0.0
0.0
0.0
0.0
0.0
0.0
0.0
0.0
0.0
0.0
0.0
0.0
0.0
0.0
0.0
0.0
0.0
0.0
0.0
0.0
0.0
0.0
0.0
0.0
0.0
0.0
0.0
0.0
0.0
0.0
0.0
0.0
0.0
0.0
0.0
0.0
0.0
0.0
0.0
0.0
0.0
0.0
0.0
0.0
0.0
0.0
0.0
0.0
0.0
0.0
0.0
0.0
0.0
0.0
0.0
0.0
0.0
0.0
0.0
0.0
0.0
0.0
0.0
0.0
0.0
0.0
0.0
0.0
0.0
0.0
0.0
0.0
0.0
0.0
0.0
0.0
0.0
0.0
0.0
0.0
0.0
0.0
0.0
0.0
0.0
0.0
0.0
0.0
0.0
0.0
0.0
0.0
0.0
0.0
0.0
0.0
0.0
0.0
0.0
0.0
0.0
0.0
0.0
0.0
0.0
0.0
0.0
0.0
0.0
0.0
0.0
0.0
0.0
0.0
0.0
0.0
0.0
0.0
0.0
0.0
0.0
0.0
0.0
0.0
0.0
0.0
0.0
0.0
0.0
0.0
0.0
0.0
0.0
0.0
0.0
0.0
0.0
0.0
0.0
0.0
0.0
0.0
0.0
0.0
0.0
0.0
0.0
0.0
0.0
0.0
0.0
0.0
0.0
0.0
0.0
0.0
0.0
0.0
0.0
0.0
0.0
0.0
0.0
0.0
0.0
0.0
0.0
0.0
0.0
0.0
0.0
0.0
0.0
0.0
0.0
0.0
0.0
0.0
0.0
0.0
0.0
0.0
0.0
0.0
0.0
0.0
0.0
0.0
0.0
0.0
0.0
0.0
0.0
0.0
0.0
0.0
0.0
0.0
0.0
0.0
0.0
0.0
0.0
0.0
0.0
0.0
0.0
0.0
0.0
0.0
0.0
0.0
0.0
0.0
0.0
0.0
0.0
0.0
0.0
0.0
0.0
0.0
0.0
0.0
0.0
0.0
0.0
0.0
0.0
0.0
0.0
0.0
0.0
0.0
0.0
0.0
0.0
0.0
0.0
0.0
0.0
0.0
0.0
0.0
0.0
0.0
0.0
0.0
0.0
0.0
0.0
0.0
0.0
0.0
0.0
0.0
0.0
0.0
0.0
0.0
0.0
0.0
0.0
0.0
0.0
0.0
0.0
0.0
0.0
0.0
0.0
0.0
0.0
0.0
0.0
0.0
0.0
0.0
0.0
0.0
0.0
0.0
0.0
0.0
0.0
0.0
0.0
0.0
0.0
0.0
0.0
0.0
0.0
0.0
0.0
0.0
0.0
0.0
0.0
0.0
0.0
0.0
0.0
0.0
0.0
0.0
0.0
0.0
0.0
0.0
0.0
0.0
0.0
0.0
0.0
0.0
0.0
0.0
0.0
0.0
0.0
0.0
0.0
0.0
0.0
0.0
0.0
0.0
0.0
0.0
0.0
0.0
0.0
0.0
0.0
0.0
0.0
0.0
0.0
0.0
0.0
0.0
0.0
0.0
0.0
0.0
0.0
0.0
0.0
0.0
0.0
0.0
0.0
0.0
0.0
0.0
0.0
0.0
0.0
0.0
0.0
0.0
0.0
0.0
0.0
0.0
0.0
0.0
0.0
0.0
0.0
0.0
0.0
0.0
0.0
0.0
0.0
0.0
0.0
0.0
0.0
0.0
0.0
0.0
0.0
0.0
0.0
0.0
0.0
0.0
0.0
0.0
0.0
0.0
0.0
0.0
0.0
0.0
0.0
0.0
0.0
0.0
0.0
0.0
0.0
0.0
0.0
0.0
0.0
0.0
0.0
0.0
0.0
0.0
0.0
0.0
0.0
0.0
0.0
0.0
0.0
0.0
0.0
0.0
0.0
0.0
0.0
0.0
0.0
0.0
0.0
0.0
0.0
0.0
0.0
0.0
0.0
0.0
0.0
0.0
0.0
0.0
0.0
0.0
0.0
0.0
0.0
0.0
0.0
0.0
0.0
0.0
0.0
0.0
0.0
0.0
0.0
0.0
0.0
0.0
0.0
0.0
0.0
0.0
0.0
0.0
0.0
0.0
0.0
0.0
0.0
0.0
0.0
0.0
0.0
0.0
0.0
0.0
0.0
0.0
0.0
0.0
0.0
0.0
0.0
0.0
0.0
0.0
0.0
0.0
0.0
0.0
0.0
0.0
0.0
0.0
0.0
0.0
0.0
0.0
0.0
0.0
0.0
0.0
0.0
0.0
0.0
0.0
0.0
0.0
0.0
0.0
0.0
0.0
0.0
0.0
0.0
0.0
0.0
0.0
0.0
0.0
0.0
0.0
0.0
0.0
0.0
0.0
0.0
0.0
0.0
0.0
0.0
0.0
0.0
0.0
0.0
0.0
0.0
0.0
0.0
0.0
0.0
0.0
0.0
0.0
0.0
0.0
0.0
0.0
0.0
0.0
0.0
0.0
0.0
0.0
0.0
0.0
0.0
0.0
0.0
0.0
0.0
0.0
0.0
0.0
0.0
0.0
0.0
0.0
0.0
0.0
0.0
0.0
0.0
0.0
0.0
0.0
0.0
0.0
0.0
0.0
0.0
0.0
0.0
0.0
0.0
0.0
0.0
0.0
0.0
0.0
0.0
0.0
0.0
0.0
0.0
0.0
0.0
0.0
0.0
0.0
0.0
0.0
0.0
0.0
0.0
0.0
0.0
0.0
0.0
0.0
0.0
0.0
0.0
0.0
0.0
0.0
0.0
0.0
0.0
0.0
0.0
0.0
0.0
0.0
0.0
0.0
0.0
0.0
0.0
0.0
0.0
0.0
0.0
0.0
0.0
0.0
0.0
0.0
0.0
0.0
0.0
0.0
0.0
0.0
0.0
0.0
0.0
0.0
0.0
0.0
0.0
0.0
0.0
0.0
0.0
0.0
0.0
0.0
0.0
0.0
0.0
0.0
0.0
0.0
0.0
0.0
0.0
0.0
0.0
0.0
0.0
0.0
0.0
0.0
0.0
0.0
0.0
0.0
0.0
0.0
0.0
0.0
0.0
0.0
0.0
0.0
0.0
0.0
0.0
0.0
0.0
0.0
0.0
0.0
0.0
0.0
0.0
0.0
0.0
0.0
0.0
0.0
0.0
0.0
0.0
0.0
0.0
0.0
0.0
0.0
0.0
0.0
0.0
0.0
0.0
0.0
0.0
0.0
0.0
0.0
0.0
0.0
0.0
0.0
0.0
0.0
0.0
0.0
0.0
0.0
0.0
0.0
0.0
0.0
0.0
0.0
0.0
0.0
0.0
0.0
0.0
0.0
0.0
0.0
0.0
0.0
0.0
0.0
0.0
0.0
0.0
0.0
0.0
0.0
0.0
0.0
0.0
0.0
0.0
0.0
0.0
0.0
0.0
0.0
0.0
0.0
0.0
0.0
0.0
0.0
0.0
0.0
0.0
0.0
0.0
0.0
0.0
0.0
0.0
0.0
0.0
0.0
0.0
0.0
0.0
0.0
0.0
0.0
0.0
0.0
0.0
0.0
0.0
0.0
0.0
0.0
0.0
0.0
0.0
0.0
0.0
0.0
0.0
0.0
0.0
0.0
0.0
0.0
0.0
0.0
0.0
0.0
0.0
0.0
0.0
0.0
0.0
0.0
0.0
0.0
0.0
0.0
0.0
0.0
0.0
0.0
0.0
0.0
0.0
0.0
0.0
0.0
0.0
0.0
0.0
0.0
0.0
0.0
0.0
0.0
0.0
0.0
0.0
0.0
0.0
0.0
0.0
0.0
0.0
0.0
0.0
0.0
0.0
0.0
0.0
0.0
0.0
0.0
0.0
0.0
0.0
0.0
0.0
0.0
0.0
0.0
0.0
0.0
0.0
0.0
0.0
0.0
0.0
0.0
0.0
0.0
0.0
0.0
0.0
0.0
0.0
0.0
0.0
0.0
0.0
0.0
0.0
0.0
0.0
0.0
0.0
0.0
0.0
0.0
0.0
0.0
0.0
0.0
0.0
0.0
0.0
0.0
0.0
0.0
0.0
0.0
0.0
0.0
0.0
0.0
0.0
0.0
0.0
0.0
0.0
0.0
0.0
0.0
0.0
0.0
0.0
0.0
0.0
0.0
0.0
0.0
0.0
0.0
0.0
0.0
0.0
0.0
0.0
0.0
0.0
0.0
0.0
0.0
0.0
0.0
0.0
0.0
0.0
0.0
0.0
0.0
0.0
0.0
0.0
0.0
0.0
0.0
0.0
0.0
0.0
0.0
0.0
0.0
0.0
0.0
0.0
0.0
0.0
0.0
0.0
0.0
0.0
0.0
0.0
0.0
0.0
0.0
0.0
0.0
0.0
0.0
0.0
0.0
0.0
0.0
0.0
0.0
0.0
0.0
0.0
0.0
0.0
0.0
0.0
0.0
0.0
0.0
0.0
0.0
0.0
0.0
0.0
0.0
0.0
0.0
0.0
0.0
0.0
0.0
0.0
0.0
0.0
0.0
0.0
0.0
0.0
0.0
0.0
0.0
0.0
0.0
0.0
0.0
0.0
0.0
0.0
0.0
0.0
0.0
0.0
0.0
0.0
0.0
0.0
0.0
0.0
0.0
0.0
0.0
0.0
0.0
0.0
0.0
0.0
0.0
0.0
0.0
0.0
0.0
0.0
0.0
0.0
0.0
0.0
0.0
0.0
0.0
0.0
0.0
0.0
0.0
0.0
0.0
0.0
0.0
0.0
0.0
0.0
0.0
0.0
0.0
0.0
0.0
0.0
0.0
0.0
0.0
0.0
0.0
0.0
0.0
0.0
0.0
0.0
0.0
0.0
0.0
0.0
0.0
0.0
0.0
0.0
0.0
0.0
0.0
0.0
0.0
0.0
0.0
0.0
0.0
0.0
0.0
0.0
0.0
0.0
0.0
0.0
0.0
0.0
0.0
0.0
0.0
0.0
0.0
0.0
0.0
0.0
0.0
0.0
0.0
0.0
0.0
0.0
0.0
0.0
0.0
0.0
0.0
0.0
0.0
0.0
0.0
0.0
0.0
0.0
0.0
0.0
0.0
0.0
0.0
0.0
0.0
0.0
0.0
0.0
0.0
0.0
0.0
0.0
0.0
0.0
0.0
0.0
0.0
0.0
0.0
0.0
0.0
0.0
0.0
0.0
0.0
0.0
0.0
0.0
0.0
0.0
0.0
0.0
0.0
0.0
0.0
0.0
0.0
0.0
0.0
0.0
0.0
0.0
0.0
0.0
0.0
0.0
0.0
0.0
0.0
0.0
0.0
0.0
0.0
0.0
0.0
0.0
0.0
0.0
0.0
0.0
0.0
0.0
0.0
0.0
0.0
0.0
0.0
0.0
0.0
0.0
0.0
0.0
0.0
0.0
0.0
0.0
0.0
0.0
0.0
0.0
0.0
0.0
0.0
0.0
0.0
0.0
0.0
0.0
0.0
0.0
0.0
0.0
0.0
0.0
0.0
0.0
0.0
0.0
0.0
0.0
0.0
0.0
0.0
0.0
0.0
0.0
0.0
0.0
0.0
0.0
0.0
0.0
0.0
0.0
0.0
0.0
0.0
0.0
0.0
0.0
0.0
0.0
0.0
0.0
0.0
0.0
0.0
0.0
0.0
0.0
0.0
0.0
0.0
0.0
0.0
0.0
0.0
0.0
0.0
0.0
0.0
0.0
0.0
0.0
0.0
0.0
0.0
0.0
0.0
0.0
0.0
0.0
0.0
0.0
0.0
0.0
0.0
0.0
0.0
0.0
0.0
0.0
0.0
0.0
0.0
0.0
0.0
0.0
0.0
0.0
0.0
0.0
0.0
0.0
0.0
0.0
0.0
0.0
0.0
0.0
0.0
0.0
0.0
0.0
0.0
0.0
0.0
0.0
0.0
0.0
0.0
0.0
0.0
0.0
0.0
0.0
0.0
0.0
0.0
0.0
0.0
0.0
0.0
0.0
0.0
0.0
0.0
0.0
0.0
0.0
0.0
0.0
0.0
0.0
0.0
0.0
0.0
0.0
0.0
0.0
0.0
0.0
0.0
0.0
0.0
0.0
0.0
0.0
0.0
0.0
0.0
0.0
0.0
0.0
0.0
0.0
0.0
0.0
0.0
0.0
0.0
0.0
0.0
0.0
0.0
0.0
0.0
0.0
0.0
0.0
0.0
0.0
0.0
0.0
0.0
