-0.345195236693
-0.945730136402
0.0
0.0
0.0
-0.371775544664
-0.26173030632
0.0
-0.180985685839
0.0
-0.172437420712
-0.00248974799255
-0.220621924829
-0.127746875065
0.0
-0.053139392989
0.185638109359
-0.648191163934
-0.104027260699
-0.0513126537377
0.0
0.0
0.0
0.0
0.0
0.383232856001
-0.0676266437403
-0.15900427877
0.0
0.0
-0.0115616941169
0.196831493715
0.0
0.0
-0.374376425058
-0.0346541450056
0.0
-0.0196199785906
-0.258290221486
0.0
0.384702524911
-0.679125515451
-0.475537438516
0.0
0.181379832469
0.0963712717287
0.385476030956
0.0
0.275729638
0.425163461462
-0.233547934532
-0.0630028060102
-0.14952074746
-0.814137272253
-0.26393873927
-0.125349421476
-0.0210192895362
-0.0146343196799
0.0
0.0
0.0
-0.586583510164
-0.175744585349
0.0
0.0
-0.0115357562062
-0.0991644726397
0.0
-0.00732702412707
-0.178743433456
-0.0109843019299
0.458968754405
0.145836656943
-0.000399276087412
-0.0474427449351
0.0
0.0
-0.103171165368
0.0
1.28135438822
0.411712574353
-0.645894452401
-0.764052502887
0.0
0.0
0.0
0.0
0.0
0.0
-0.000290132102453
0.0
0.0
0.00227413333309
-0.0121663072863
0.0
-0.731974285483
0.0
0.0
0.0
1.15925802205
0.157492784011
0.443324046042
0.290855607376
0.0
-1.69339821962
-0.00807816273017
0.0
0.0
-0.049500845304
0.0
0.062092101771
0.0
0.0
0.0
0.0
-0.00534622614043
0.0
0.00955866665275
0.0239486976524
0.299336790886
0.0
0.0
-1.1217940405
0.0
0.0
0.0
0.0
0.0
0.0
0.323109877897
-0.734833627713
-0.274890530126
0.394777431507
0.0
0.0
0.0
0.0
0.0
-0.977794939733
0.0
0.0
0.0
-1.05340170302
0.0
0.0
0.0
0.0
0.0
-0.0553124158317
0.0
0.0
0.0
0.0
-0.734411267526
0.0
-0.00615841921153
-0.10094680007
0.0
0.0
0.0
0.0
0.223589514981
-0.0952312151812
-0.851552782566
0.0
0.0
-0.370403912762
0.0
0.0
0.0
-0.838852371676
0.0
0.0
-0.239365637509
0.0
0.0
0.0
0.0
0.0
0.673091907209
0.0435621772893
-0.40674126893
-0.0840669807281
-0.125007444713
0.305464683718
-0.0120301074097
0.0
-0.280448510125
-0.125444036917
0.0
-1.42083173787
0.0
-0.160076378304
-0.398688304633
0.0
0.0
0.0
0.0
0.0
0.0
0.33293397439
0.311980933058
-1.19096601519
-0.281506385333
0.0
0.0
0.0
-0.187182779663
0.0
0.0
0.0
0.0
-0.712406797773
0.0
-0.518044000659
-0.0291877298535
0.0
0.0413143800791
-0.286176626194
0.0
-0.27069959779
0.0
-0.00498916860296
-0.000629943413658
0.0
0.0
0.0
0.0
0.269488187128
-0.689788608623
0.364921015737
0.0
0.0
0.0
-0.500174852057
-0.200741261131
-0.00612592163642
-0.425183047011
0.0
0.0
-0.00497929621473
-0.0985944541726
-0.185940148044
0.0
-0.773029999976
0.0
-0.672284800045
-0.203763018761
-1.11033779305
-0.0583202039635
-0.405178909137
-0.0291607216015
0.0
0.0
-0.208773940777
0.0
0.0
0.0
0.0
0.0
0.0
0.0
0.0711348488603
-0.106797254281
-0.833941734568
0.0
-0.279359948596
0.0
-0.753029109175
-0.504934568933
-0.0518763480665
-0.508398247204
-0.441754793997
-0.0294854348475
-0.536877770367
-0.195026066138
0.0
0.0
0.0942666440127
0.0
-1.07712670986
0.0
0.386893975923
0.0
0.135704531672
0.0
-0.280448510125
0.0
0.0
0.0
1.06848136231
-0.0329905633975
0.351410876927
-0.251791397273
0.0
0.0
0.0
0.0
-0.597765819391
0.0
0.0
0.6390109701
-0.0309642651037
0.0
-0.720998298552
-0.0356542827954
0.0
-0.295376548461
0.0
-0.376252838775
0.0
-0.401765875259
0.0
0.0660241648824
0.0
-0.348942554882
-0.00400876155328
0.037943350625
0.0
0.0
0.0
-0.878007895461
-0.139055446296
-0.160511883057
0.380321473043
0.0
0.0
0.0
0.0
0.0
0.0
0.0
-0.190529267317
-0.599106002451
0.0
-0.627784369385
-0.000514532232076
0.0
-0.156202173875
0.0
0.0
0.303322536346
0.158616374554
0.0
0.100082280995
0.0
-0.63678204995
-0.352174007002
-0.148009205699
-0.00046520664746
0.0
-0.530089276729
0.137462868678
-0.34668497067
-0.123445519147
-0.000666583210612
0.0
-0.0517433070093
0.0
0.0
-0.0467419734807
-0.0530492312272
-0.562466141724
-0.06723068352
-0.268182512638
0.0
0.0
0.386664443055
0.0
0.111264321108
0.0
0.0
-0.305043184167
0.0
0.0
0.0
0.0
-0.416700931633
0.0
0.0
0.0
0.260051461377
0.595103762278
-0.400084031067
-0.293720921262
0.0
0.0
0.0
0.0
-0.4032373278
0.0
0.0
-0.548091059132
0.0
0.0
0.0105799420592
-0.00596378647611
0.0
-0.0819461354922
0.0
0.0
0.298001398842
0.0
0.0
-0.174229185294
-0.43993663674
0.0
0.0
-0.24526783899
-0.111926890831
0.0
-0.701870397122
0.167440320462
0.0
-0.578986150846
-0.159075680757
0.0
0.0
-0.413065606502
0.0
0.0
0.0
0.0
0.0
-0.30373814031
0.132097439831
0.0
0.0
0.0
-0.183419122061
0.0
0.33718501701
-0.807250100522
-0.834020597436
-0.0221793253412
0.0
0.0
-0.38097771608
-0.616096857431
-0.342066423708
-0.0213023414876
-0.139177802309
0.0
-0.210021065312
0.00119106986709
-0.395503349329
-0.120479595732
0.0
-0.117388836976
-0.198191063132
-0.287654768066
-0.195182395576
-0.0794540554128
0.0
-0.133719092298
-0.0501158463686
-0.00856570569015
-0.230669552514
-0.0130456134477
0.0585950203944
-0.232558669921
-0.0696023587794
-0.0397652029871
0.136398934231
0.367391014441
0.140212385343
-0.277972901268
-0.527422161878
-0.440478454783
-0.11790074658
-0.201629654687
0.0265515645761
-0.0966337473499
0.303943248527
0.283374779477
-0.282931765662
-0.0572747265497
0.574035244551
-1.2659316357
0.031116451989
-0.0685180360377
-0.209607905688
-0.55066092311
-0.696260160042
-0.376192026588
-0.594024426047
-1.30974219908
0.0
0.0495259869578
-0.326187925912
-0.343459802043
-0.802199083697
-0.897777839526
-1.05922977507
0.285428056904
-0.531205801449
-0.690965998902
0.145882715413
-0.536293790487
-0.35276930571
-0.611093476735
0.0321416838283
-1.68307961639
-0.87299447685
-1.00515082928
-0.104790682049
-0.645485655718
-0.104494560482
-0.221157791441
-0.939446121408
0.0
0.0
0.0
0.0
-0.161560726751
0.0
0.0
0.0
-0.0429502767315
0.0
-0.00965955582128
0.0
0.0
0.0
0.0
0.0
0.0
1.02968969332
0.251982917429
-0.320161545008
-0.411489234163
-0.23284584549
0.542890355729
-1.1936679488
-0.922534524463
-1.03964209374
-0.576947775397
-0.387795240988
-0.354132382144
-1.03295774781
-2.18713408968
0.0
-0.00569170438721
0.0
0.0
-0.671763418569
-1.45250204028
-1.99162704338
-1.15154385738
-2.38649942492
-3.33988035177
-2.83768065452
0.0
0.0
-3.41520922628
0.0
0.0
0.0
0.0
0.0
0.0
0.0
0.0
0.0
0.0
0.0
0.0
0.0
0.0
0.0
0.0
0.0
0.0
0.0
0.0
0.0
0.0
0.0
0.0
0.0
0.0
0.0
0.0
0.0
0.0
0.0
0.0
0.0
0.0
-2.4289852823
-0.906877965123
-0.675943655747
-0.0261998571489
0.976461709972
0.0
-0.203408828471
-0.197897398061
-0.318349690251
0.605187330984
0.0
-0.208651336864
0.639763830456
-0.418371192482
-0.133800216651
-0.0418127020069
1.2097297467
-0.0899280198749
-0.545699133751
-0.637890803487
-0.297763346047
-0.640295513205
0.0
0.0
0.0
0.0
-0.82365419261
-1.09124324766
-0.187977150972
-0.0731767690271
-0.00310217484451
-0.515530284455
0.0
-0.0102342733968
0.0
-0.106492759944
-0.110068445446
-1.01372395939
-0.115826535692
0.0
0.0
-0.379534658568
0.0
0.0
-0.494673756432
-0.118839686519
0.0
0.0
-0.167139647771
-0.734542714573
-0.0562016932292
-0.000682087390688
0.0
0.0
0.0
-0.0226054794091
-0.526073377615
0.0
-0.188600284344
-0.0763156941882
-0.576164027412
-0.320473392799
-0.415158321061
-0.147368150675
-0.13707518854
0.0
-0.357713337744
0.0
-1.15111619302
-0.0648677280984
-0.71893946614
-0.182300755134
-0.00947182945687
0.0
-0.44605185678
-0.388161782315
0.0
0.0950185855893
0.0
-0.143863386086
0.0
0.0
0.161300688751
-0.336851219617
0.0
0.334336871058
0.0
0.0
0.0
-0.183834547867
0.0
0.147327366084
-1.12359269845
0.205148963894
-0.154002287123
0.0
-0.408326310427
-0.263672217758
0.0
-0.954078432286
-0.165696026774
0.0
-0.474918217969
-0.255093972356
-0.500826584512
0.0
0.0
0.0
0.0
0.0707202491516
0.0
0.0
-0.281691727655
0.0
0.0
0.125926061174
0.2394126442
-1.02075415291
-0.473321493274
-0.146227533709
0.0
0.0
0.0
0.0
0.0
0.0
0.0
0.0
0.0
0.0
-1.58936608428
0.0
0.0
-0.102233886803
0.0
0.500430018764
0.0
0.0676013931295
-0.282974865165
-0.712039651246
-0.438415307442
-0.0109172311846
0.0
-0.378866996228
0.0
0.0
-0.303138585512
0.0
-0.43296389102
0.0
0.0
0.0
-1.15849221146
0.534459147636
-0.708464117051
-0.000290132102453
0.0
-0.308594171705
-0.014993228142
-0.0378399838862
-0.685193664367
0.0
0.0
-0.116555354781
-0.292319754243
-1.03999020012
-0.0389637860593
0.0
0.0
0.0197733842801
0.0
-0.798226262095
-0.667902012156
0.0
-0.162439870439
0.434014226056
0.0392231529777
0.0
-0.697037178
-0.00311358709642
0.0
-0.465560431984
0.0
-0.077651143893
-0.222202688826
0.294380513357
0.0
-0.852364752795
-1.05017062132
0.11015326589
-0.0316471694891
-0.61131277716
0.0
-0.0737547452885
0.191671053214
-0.225165714162
-0.315036863669
0.0
0.0
-0.402317552523
0.0
-0.258422738024
0.0
0.0
-0.847379624775
-0.602477281649
-0.198440581336
0.0
-0.156596051624
0.0
0.0688085703413
-0.100785920962
0.0
-0.446362844673
0.0
0.0
0.0948319979134
0.311676160211
-0.541447798056
0.0
0.0
-0.0436678458433
-0.157998565672
-0.645003655045
0.0
0.0
0.0
-0.0443191808645
-0.00802931055902
0.0
0.0
0.0
0.0
0.0
0.0
0.994797923105
-0.435077133115
-0.340284410587
-0.731998064374
-0.251134368524
0.0
0.0
-0.201582853949
0.0
-0.085014277838
-1.03451305541
0.0
-1.05946295286
-0.111979265199
-0.444472165086
-0.224463129852
-0.177945810726
0.0
-1.10170333925
-0.241414240092
-0.228324862713
-0.682409147614
-0.259939431752
0.275132133676
-0.135502140723
-0.217474041548
0.0980088410838
0.251807958565
-0.56089702025
-1.37551374377
-0.71935573453
-0.267885501214
0.0
-0.105057438227
-0.384583856102
-0.143909985126
-0.181115653382
-0.0891615666303
0.0
-0.254388648926
-0.192844474565
-0.207748778261
0.0
-0.0983047653732
-0.39730597491
0.0
0.0
0.0
0.0
-1.00427256026
-0.176410450376
-0.00349897370579
-0.603988690963
0.211833202979
-0.563893177132
-0.0778864725469
-0.171767247797
0.35818559958
0.0
-0.0155342174497
0.0
-0.539576643506
0.56816012333
-0.540010591941
0.0
-0.480563285003
0.0
-0.0620931439198
0.0
0.228828314203
0.0
0.0667784641659
-0.0974639101491
-0.326361143101
-0.33321932245
0.0
0.964137176044
0.0260405826326
0.316072149248
0.318882857881
-0.536810335527
-0.10188150938
0.0
-0.0196600097975
0.0
0.0250438719824
0.0
0.0
-0.245128891895
0.434026078016
0.387011813103
0.0601538280221
-0.070209063475
0.0
0.0
0.074324759898
-0.376551040738
-0.438867017331
-0.537851927671
-0.0625596035751
-0.0979325738586
0.240361471063
-0.183262200012
0.00478324107434
-0.151139728001
0.271672482528
-0.0205139721614
0.0
0.112458144235
-0.545856035476
0.0
-0.0883127125194
0.0
0.0
0.0
0.0476944241417
0.0972384343847
0.0
-0.216049215646
0.0
-0.102864635522
-0.105426459331
0.566932158073
0.0
0.0
0.0
-0.150639740023
-0.00413310380934
0.106468539366
-0.00455992867266
0.0415869495562
0.0
0.354548534915
-0.118341933017
0.0
0.0
-0.0177156345792
-0.0192027288533
0.0
0.150495892105
0.360614938532
0.0
0.0
0.271128754978
0.103254481561
0.145341381296
0.22682180473
-0.350127667629
0.739118803731
-0.287078265591
0.0
0.0
-0.450559139887
-0.5402510171
-0.8235428642
-0.655372629327
-0.16380595795
0.0
0.0708353607391
0.0
0.0
0.0
0.0
0.0
0.0
1.39647881475
-0.630914713426
-0.119470974475
0.418509109451
-0.150899261301
0.0
0.0
0.0
0.0
0.202602020539
-0.0297774059382
0.0
-0.658174933387
-0.0130878203602
-0.186966909295
0.0
0.0778065080705
-0.372308839124
0.135626686051
0.0
0.0
0.0
0.0
-0.216352650371
0.00122860786818
0.0
0.0
-0.211675859267
0.0
-0.0117571785262
0.0
-0.227918266597
-0.321025568456
0.0
-0.116214183446
-0.0541749914217
-0.22927734898
-0.0985521343109
0.0917534117203
0.402720103819
0.0
0.0
0.0
-0.833571603384
-0.806575504751
0.348015068581
0.0
0.362297718617
0.0
0.154428980494
-0.480116377624
-0.413337432907
0.773881528121
0.0639029623298
0.0
0.0
-0.120288789596
-0.433689882555
-0.0565081903807
-0.0637742047125
-0.0433989902747
-0.109622341
0.086171099051
0.0
-0.574806938359
0.0
-0.00221166354589
-0.172461754962
-0.0600776437388
-0.630141916445
-0.188764210258
0.263683368593
-0.0363308599713
-0.0256699274337
0.0
0.957367325752
0.457617281875
-0.25053669761
0.0
-0.0944049658431
0.0
-0.273949457932
0.0
-0.0121379104225
-0.0251204190917
-0.0142872735302
-0.182791412247
0.0
0.0
-0.513090943983
-0.133567503994
0.289711999976
-0.0124691050009
-0.0244892119848
-0.116402894589
0.0
-0.167239694482
0.0
-0.136235818112
-0.330124892402
-0.0131876174568
0.210791528113
-0.35157087154
0.0
0.0
-0.804675028764
0.0
-0.0162631530592
0.0
0.256770985502
0.425332706873
0.33003687195
0.0
0.0
0.0
-0.0192824301101
0.382202039958
0.0
0.0
0.0
0.104959299326
-1.27078213982
0.0
0.310747940558
0.151864033537
-0.0145354859309
0.102999154554
-0.0085354037303
0.0
0.0
-0.92828635949
-0.184131146231
0.0
-1.65985040222
-0.726129448627
-0.00894188467583
0.0
-0.00547650368184
0.101210666936
-0.212770360272
0.0
-0.0209563454407
-1.70664373217
-0.0920603850214
0.0
-0.0938101297407
-0.652734526515
-0.213796344245
-0.00539772539746
-0.158355834023
-0.0953601251168
0.0
0.0
-0.000590164302251
0.0
0.0
0.0
0.0
0.0
0.0
0.0
0.0
0.0
0.472829897992
-0.360501646709
-1.54849905275
-0.272564749271
0.0
0.0
0.0
0.0
0.0
0.0
-0.291913395446
-0.0269928013214
0.371226713162
-0.442771312114
0.164782961814
-0.445224462372
0.0946984550624
0.0
-0.280448510125
0.0
0.0
-1.14729296705
-0.527909539173
-1.44153124958
0.0
0.0
-0.0383432474854
-0.121705741746
-0.657737205947
-0.101571946403
0.475263133764
0.0374240563927
-0.292181936192
0.0
0.0
-0.112732749014
-0.711641421172
0.0367609870934
0.0
-0.0707420247661
-0.0713845631816
-0.807227588235
0.404621537672
0.270194133661
0.0
-0.0802933985992
0.136233949311
-0.0187281729628
0.0
0.0
0.288661961318
0.0
-0.105421475352
-0.051868536371
-0.00630797001734
0.0
0.0
0.838343687101
-1.05374184127
0.0
-0.249003461003
0.267947158405
0.0
-0.363328380896
0.0
-0.31052422377
-0.0211048052916
-0.221147036991
0.203503091822
0.0
0.133147970418
0.0
0.0
0.1784516305
-0.611265137479
-0.173765778515
0.0
0.0
-0.26665794739
0.165105815022
0.0
-0.00510679106273
-0.00377834672101
0.0
-0.155728654523
0.0
0.0
-0.363467200211
0.0
0.0
0.471049946745
-0.149116814488
-0.351102457565
-0.0893854670433
-0.179978262073
0.0
-0.0296353194496
-0.673398602329
0.0
-0.154398087469
-0.0397559761018
-0.0428185747828
-0.293117374053
-0.373234602007
-0.0778093237836
-0.16137240698
0.0
-0.411900759121
0.130457296539
0.0
-0.124682666189
-0.00977646927664
0.450563556236
0.0
-0.376350957835
0.0655626754145
0.01004944068
0.0
-0.084293027083
-0.0887309371577
-0.0369188047712
0.0
-0.00688293745133
-0.593020541346
-0.302815054596
0.0
0.0
-0.0309843494453
0.0
-0.143971836595
0.0
0.04822243671
-0.000509317763935
-0.0867344281353
-0.0132619182578
-0.113278668777
-0.280448510125
-0.169284551572
0.0
0.0288906150003
-0.489166956891
0.0
0.0
0.0
0.0
0.0
0.0
0.0
0.0
0.946192747961
0.00230925903256
0.324619561516
-0.0102036607836
0.0
0.0
0.0
0.0
0.257261859974
-0.196143280288
-0.0421031698293
-0.0233056706996
0.0
-0.396265303452
-0.0308730095785
-0.198210584269
0.0
0.422707291615
-0.532599671037
-0.855406899861
0.0
-0.0270054939939
-0.254217853872
-0.494072059567
-0.965411934386
-0.010149162226
0.0
0.278161277645
-0.539353373063
-0.315610020237
-0.228283319624
-0.126142057719
0.0
0.0
-0.650022995378
-0.491310803938
0.0
0.19934856671
-0.0264635891883
0.0
-0.00901672901646
0.233832751449
0.0
-2.18092066609
-0.0915716159614
0.0
0.612175161009
0.270849282121
0.111629397835
-0.103217126762
-0.043617447086
0.197686481689
-0.233948158023
0.485057188636
-0.0143074774399
0.0
0.392776752266
-0.803246342288
0.2853088066
0.0
0.0
-0.0761625931465
0.0
0.462305880475
0.0
0.0985664667501
0.161010876845
0.439302940421
0.0
-0.0115016309762
0.0
-0.679603042096
-0.0310829514662
-0.00854579154077
0.178880626549
-0.00758845343364
-0.218506503784
-0.0118305162216
0.0
-0.219226227431
-0.405510648642
-0.0518197957103
0.0
-0.613734176369
-0.170758137878
0.0
0.0
0.0
-0.0188560390436
-0.0945710671862
-0.0350371476194
-0.101055737416
0.0
0.209719502967
-0.129789899368
0.0
0.121065291488
0.0
-0.0449618243427
0.0589333764357
0.0
-0.0863938237222
-0.00687674798455
0.0
-0.134908303165
0.0
0.152938101198
-0.24401395217
0.0
0.0
-0.248942827034
-0.0976654111036
0.0
-0.385998319232
0.0
-0.0144871871618
-0.00131980346561
0.0
0.0
-0.16218494904
0.0
0.0
0.0
0.0
0.0
0.0
0.0
0.4710661254
0.154860255838
-0.109572259758
0.0
0.0
0.0
-0.0177256775591
0.0
0.0515445344114
0.0
0.0
0.0
-0.171240710859
-0.00539989169246
0.15801145587
0.0
-1.25832750203
-0.343357762146
-0.0107653155024
0.0
-0.0552184434343
-0.0526935412988
-0.16420842529
0.0
-1.10694019436
-1.75914180925
-0.1670587396
0.0
-0.028902828433
-0.154547201629
-0.299104373813
-0.021829940771
0.213003290229
-0.00657005230188
1.08654229541
0.0
0.0
0.160852920503
0.265577361547
-0.101047025556
-0.107096771272
0.249030262133
0.0
-0.251145545037
-0.670175210773
0.0
-0.151214472037
-0.174317995417
-0.0265566539039
0.670370497918
-0.0517606676785
0.0
0.000521364638644
-0.00359981912111
-0.351493265772
0.317537999357
-0.233518085583
0.0
-0.023428087429
0.425532826399
-0.0135561352738
0.0
0.0
-1.31662773629
-0.333642178455
0.0
0.0
0.0
-0.00534999142271
-0.395133129672
0.0
-0.00133989121742
-0.146907492673
0.527157230688
-0.664109001227
-0.00200636983103
0.0
-1.03628537392
0.0
-0.0552551143918
-0.214766734027
0.0
-0.0474632682117
-0.324071150926
0.0567654835802
-0.032384475347
-0.0207244505738
-0.143919289927
-0.0199108375826
-0.221032937099
0.115875474597
0.418323391095
-0.0436198288057
-0.414209427064
-0.650003956037
-0.0199484229287
-0.0160924102784
-0.281824684276
-0.0395877897653
0.261743184454
0.0
-0.203481785861
0.0
0.0
-0.00164242997653
-0.0712671845479
0.0
0.0
0.0
0.0
0.981298659367
-1.12639991884
-0.644607591106
0.0
-0.00874695267385
0.0
-1.07213846559
-0.405792447536
-0.0629698264916
-0.114853996684
0.305464683718
-0.0376784278732
-0.880299606583
-0.107096771272
0.0
-0.060627513782
-0.632477654712
0.0
-0.0622821987903
0.0
-0.0207007783809
-0.273963543613
0.1152531264
-0.0553898779241
-0.429809052694
0.0
0.0
0.0
0.0
-0.227417789162
-0.644783718603
0.0
0.0
-0.16594024585
-0.0305199246941
-0.00279373297373
-0.00663363268959
0.0
-0.0298905954339
0.564584554807
-0.0101918375613
0.138599900641
0.455275314808
-0.0162755628491
0.0
-0.000675111991237
-0.00251482934015
0.177018991904
0.0
0.0
-0.821507885641
-0.196354321545
-0.116520166576
0.0
0.0443358355733
-0.00937206056347
-0.0111073929769
0.0
-0.0644961623118
0.0
0.324544214174
-0.799437208549
-0.33975854384
0.0
-0.550045691498
-0.294112399084
-0.0420248586141
0.0
-0.0897578411031
0.0
-0.579656128805
-0.129410308149
0.0
0.0
0.381446015221
-0.0727425360552
0.0
-0.120388945403
-0.113022055231
-0.262632137785
-0.138943228998
-0.194710413567
0.0
-0.133320003525
0.0
0.0
-1.24527779375
-0.117866644663
-0.0210722601606
-0.197149153099
0.0
0.274875377939
-0.188969607619
0.0
-0.0443214977477
-0.094952927991
0.0
-1.21430155511
-0.295921892095
0.079860041428
-0.00102403331618
-0.0085624256608
0.0
0.0
-0.578026741825
0.0
0.0
-0.14226894758
0.0
-0.437412792624
0.0
0.0
0.0
1.09039247083
-0.428312170939
-0.625310492202
0.0
-0.146373356291
-0.0416040954017
-0.0535806033316
-0.105500682287
0.0
-0.280448510125
0.0
-0.129497697275
-0.0902485221474
-0.680087520512
-0.0843903868204
-0.010149162226
-0.149784932941
-0.70917391311
-0.291114048498
0.167310703908
0.24014311407
-0.0217029107474
-0.759306012224
-0.257169589057
-0.154016368636
-0.365693824543
0.0
-0.226306561907
0.0
0.0
-0.139715958597
0.0
-0.117542020135
0.0
0.0
0.0
1.0734720002
0.21559299181
0.0
0.0
-0.071913375596
0.0
0.0
-0.145425938222
0.196199563785
0.154373739228
-1.09942886289
0.0
0.639660651629
0.0
0.0
0.120252823458
-0.109131304969
-0.0121663072863
-0.0401754024533
0.338113623412
-0.0163098010256
0.0
-1.23563898844
-0.00400192849102
0.0
0.0
-0.00731788104562
-0.592532444346
0.322546471885
0.0
0.077417015172
-0.0470197918482
0.206394722482
0.0
-0.297131289482
-2.13516658928
-0.0537563127218
-0.231613396709
-0.263800201212
0.0
-0.179091168184
-0.644203538783
-4.1905331025
-0.1631026507
0.0
0.0
0.0
0.0
0.0
0.0
0.0
0.0
0.0
0.0
-0.119384161926
0.0
-0.0965055389287
-0.00626045939017
-0.103549812492
0.0
-0.0541193014071
0.0
-0.210002792793
0.0
0.0
0.0
0.0
-0.809175419469
0.0
0.0
0.0
0.0
0.0467455480282
0.0
0.0
0.0
0.0
-0.493967468977
0.0
0.0
0.0
0.0
-0.0158561844447
0.0
0.0
0.0
-0.00115641327234
-0.0772431199543
-0.0921745966164
-0.0182997772748
-0.00079627005922
0.0
0.0
0.0
0.0
0.0
0.0
0.0
0.0
0.0
0.0
0.0
0.0
0.0
0.0
0.0285692202876
0.0
0.0
-0.105275696521
0.0
0.0
0.0
0.0
0.0
0.0
-0.342066423708
0.0
0.0
-0.342066423708
-0.00606945502528
0.0
0.0
0.0
0.0
0.0
0.0
0.0
0.153580578832
0.0
0.0
-0.00148170236584
0.0
0.0
0.0
0.0
0.0
0.0618100121698
0.0
0.0
0.0
0.0
0.0
-0.0106758638049
0.0
0.375430988739
0.0
0.0
-0.0199682238878
-0.00614836260841
0.0
-0.274259319692
0.674218896744
0.0
0.0
0.0
0.0
0.0
0.0
0.0
0.0
0.0
0.0
0.0
0.0
0.0
0.0
0.0
0.0
0.0
0.0
0.0
0.0
0.0
0.0
0.0
0.0
0.0
0.0
0.0
0.0
0.0
0.0
0.0
0.0
0.0
0.0
0.0
0.0
0.0
0.0
0.0
0.0
0.0
0.0
0.0
-0.0780430788977
0.0
0.0
0.0428379534877
0.0
0.0
0.0
0.0
0.0
-0.374632899666
0.0
-0.295155900521
0.0
0.0
0.0
0.0
0.0
0.0
0.0
0.0
0.0
-0.00224293202795
0.0
0.0
0.0
0.0925208344535
0.0
0.0
0.0
0.0
-0.565050724182
0.0
-0.0480732911425
0.0
-0.00432567090162
-0.43007793719
0.0
0.0
0.0
0.0
-0.301963123717
-0.00596081852063
-0.0424995206741
0.0
0.0
0.0
0.0
0.0
0.0
-0.0674209750964
0.0
0.0
-0.0161697686115
0.0
0.0
0.0
0.0
0.0
0.0
0.0
-0.00154077243689
0.0
-0.455388832838
0.0
0.0
-0.144112849704
0.359833534705
-0.206739236767
0.0
0.0
0.0
0.0
0.0
0.0
0.0
0.0
0.0
0.0
-0.468162286883
0.0
0.0
0.0
0.0
-2.78802687263
0.0
0.0
-0.0215974298822
0.0
0.0
0.0
0.0
0.0
0.0
0.0
0.0
0.0
0.257393535641
0.901406071362
0.234032321369
0.185192075704
0.0910456744507
0.0
0.419234659948
0.12401376095
0.0
0.0
-0.0153911728223
0.0
0.0
0.0
-0.26528206422
-0.320499971718
0.0
0.0
-0.143881551113
0.0
0.0
0.0
0.0
0.0
0.0
0.0
-0.100808296001
0.0
0.0
0.0
0.0
0.0
0.0
0.0
0.0
0.0
0.0
-0.000537814550092
0.0
0.0
0.0
0.0
0.0
-0.2496833041
-0.0527663923752
0.0
0.0
-0.553035859938
0.0521051528501
-0.0896858284507
0.0
0.0
0.0
-0.116595316025
0.0
0.0
0.0
0.0
0.0
0.0
0.0
0.0
0.0
0.0
0.0171954285755
0.0
0.0213351045238
0.0
0.0
0.0
0.0
0.0
0.0
0.0
0.0
0.0
-0.108833130274
0.0
0.0
0.0
0.0
0.0
0.0
0.0
0.0
0.0
0.0
-0.053173585924
-0.590910110922
-0.316650093802
0.0
-0.0777523479582
0.0
0.0
0.0
0.0
0.0
-0.270132594636
-0.0312944961165
-0.000982550950487
0.0
0.0
0.0
0.141174095062
-0.329932388031
0.0
0.0
0.0
0.0
-0.213026501139
0.0
0.0
0.0
0.0
0.0187164875753
-0.280448510125
0.0
0.0
-0.0298878409009
0.0
0.0
0.0
-0.165093686756
0.0
0.0
0.0
0.0
0.0
0.0
-0.000505248500748
0.0
0.0
0.0
0.0
0.0
0.0
0.0
-0.000826965209954
0.0
-0.389801096503
-0.0142331515252
0.0
0.0
0.0
0.0
-0.0205866231057
-0.0886324149118
0.0
0.0
-0.740193521834
0.0
0.0
0.0
0.0
0.0
0.0
0.0
0.0
-0.0945779523132
0.0
0.0
-0.00149373874056
0.0
-0.0379400585467
-0.0697107070952
-0.0246129984406
-0.149995600325
0.0
0.0
-1.93605387128
-0.0140165120757
-0.017976334371
0.0
0.0
0.0
0.0
0.0
-0.679412346448
0.0
-0.0778600578489
0.0
-0.0832902266664
0.0
0.0
0.0
0.0
0.0
0.0
-1.31694126598
0.0
0.0
0.0
0.0
0.0
0.0
-0.00946357951946
0.0
0.0
-0.32479917326
0.0
0.0
0.0
0.0
-0.161078513624
0.0
0.0
0.0
0.0
0.0
0.0
-0.026289027289
0.0
0.0
0.0
0.0
0.0
0.0
0.0
0.0
0.0
0.0
0.0
0.0
0.0
0.0
-0.270132594636
0.0
0.0
-0.0457559940884
0.0
0.0
0.0
0.0
0.0
0.0
0.0
0.0
0.0
-0.00199480739958
0.0
0.0
1.19533172935
-0.121122275865
0.0
0.0
-0.108850153912
0.0
-0.0854305299905
0.0
-0.309087623654
-0.384322319828
0.0
0.0
0.0
0.0
0.0
-0.274920861592
-0.0516939371118
-0.185559676804
0.0
0.0
0.0176302299992
0.0
-0.506787804102
-0.000834190773552
0.0
-0.142292775359
0.0
0.0
0.00555837542552
0.0
0.0
0.0
0.0
0.0
-0.40984364649
0.0
0.0
0.0
-0.111189052296
-0.000973760781111
0.0
0.0
-0.0267778225868
0.0
-0.104091432015
0.0
0.0
0.0
-0.0012452965807
0.0
0.0
0.0
-0.91391634269
0.0
0.0
0.0
0.0
0.0
-0.12214792675
0.0
0.0
0.0
0.0
-0.200037091161
0.0
0.0
0.064674803564
-0.000666618280566
0.0
0.0
-0.112990075518
0.0
0.0
-0.504627867041
0.0
0.0
-0.244623884036
0.0
0.0
-0.221234075133
0.0
0.0
-0.142989898528
0.0
0.0
0.0
0.0
0.0
0.0
0.0
-0.00118391798536
0.0
0.0
0.0
0.0
0.0
-0.0358321377801
0.0
0.0
0.0
0.0
-0.617559641555
0.0
0.0
0.0
0.0
-0.13341138949
0.0
0.0
0.0
-0.139620127341
0.0
0.0
0.0
0.0
0.0
0.0
0.0
0.0
0.0974874426485
0.0
0.0
-0.802153707485
0.0
-0.0119161517748
0.0
0.0
0.0
0.0
0.0
0.0
-0.0482016763308
0.0
0.0
0.0
0.0
0.0
0.0
0.0
0.0
0.0
0.0
-0.129309044226
0.0
-0.175144186208
0.0
0.0
0.0
0.0
0.0
0.0
0.0
-0.531275940094
0.0
-0.242185412668
0.0
0.0
0.0
0.0
0.0
0.0
0.0
0.0
0.0
0.0
0.0
0.0
-0.44652052399
0.0
-0.0671976103159
0.0
-0.127945207305
0.0
0.0
-0.078028357946
0.0
0.0
0.0
0.0
-1.08668556235
0.0
-0.02682590189
0.0
0.0
0.445638842646
0.0
0.0
0.0
-0.0868154619265
0.0
0.0526841936199
0.0290458667431
0.0
0.0
0.0
0.0
0.0
0.0
0.0
0.0
-0.0868154619265
0.0
0.0
0.0
-0.00957450952362
0.125213785309
-0.388356930848
-0.133273263851
0.0
0.0
-1.08917510904
0.0
0.0
0.0
0.0
-0.000299227791169
-1.05858806428
0.0
0.0
0.0
0.0
0.0
0.0
0.0
0.0
0.0
0.0
0.0
-0.00109504308027
0.0
0.0
0.0206628448816
0.0
0.0
0.0
0.0
-0.27474080578
-0.280448510125
-0.0497389430446
0.0
-0.20085422755
0.0
0.0
0.0
0.0
0.0
0.0
0.0
0.0
0.0
0.0
0.0
-0.0576444739169
0.0
0.0
0.0
0.0
-0.289342358838
-0.0087409910537
0.0
0.0
0.0
0.0
0.0
-0.0277142599229
0.0
0.0
0.0
0.0
-0.00164492608448
-0.00911742969372
-0.0239505093542
-3.18351760779
-0.00201817182183
0.0
0.0
0.0
0.0
-0.279173618884
0.0
0.0
0.0
0.0
0.0
0.0
0.0
0.0
0.0
0.0
0.0
0.0
0.0
0.0
0.0
0.0
0.0
0.0
0.0
0.0
0.0
-0.121339929542
0.0168287935214
0.0
-0.0239505093542
0.0
0.0
0.0231366599027
0.0
-0.0925824787991
-0.0691526539249
0.0
-0.0881367753632
0.0
0.0
0.0844728684102
-0.032602592284
0.0
-0.315178473591
0.0
0.0
0.0
0.0
0.0
-0.851607711357
0.0
-0.104445248032
0.0
0.0
0.0
0.0
0.0
0.0
0.0
0.0
0.0
0.0
0.0
-0.00665361110916
-0.130079266306
-0.13909963036
0.0253037149875
-0.13341138949
0.0
0.0
0.0
0.0
-0.570799727255
0.0
-0.240808615484
0.0
-0.04308922399
0.0
0.0
0.132484861439
0.0
0.0
-0.0225798938982
-0.658782778831
0.0
0.0
0.0
0.0
-5.51604718287
0.0
0.0
0.0
-0.891717686034
-0.000427903012509
0.0
0.0
-0.104791044724
-0.00539680797523
0.0
0.145899463311
-0.00160029158102
0.0
-0.0596317149893
0.0
0.0
0.00544394436016
0.0
0.0
0.0
0.0
0.0
0.0
0.0
0.0
0.0
0.0
0.0
0.0
0.0
0.0
0.0
0.0
0.0
0.0
0.0
0.0
0.0
0.0
0.0
0.0
0.0
0.0
0.0
0.0
0.0
0.0
0.0
0.0
0.0
0.0
0.0
0.0
0.0
0.0
0.0
0.0
0.0
0.0
0.0
0.0
0.0
0.0
0.0
0.0
0.0
0.0
-0.280448510125
0.0
-0.0377029020122
-0.0726648060055
0.0
0.0551931693536
0.0
-0.280448510125
0.0
0.159858526166
0.0
-0.329953224785
0.0
-0.135368764953
0.0
0.0
0.0
0.0
0.0
0.0
0.217222278495
0.0150915546732
0.0
0.0582868980378
0.0
0.0
0.0
-0.236516383861
-0.531028761695
0.0
0.0
0.0
-0.143081371479
-0.312309650483
-0.0758771761537
0.0
0.0
0.0
-0.0117223345108
0.0
-0.0211763168088
0.0
0.0
0.0
0.0
0.0
0.0
0.0
-1.3477959579
-0.530425038186
0.0
-0.201616592001
0.0
0.0
0.0
0.0
0.0
0.0
0.0
0.0
-0.832286021034
-0.0528666753464
0.0
0.0
0.0
0.0
0.0
-0.0349563324919
-0.0221793253412
0.984191576807
-0.162042004367
0.0
-0.02419850534
0.0
-1.44556140555
0.0
0.0
0.256476323378
0.0
-0.368622715114
0.0
0.0
0.0
-0.0193942821076
0.0
0.0
-0.0107738532618
0.0
0.0
-0.451210215184
-0.487461329671
0.0
0.0
-0.115616289264
-0.286867503688
-0.00132216775638
0.0
0.088228786104
0.0
-0.2371764547
0.0
0.0
0.0
0.0
0.0
-0.0427982417912
-0.0951782819224
-0.30876676603
-0.642351824917
0.0
0.0
-0.00290442480342
0.0
0.0
0.0
0.0736177448177
0.0
0.0
0.0
0.0
0.0
0.0
0.0
0.0
0.0
-0.442579737371
0.0
-0.123944549404
0.0
-0.327152684776
0.0
0.0
0.0
0.0
0.0
0.0
0.0
-0.00522676743662
0.0
0.0
0.0
0.0
0.0
0.0
0.0
0.0
0.0
0.0
0.0
0.0
0.0
0.0373639822652
0.0
0.0
0.0
-0.374303405766
0.0
0.0
0.0
0.0
0.0
0.0
0.0
0.0
0.0
0.0146572923353
0.0
0.0
0.0
0.0
0.0
0.0
0.0575594542204
-0.765821904999
-0.0459439318104
0.0
0.342011166275
0.367186290157
0.105146703714
0.0
-0.841345530375
-0.157666969373
0.0
-0.154279019408
0.0
0.0
0.10536838724
0.0
0.0
-0.00800578457652
0.0
0.0
-0.065564374117
-0.0414387374441
0.0
-0.131174309386
-0.0427982417912
0.0
0.0
0.0
0.0
0.0
0.0
0.493111809186
0.0
0.0
0.0
0.0
-0.501292153611
0.0
0.0
0.0893533138717
-0.0465692226218
0.0
0.159303227607
-0.982970268123
0.0
0.0
0.0
-0.0986463952905
0.0
0.0
0.0
0.0
0.0
-0.808761593664
0.0
0.0
-0.0840947493169
-0.308936023515
-0.61230264747
0.0
0.153186049135
-1.23510321788
0.0
-0.490923486165
0.0
0.0
0.0
0.0
0.0
0.0
0.0
0.0
0.0
0.0
-0.0167868144818
-0.0202135068541
0.0
0.0
0.0
-0.109074714376
0.0
-0.0707195655332
0.0
-0.314204339627
-0.279649479204
0.83671137742
-0.0445600505463
0.0
0.0
0.0
0.0
0.0
0.0
-0.0831427797686
0.0
-0.299478706983
0.0
-0.00345960315563
-0.370165891217
0.0
-0.0936747712775
0.0
0.0
0.0
0.0
0.0
0.0
-2.20007818484
0.0
0.0
0.0
-0.959668580056
0.0
0.0
0.0
0.0
-1.02096287319
0.0
-0.330289218248
0.0
0.0
0.0
0.0
0.0
0.0
0.0
0.0
0.0
0.0
0.0
0.0
0.0
0.0
0.0
0.0
0.0
-0.280448510125
-0.251491734389
-0.0457076875249
0.0
0.0
0.0168216843376
0.0
-0.139620127341
0.0
0.0
0.0
0.0
-0.564547929345
-0.0740972406543
0.0
-0.414120631218
-0.141127384179
0.0
0.0
0.0
0.0
0.0
0.0
0.0
0.0
-0.223209330075
-0.00460982064483
0.0
0.0
0.0
-0.469500191375
0.0
-2.12674185175
0.0
-1.03225443091
0.0
0.0
0.0
0.0
0.0
0.0
0.0
0.0
0.0
0.0
-0.341190324507
0.0
0.0
-0.741925573938
0.0
-0.97962939525
-1.17308506806
0.0
-0.0263245316887
0.0
-0.228927634389
0.0
0.0
0.0
-0.202001892417
0.0
-0.0213358544544
-0.0198844426171
0.0
0.0
0.0
0.0
0.0
0.0
0.0
0.0
0.213582648983
0.0
0.0
0.0
0.0
0.0
0.0628580739979
0.0
0.0
0.0
0.0
0.0
0.0
0.0
0.0
0.0
0.0
0.0
0.0
0.0
0.0
0.0
0.0
0.0
0.0
0.0922298522546
0.0
0.0
-0.0499136305286
-0.0100284382275
0.0
0.0
0.0
0.0
0.0
0.0
0.0
0.0
0.0
0.0
0.0
0.0
0.0
0.0
0.0
0.0
0.0
0.0
0.0
0.0
0.0
0.0
0.0
0.0
-0.0327835497734
0.199217194433
0.0
0.0
0.0
-0.114673552567
0.0
0.0
0.0
0.0
0.0
0.0
0.0
0.0
0.0
0.0
0.0
-0.0245892071306
0.0
0.0
0.0
-0.137901808053
-0.0364126552432
0.0
0.0
0.0
-0.142596221645
0.0
0.0
0.0
0.0
0.0
0.0
0.0
0.0
0.0
0.0
-0.0396713665135
0.0
0.0
0.0
0.0
0.0
0.0
0.0
0.0
0.0
-0.493715438896
0.0
0.0
0.0
0.0
0.0
-0.046982092199
0.0
0.0
-0.967741699373
-0.684550891802
-0.134442127262
0.0
0.0
-0.193364491288
0.0
0.0
0.0
0.0
-0.318726304659
-0.411218147751
0.0
0.0
0.0
0.0
-0.400453921122
-0.296532500859
-0.517426492723
-0.049147873415
0.0
-0.472763383466
0.0
0.0
0.0
0.0195302879361
0.0
-0.257596666187
0.0
-0.761616977032
0.0
-0.753471527981
0.0
0.0
0.0
-0.418603851304
0.0
0.0
0.0
0.07150613103
0.0
0.134181462593
-0.280448510125
0.0
0.0
-0.280448510125
-0.0398731458835
0.0
0.0
0.0
0.0
-0.298115835947
0.0
0.0
0.0
0.0
0.0
0.0
0.0
-0.00982841884102
-0.101977322918
-0.0448429142254
-0.206025608809
0.0
0.0
0.0
0.0
0.0
-0.0572848703572
0.0
-0.167825452259
0.0
0.0
0.0
-0.367499002714
0.0
0.101268524039
-0.398658994202
0.0
-0.0538861659909
0.0
0.0
0.0
0.0
0.0
0.0
0.0
-0.0422421984596
-0.139386811478
0.0
0.0
-0.0399901908594
0.0
0.0
0.0
0.0
0.0
-0.0120729825786
0.0
0.0
0.0
0.0
0.0
0.0
0.706664895876
-0.000345808005193
0.0
-2.59972365187
0.0
0.0
0.0
-0.28135855187
-0.195649242341
-0.00133299946954
0.0
-0.0389353091377
0.0
0.0
0.0
0.0
0.0
-0.218872814404
0.0
0.0
0.0
0.0
0.0
-0.043359722976
0.0
0.0
-0.331085266003
0.0
0.0
0.0
0.0
0.0
0.0
0.0
-0.100808296001
0.0
-0.0567536088058
-0.0505788241165
-0.0336944829802
0.0
-0.252094823428
-0.0017553916246
0.0
-0.202631207293
-0.00100994606916
-0.0102038339161
0.0
0.0
0.0
0.0
0.0
0.23671838688
0.0
0.0
-0.000879748162356
0.0
-0.300639371088
-0.414305900424
-0.0150487620321
-0.026289027289
-0.0154560353395
-1.23369138645
-0.0564298672717
0.0
0.0
0.0
0.0
0.0
-0.114402447706
0.0
0.0
0.0
-0.012525947104
0.0
-0.0411980065073
0.0
0.0
0.0
0.0
0.0
0.0
-0.198835518253
-0.0969208964719
-0.000290982198829
-0.486328242615
0.0
-0.182710102033
-0.290613875246
-0.159529661802
-0.127802720333
0.0
0.0
0.0
0.0
0.0
0.00969855553516
0.0
-0.163322895584
-0.100808296001
0.0
-0.189009652321
0.0
0.0
0.0
-0.342066423708
0.805904881801
-0.0952692555156
0.0
-0.00107321331216
-0.167980244
0.0
0.0
0.0
0.0
0.0
0.0551931693536
-0.0888216768074
0.0
0.0
-1.11100733199
-0.0573466291577
0.0
0.0
0.0
0.0
-0.026289027289
0.0
-0.000505248500748
0.0
0.0
0.0
0.0631547552763
0.0
0.0
0.0
-0.250133922733
0.0
-0.000248990496299
0.0
0.0
-0.0567108921379
0.0
0.0
0.0
0.0
0.0
0.218558496145
0.0
0.0
0.0
0.0
-0.177126291922
0.0
0.0
0.0
0.0
-0.0405756704633
0.0
0.0
0.0
0.0
0.0
0.0
0.0
0.0
0.0
0.0
0.0
0.0
-0.205204893428
0.0
0.0
0.0
0.0
0.0
0.0
0.0
-0.303067927254
-0.355056651421
0.0
0.0
0.0
0.0
0.0
-0.242702550888
0.00666737772366
0.0
0.0
0.0
-0.843850004536
0.0
0.0
-1.11506328067
-0.176786662718
0.0
0.0
0.0
-0.0456775255084
0.0
-0.0556924085285
-0.513619076284
-0.00100865709773
-1.0250898801
-0.119100957198
0.14529229433
-0.177507982626
0.0
0.0
0.0
0.0
0.0
0.0
0.0667593347629
0.0
0.0
-0.280448510125
-0.183485331431
0.0
0.0
0.0
0.0
0.0
0.0
0.0
0.0
-0.280316108139
-0.0195427875591
0.0
0.0
0.0
0.0
0.0
-0.225877920625
0.0
0.0
0.0
-0.385943967468
1.46581449893
0.0
0.0
-0.110289233785
-0.232064641429
0.0
0.291780818324
-0.517295840926
0.197694150856
0.282259742595
0.0
-0.000651081004724
0.0
-0.0199682238878
-0.240090749047
0.0
0.0
-0.28498794945
0.0
-0.0102355646371
0.0944282493809
0.605329393987
0.0
0.0
-0.164938716109
0.0
0.0
0.0
0.0
-0.208898632794
0.0
0.0
-0.0189216039852
0.0
0.0
0.0
-0.125977845759
0.0
-0.0825191844663
0.0
-0.0045233345105
-0.0379964637727
0.0
0.0
0.0
-0.56089702025
0.0
0.0
0.0
0.0
0.0
0.0
0.0
0.0
0.0
0.0
-0.0651354558287
0.0
0.0
0.0
0.0
0.0
0.0
0.0
0.0
0.0
0.0
0.0
0.0
0.0
0.0
0.0
0.0
0.0
0.0
-0.141127384179
0.0
-0.027728075868
0.0
0.0
0.0
0.0
0.0
0.0
0.0
0.0
0.0
0.0
0.0
0.0
-0.215728436872
0.0
0.0
0.0
0.0
-0.178693448633
0.0
0.0
0.0
0.0
0.0
0.0
-0.134385101766
-0.266467928785
0.0
0.657004141128
0.0
-0.0411725848295
0.0
0.0
0.0
0.0
0.0
0.0
0.0
0.0
0.0
0.0
0.0
0.0
0.0
0.0
0.0
0.0
0.0
0.0
0.0
0.0
0.0
0.0
0.0
0.0
0.0
0.0
0.0
0.0
0.0
0.0
0.0
0.0
0.0
0.0
0.0
0.0
0.0
0.0
0.0
0.0
0.0
0.0
0.0
0.0
0.0
0.0
0.0
0.0
0.0
0.0
0.0
0.0
0.0
0.0
0.0
0.197848423881
0.0499007765987
-1.82244689122
-0.602109448043
0.0
0.0
0.0
0.0
0.0
-0.026780895116
0.0
0.0
-1.08771198219
0.0
0.0
0.0
0.0
-0.00683711155052
0.0
0.0
0.0
-0.147896506
-0.18162368441
-0.280448510125
0.0
0.0
0.0
0.0
0.0
0.0
-0.085822835892
0.0
0.0
0.0
0.0
0.0
0.0
0.0
0.0343066724248
0.0
-0.415921931987
-0.0357358181178
-0.139254964712
0.0
0.0
0.0
0.0
0.0
0.0
0.0
-1.36460504821
0.0
0.0
0.0
0.0
-0.116530061116
0.0
0.0
2.69621546385
0.0
0.0
0.0
0.0
0.0
0.0
0.0
0.0
0.0
0.0
0.0
0.0
0.0
0.0
0.0
0.0
0.0
-0.702242580548
-0.0895575030616
0.0
-0.0841262191243
0.0
0.0
0.0
-0.425487219649
0.0
-0.819653944906
0.0
0.0
-0.0373998420901
0.0
0.0
0.0
0.0
0.0
0.0
0.0
0.0
-0.334346505548
0.0
0.0
-0.134385101766
0.0
0.0
0.0
0.0970780700037
0.0
0.0
0.0
0.0
0.0
0.0
0.0
-0.00109504308027
0.0
0.0
0.0
0.0
0.0
0.0
0.0
0.0
0.0
-0.375436695762
0.0
0.0
0.0
0.0
-0.420465904485
0.0
0.0584136264105
0.0
0.0
0.0
0.0
0.0
-0.0484477466977
-0.213043009156
0.0
0.0
0.0
0.0
0.0
-0.192569381403
0.0
-0.026289027289
-0.672480446141
0.0
0.0
0.0
0.0
-0.131449337829
-0.359546932648
0.0
0.0
0.0
-0.0140291635592
0.0
0.0
0.0
0.0
-0.00154077243689
0.0
0.0
0.0
0.0
0.0
0.0
0.0
0.0
4.26696571345
0.0
0.0
0.0
0.0
0.0
0.0
-0.112764841114
0.0
-0.0842720864844
0.0
0.0
0.0
0.0
0.0
0.0
0.0
0.0
0.0
-0.280448510125
0.0
0.0
0.0
0.0
-0.167208233008
0.0
0.0
0.0
0.0
-0.0427982417912
0.0
0.0
-0.26485220797
0.0
-0.0925150582099
0.0
-0.077920007686
0.0
0.0
0.0
0.0
0.0
0.0
-0.0151353926789
0.0
0.0
0.0
0.0
0.0
0.0
0.0
0.0
0.0
0.0551931693536
0.0
-0.00620809944619
0.0
0.0
0.0
0.0
-0.00911742969372
0.0
0.0
-0.183758260758
-0.822986040901
0.0
0.0
0.0
0.0
0.0
0.0
0.0
0.0
0.0
0.0
0.0
0.0
0.0
0.0
-0.335956062332
0.0
-0.116986533699
-0.206739236767
-0.117235786894
-0.304398899112
0.0
0.0
0.0
0.0
0.0
0.0
0.0
0.0
0.0
0.0
0.0
0.0
0.00433576738514
0.0
0.0
0.0
0.0
-1.03282208357
0.0
0.0
0.0
0.0
0.0
-0.000345808005193
0.0
0.0
0.0
0.0
0.0
0.0
0.0
0.0
0.0
-0.182922681057
0.0
0.0
0.0
0.0
0.0
0.0
0.0
0.0
0.0
0.0
-0.000959584776335
0.0
0.0
-0.664172145177
0.0
0.0
0.0
-0.138191917218
0.0
0.0
0.0
0.0
0.0
0.0
0.0
0.0
0.0
-0.00243191916057
-0.108427218698
0.0
-0.604070612032
0.0
0.0
0.0
0.0
0.0
-0.140157231289
-0.0378733291212
0.0
0.0
-0.132711403278
0.0
0.0
-0.00455169451551
0.0285692202876
0.0
0.0
0.0
0.0
0.0
0.0
0.0
0.0
0.0
0.0
0.0
0.0
0.0
0.0
0.0
0.110386338707
0.0
0.0
0.0
0.0
0.0
0.0
0.0
0.0
0.0
-0.861319179071
0.0
0.0
-0.139291033104
-0.00147140977121
-0.0902868940209
0.0
0.0
1.80888338083
0.0
0.0
-0.0159131536429
0.0
0.0
0.0
0.0
0.0
0.0
0.0
-0.834201306698
0.0
0.0
0.0
0.0485634956948
0.0
0.0
-0.25033577314
0.0
0.018450563007
-0.0906062871909
0.0
-0.347202028196
0.0
0.0
0.0
0.0
0.0
0.0
-0.00136196280996
-0.00810896019485
0.0
0.0
0.0
-0.579175968522
0.0
-0.382429081513
0.0
0.0
0.0
0.0
0.0
0.0
0.0
0.0
0.0
-0.294644617355
0.0
0.0
0.0
0.0
0.0
0.0
0.0
0.0
0.0
0.0
0.0
0.0
0.0
-0.0567536088058
0.0
0.0
0.0
0.0
0.0
0.0
0.0
0.0
0.0
0.0
-0.026289027289
0.0
0.0
0.0
-0.623692389682
0.0
-0.242597694033
0.0
-0.326043522217
-0.183485331431
-0.0730489587937
-0.104930323428
0.0
0.0
0.0
-0.00155226537582
0.0
0.0
-0.00938380323913
-0.0112214753629
-0.00131980346561
0.0
0.0
0.0
0.0
0.0
0.0
0.0
0.0
0.0
0.0
0.0
0.0
-0.443935927857
0.0
0.0
0.0
0.0
0.0
0.0
0.0
0.0
0.0
0.0
0.0
0.0
0.0
0.0
0.0
-0.0532551130046
0.0
0.0
0.0
0.0
0.0
0.0
0.0
0.0
-0.143829605218
0.0
0.0
0.0
0.0
0.0
0.0
-0.100808296001
-0.133236075275
0.0
0.0
0.0
0.0
0.0
-0.702421249754
0.00855420439784
0.0
0.0
0.0
0.0
0.371175463086
-0.121122275865
0.0
0.0
0.0
0.0
0.0
0.0
-0.294633778409
0.0
0.0
0.0
0.0
0.0
0.0
0.0
0.0
0.0
0.0
0.0
-0.118377418386
0.0
0.0
0.0
0.0
-0.0879236259385
0.0
0.0
0.0
-0.847918889253
0.0
-0.239526080376
-0.0306753680283
0.0
0.0
0.0
0.0
0.0
0.0
-0.077306522856
0.0
0.0
-0.0411747188382
0.0
-0.000879748162356
0.0
0.0
0.0
0.101268524039
0.0
0.0
0.0
0.0
0.0
0.0
0.0
0.0
-0.810034789046
0.0
0.0
0.0
0.0
-0.102136935976
0.0
0.0
-0.0432146939362
0.0
-0.0373170954922
0.0
0.0
0.0
0.0
0.0
0.0
-0.414378032065
0.0
0.0
0.0
-0.0726067192683
0.0
0.0
0.0
-0.118447264198
0.0
-0.518575275897
0.0
0.0
0.0457196287452
0.0
0.0
0.0
0.0612621568011
0.0
0.0
0.0
0.0
0.0
-0.319671157109
0.0
0.0
2.69621546385
-0.56089702025
0.0
0.0
0.0
0.0
0.0
0.0
0.0
-0.872604946402
0.0
0.0
0.0
0.0
0.0
0.0
-0.41665461163
-0.000345808005193
0.0
-0.111163456627
0.0
-0.0183604864482
0.0
0.0
-0.084610030132
0.0
0.0
0.0
-0.0561403883774
0.0
0.0
0.0
0.0
0.0
0.0
-0.110206209779
0.0
0.0
0.0
0.0
0.0
0.0
0.0
0.0
0.0
0.0
0.0
0.0
0.0
0.0
0.0
0.0
0.0
0.0
0.0
-0.342066423708
0.0
0.0
0.0
0.0
0.0
-0.0115389201121
0.0
-0.671244828695
-0.168703795644
0.0
-0.302858023835
0.0
0.0
0.0
0.0
0.0
-0.357754670848
-0.56089702025
0.0
-0.0214193732339
0.0
0.0
0.0
0.0
0.0
0.0
0.0
-0.141333032019
0.0
-0.173911507734
0.0
0.0
0.0
0.0
0.0
0.0
0.0
0.752107793272
0.0
-0.0257473637659
0.0
-0.238454579735
0.0
-0.0385093816554
0.0
0.0
0.0
-0.262130948938
0.462490448349
0.0
-0.301086696323
0.0
0.0
0.0
-0.13972647178
0.0
0.0
0.0
-0.0292809245689
-0.0340811785815
-0.0230238732214
0.0
0.0
0.0
0.0
0.0
0.0
0.0
0.0
0.0
-0.346347570596
0.0
0.0
0.0
0.0
-0.00279866154874
0.0
0.0
0.0
-0.0449562951737
-0.251628396925
0.0
0.0
0.0
0.0
-0.24564171837
0.0
-0.000504656079069
-0.00079627005922
0.0
2.92357643493
0.0
0.0
0.0
0.0
0.0
0.0
0.0
0.0
0.0
0.0
0.0
-0.0411980065073
-0.152822264071
-0.0613507360566
0.0
-0.0696522292008
-0.525346795699
0.0
0.0
-0.0238697304643
0.0
0.0
0.0
0.0
0.0
0.0
0.0
0.0
0.0
0.0
0.0
0.0
0.0
0.0
0.0
0.0
-0.115662065961
0.0
-0.013637274638
0.0
0.0
0.0
0.0
0.0
0.0
0.0
0.2046341986
0.0
-1.65367362885
0.0
0.0
0.0213299377557
0.0
0.138026741605
0.0
0.0425991344854
0.0584136264105
0.0
-0.0290915708417
0.0
-0.179658467027
-0.0220222645558
0.0
0.0803786852084
0.0
0.0
-0.155811423616
0.685102338552
-0.0868154619265
0.0
0.266104180876
-0.618045737413
0.768303744056
0.0
0.0
-0.226553339443
0.0
0.0
0.0
0.0
-0.11133710055
0.0
0.291197866442
0.0
-0.000820811902907
-0.0211810480594
0.0
0.0
0.0
0.0
0.0
-0.0174300820289
0.0
0.0
0.0
-0.237992386263
0.0
0.0
0.0
0.0
0.484905158666
0.0
-0.315437344061
0.0
0.0
0.0
-0.560221077213
0.0
0.0
0.151717983678
0.0
0.0
0.0
0.0
0.0
0.0
-0.119017838655
0.0
0.0
0.403350879805
0.0
-0.0292546496116
0.0
0.0
-0.132350978732
0.0
0.0
0.0
0.0
0.0
0.0
-0.288520374335
-0.0198647897911
0.0
0.0
-0.514590027972
0.0
0.0
0.0
0.0
0.279689547963
0.0
0.0
0.0
0.0
0.0
0.0
-0.0109172311846
0.0
0.0
0.0
-0.0267647131688
0.0
0.0
0.0
0.0
-0.0227268383324
0.0
0.0
-0.162499442006
0.0
0.0
0.0
0.0178783505011
-0.0498788708628
0.0
-0.11491237758
-0.0508403941873
0.0
0.0
0.0
0.0
0.0
0.0
-0.0440455183142
0.0
0.0
0.0
0.0
-0.196487200855
-0.0577493206527
0.0
0.0
-0.00282975663588
0.0
0.0
-0.0797350746725
0.0
0.0
0.0
0.0
0.0
0.0
0.0
0.0
0.0
-0.0992746385104
0.0
-0.11590388953
-0.230302206634
0.0
0.0
0.0
0.0
0.0
0.0
0.0
0.0
0.0
0.0
0.0
0.0
0.0
0.0
0.0
0.0
0.0
0.0
0.0
0.0
0.0
0.0
0.0
0.0
0.0
0.0
0.0
0.0
0.0
0.0
0.0
0.0
0.0
0.0
0.0
0.0
0.0
0.0
0.0
0.0
0.0
0.0
0.0
0.0
0.0
0.0
0.0
0.0
0.0
0.0
0.0
0.0
0.0
0.0
0.0
0.0
0.0
0.0
0.0
0.0
0.0
0.0
0.0
0.0
0.0
0.0
0.0
0.0
0.0
0.0
0.0
0.0
0.0
0.0
0.0
0.0
0.0
0.0
0.0
0.0
0.0
0.0
0.0
0.0
0.0
0.0
0.0
0.0
0.0
0.0
0.0
0.0
0.0
0.0
0.0
0.0
0.0
0.0
0.0
0.0
0.0
0.0
0.0
0.0
0.0
0.0
0.0
0.0
0.0
0.0
0.0
0.0
0.0
0.0
0.0
0.0
0.0
0.0
0.0
0.0
0.0
0.0
0.0
0.0
0.0
0.0
0.0
0.0
0.0
0.0
0.0
0.0
0.0
0.0
0.0
0.0
0.0
0.0
0.0
0.0
0.0
0.0
0.0
0.0
0.0
0.0
0.0
0.0
0.0
0.0
0.0
0.0
0.0
0.0
0.0
0.0
0.0
0.0
0.0
0.0
0.0
0.0
0.0
0.0
0.0
0.0
0.0
0.0
0.0
0.0
0.0
0.0
0.0
0.0
0.0
0.0
0.0
0.0
0.0
0.0
0.0
0.0
0.0
0.0
0.0
0.0
0.0
0.0
0.0
0.0
0.0
0.0
0.0
0.0
0.0
0.0
0.0
0.0
0.0
0.0
0.0
0.0
0.0
0.0
0.0
0.0
0.0
0.0
0.0
0.0
0.0
0.0
0.0
0.0
0.0
0.0
0.0
0.0
0.0
0.0
0.0
0.0
0.0
0.0
0.0
0.0
0.0
0.0
0.0
0.0
0.0
0.0
0.0
0.0
0.0
0.0
0.0
0.0
0.0
0.0
0.0
0.0
0.0
0.0
0.0
0.0
0.0
0.0
0.0
0.0
0.0
0.0
0.0
0.0
0.0
0.0
0.0
0.0
0.0
0.0
0.0
0.0
0.0
0.0
0.0
0.0
0.0
0.0
0.0
0.0
0.0
0.0
0.0
0.0
0.0
0.0
0.0
0.0
0.0
0.0
0.0
0.0
0.0
0.0
0.0
0.0
0.0
0.0
0.0
0.0
0.0
0.0
0.0
0.0
0.0
0.0
0.0
0.0
0.0
0.0
0.0
0.0
0.0
0.0
0.0
0.0
0.0
0.0
0.0
0.0
0.0
0.0
0.0
0.0
0.0
0.0
0.0
0.0
0.0
0.0
0.0
0.0
0.0
0.0
0.0
0.0
0.0
0.0
0.0
0.0
0.0
0.0
0.0
0.0
0.0
0.0
0.0
0.0
0.0
0.0
0.0
0.0
0.0
0.0
0.0
0.0
0.0
0.0
0.0
0.0
0.0
0.0
0.0
0.0
0.0
0.0
0.0
0.0
0.0
0.0
0.0
0.0
0.0
0.0
0.0
0.0
0.0
0.0
0.0
0.0
0.0
0.0
0.0
0.0
0.0
0.0
0.0
0.0
0.0
0.0
0.0
0.0
0.0
0.0
0.0
0.0
0.0
0.0
0.0
0.0
0.0
0.0
0.0
0.0
0.0
0.0
0.0
0.0
0.0
0.0
0.0
0.0
0.0
0.0
0.0
0.0
0.0
0.0
0.0
0.0
0.0
0.0
0.0
0.0
0.0
0.0
0.0
0.0
0.0
0.0
0.0
0.0
0.0
0.0
0.0
0.0
0.0
0.0
0.0
0.0
0.0
0.0
0.0
0.0
0.0
0.0
0.0
0.0
0.0
0.0
0.0
0.0
0.0
0.0
0.0
0.0
0.0
0.0
0.0
0.0
0.0
0.0
0.0
0.0
0.0
0.0
0.0
0.0
0.0
0.0
0.0
0.0
0.0
0.0
0.0
0.0
0.0
0.0
0.0
0.0
0.0
0.0
0.0
0.0
0.0
0.0
0.0
0.0
0.0
0.0
0.0
0.0
0.0
0.0
0.0
0.0
0.0
0.0
0.0
0.0
0.0
0.0
0.0
0.0
0.0
0.0
0.0
0.0
0.0
0.0
0.0
0.0
0.0
0.0
0.0
0.0
0.0
0.0
0.0
0.0
0.0
0.0
0.0
0.0
0.0
0.0
0.0
0.0
0.0
0.0
0.0
0.0
0.0
0.0
0.0
0.0
0.0
0.0
0.0
0.0
0.0
0.0
0.0
0.0
0.0
0.0
0.0
0.0
0.0
0.0
0.0
0.0
0.0
0.0
0.0
0.0
0.0
0.0
0.0
0.0
0.0
0.0
0.0
0.0
0.0
0.0
0.0
0.0
0.0
0.0
0.0
0.0
0.0
0.0
0.0
0.0
0.0
0.0
0.0
0.0
0.0
0.0
0.0
0.0
0.0
0.0
0.0
0.0
0.0
0.0
0.0
0.0
0.0
0.0
0.0
0.0
0.0
0.0
0.0
0.0
0.0
0.0
0.0
0.0
0.0
0.0
0.0
0.0
0.0
0.0
0.0
0.0
0.0
0.0
0.0
0.0
0.0
0.0
0.0
0.0
0.0
0.0
0.0
0.0
0.0
0.0
0.0
0.0
0.0
0.0
0.0
0.0
0.0
0.0
0.0
0.0
0.0
0.0
0.0
0.0
0.0
0.0
0.0
0.0
0.0
0.0
0.0
0.0
0.0
0.0
0.0
0.0
0.0
0.0
0.0
0.0
0.0
0.0
0.0
0.0
0.0
0.0
0.0
0.0
0.0
0.0
0.0
0.0
0.0
0.0
0.0
0.0
0.0
0.0
0.0
0.0
0.0
0.0
0.0
0.0
0.0
0.0
0.0
0.0
0.0
0.0
0.0
0.0
0.0
0.0
0.0
0.0
0.0
0.0
0.0
0.0
0.0
0.0
0.0
0.0
0.0
0.0
0.0
0.0
0.0
0.0
0.0
0.0
0.0
0.0
0.0
0.0
0.0
0.0
0.0
0.0
0.0
0.0
0.0
0.0
0.0
0.0
0.0
0.0
0.0
0.0
0.0
0.0
0.0
0.0
0.0
0.0
0.0
0.0
0.0
0.0
0.0
0.0
0.0
0.0
0.0
0.0
0.0
0.0
0.0
0.0
0.0
0.0
0.0
0.0
0.0
0.0
0.0
0.0
0.0
0.0
0.0
0.0
0.0
0.0
0.0
0.0
0.0
0.0
0.0
0.0
0.0
0.0
0.0
0.0
0.0
0.0
0.0
0.0
0.0
0.0
0.0
0.0
0.0
0.0
0.0
0.0
0.0
0.0
0.0
0.0
0.0
0.0
0.0
0.0
0.0
0.0
0.0
0.0
0.0
0.0
0.0
0.0
0.0
0.0
0.0
0.0
0.0
0.0
0.0
0.0
0.0
0.0
0.0
0.0
0.0
0.0
0.0
0.0
0.0
0.0
0.0
0.0
0.0
0.0
0.0
0.0
0.0
0.0
0.0
0.0
0.0
0.0
0.0
0.0
0.0
0.0
0.0
0.0
0.0
0.0
0.0
0.0
0.0
0.0
0.0
0.0
0.0
0.0
0.0
0.0
0.0
0.0
0.0
0.0
0.0
0.0
0.0
0.0
0.0
0.0
0.0
0.0
0.0
0.0
0.0
0.0
0.0
0.0
0.0
0.0
0.0
0.0
0.0
0.0
0.0
0.0
0.0
0.0
0.0
0.0
0.0
0.0
0.0
0.0
0.0
0.0
0.0
0.0
0.0
0.0
0.0
0.0
0.0
0.0
0.0
0.0
0.0
0.0
0.0
0.0
0.0
0.0
0.0
0.0
0.0
0.0
0.0
0.0
0.0
0.0
0.0
0.0
0.0
0.0
0.0
0.0
0.0
0.0
0.0
0.0
0.0
0.0
0.0
0.0
0.0
0.0
0.0
0.0
0.0
0.0
0.0
0.0
0.0
0.0
0.0
0.0
0.0
0.0
0.0
0.0
0.0
0.0
0.0
0.0
0.0
0.0
0.0
0.0
0.0
0.0
0.0
0.0
0.0
0.0
0.0
0.0
0.0
0.0
0.0
0.0
0.0
0.0
0.0
0.0
0.0
0.0
0.0
0.0
0.0
0.0
0.0
0.0
0.0
0.0
0.0
0.0
0.0
0.0
0.0
0.0
0.0
0.0
0.0
0.0
0.0
0.0
0.0
0.0
0.0
0.0
0.0
0.0
0.0
0.0
0.0
0.0
0.0
0.0
0.0
0.0
0.0
0.0
0.0
0.0
0.0
0.0
0.0
0.0
0.0
0.0
0.0
0.0
0.0
0.0
0.0
0.0
0.0
0.0
0.0
0.0
0.0
0.0
0.0
0.0
0.0
0.0
0.0
0.0
0.0
0.0
0.0
0.0
0.0
0.0
0.0
0.0
0.0
0.0
0.0
0.0
0.0
0.0
0.0
0.0
0.0
0.0
0.0
0.0
0.0
0.0
0.0
0.0
0.0
0.0
0.0
0.0
0.0
0.0
0.0
0.0
0.0
0.0
0.0
0.0
0.0
0.0
0.0
0.0
0.0
0.0
0.0
0.0
0.0
0.0
0.0
0.0
0.0
0.0
0.0
0.0
0.0
0.0
0.0
0.0
0.0
0.0
0.0
0.0
0.0
0.0
0.0
0.0
0.0
0.0
0.0
0.0
0.0
0.0
0.0
0.0
0.0
0.0
0.0
0.0
0.0
0.0
0.0
0.0
0.0
0.0
0.0
0.0
0.0
0.0
0.0
0.0
0.0
0.0
0.0
0.0
0.0
0.0
0.0
0.0
0.0
0.0
0.0
0.0
0.0
0.0
0.0
0.0
0.0
0.0
0.0
0.0
0.0
0.0
0.0
0.0
0.0
0.0
0.0
0.0
0.0
0.0
0.0
0.0
0.0
0.0
0.0
0.0
0.0
0.0
0.0
0.0
0.0
0.0
0.0
0.0
0.0
0.0
0.0
0.0
0.0
0.0
0.0
0.0
0.0
0.0
0.0
0.0
0.0
0.0
0.0
0.0
0.0
0.0
0.0
0.0
0.0
0.0
0.0
0.0
0.0
0.0
0.0
0.0
0.0
0.0
0.0
0.0
0.0
0.0
0.0
0.0
0.0
0.0
0.0
0.0
0.0
0.0
0.0
0.0
0.0
0.0
0.0
0.0
0.0
0.0
0.0
0.0
0.0
0.0
0.0
0.0
0.0
0.0
0.0
0.0
0.0
0.0
0.0
0.0
0.0
0.0
0.0
0.0
0.0
0.0
0.0
0.0
0.0
0.0
0.0
0.0
0.0
0.0
0.0
0.0
0.0
0.0
0.0
0.0
0.0
0.0
0.0
0.0
0.0
0.0
0.0
0.0
0.0
0.0
0.0
0.0
0.0
0.0
0.0
0.0
0.0
0.0
0.0
0.0
0.0
0.0
0.0
0.0
0.0
0.0
0.0
0.0
0.0
0.0
0.0
0.0
0.0
0.0
0.0
0.0
0.0
0.0
0.0
0.0
0.0
0.0
0.0
0.0
0.0
0.0
0.0
0.0
0.0
0.0
0.0
0.0
0.0
0.0
0.0
0.0
0.0
0.0
0.0
0.0
0.0
0.0
0.0
0.0
0.0
0.0
0.0
0.0
0.0
0.0
0.0
0.0
0.0
0.0
0.0
0.0
0.0
0.0
0.0
0.0
0.0
0.0
0.0
0.0
0.0
0.0
0.0
0.0
0.0
0.0
0.0
0.0
0.0
0.0
0.0
0.0
0.0
0.0
0.0
0.0
0.0
0.0
0.0
0.0
0.0
0.0
0.0
0.0
0.0
0.0
0.0
0.0
0.0
0.0
0.0
0.0
0.0
0.0
0.0
0.0
0.0
0.0
0.0
0.0
0.0
0.0
0.0
0.0
0.0
0.0
0.0
0.0
0.0
0.0
0.0
0.0
0.0
0.0
0.0
0.0
0.0
0.0
0.0
0.0
0.0
0.0
0.0
0.0
0.0
0.0
0.0
0.0
0.0
0.0
0.0
0.0
0.0
0.0
0.0
0.0
0.0
0.0
0.0
0.0
0.0
0.0
0.0
0.0
0.0
0.0
0.0
0.0
0.0
0.0
0.0
0.0
0.0
0.0
0.0
0.0
0.0
0.0
0.0
0.0
0.0
0.0
0.0
0.0
0.0
0.0
0.0
0.0
0.0
0.0
0.0
0.0
0.0
0.0
0.0
0.0
0.0
0.0
0.0
0.0
0.0
0.0
0.0
0.0
0.0
0.0
0.0
0.0
0.0
0.0
0.0
0.0
0.0
0.0
0.0
0.0
0.0
0.0
0.0
0.0
0.0
0.0
0.0
0.0
0.0
0.0
0.0
0.0
0.0
0.0
0.0
0.0
0.0
0.0
0.0
0.0
0.0
0.0
0.0
0.0
0.0
0.0
0.0
0.0
0.0
0.0
0.0
0.0
0.0
0.0
0.0
0.0
0.0
0.0
0.0
0.0
0.0
0.0
0.0
0.0
0.0
0.0
0.0
0.0
0.0
0.0
0.0
0.0
0.0
0.0
0.0
0.0
0.0
0.0
0.0
0.0
0.0
0.0
0.0
0.0
0.0
0.0
0.0
0.0
0.0
0.0
0.0
0.0
0.0
0.0
0.0
0.0
0.0
0.0
0.0
0.0
0.0
0.0
0.0
0.0
0.0
0.0
0.0
0.0
0.0
0.0
0.0
0.0
0.0
0.0
0.0
0.0
0.0
0.0
0.0
0.0
0.0
0.0
0.0
0.0
0.0
0.0
0.0
0.0
0.0
0.0
0.0
0.0
0.0
0.0
0.0
0.0
0.0
0.0
0.0
0.0
0.0
0.0
0.0
0.0
0.0
0.0
0.0
0.0
0.0
0.0
0.0
0.0
0.0
0.0
0.0
0.0
0.0
0.0
0.0
0.0
0.0
0.0
0.0
0.0
0.0
0.0
0.0
0.0
0.0
0.0
0.0
0.0
0.0
0.0
0.0
0.0
0.0
0.0
0.0
0.0
0.0
0.0
0.0
0.0
0.0
0.0
0.0
0.0
0.0
0.0
0.0
0.0
0.0
0.0
0.0
0.0
0.0
0.0
0.0
0.0
0.0
0.0
0.0
0.0
0.0
0.0
0.0
0.0
0.0
0.0
0.0
0.0
0.0
0.0
0.0
0.0
0.0
0.0
0.0
0.0
0.0
0.0
0.0
0.0
0.0
0.0
0.0
0.0
0.0
0.0
0.0
0.0
0.0
0.0
0.0
0.0
0.0
0.0
0.0
0.0
0.0
0.0
0.0
0.0
0.0
0.0
0.0
0.0
0.0
0.0
0.0
0.0
0.0
0.0
0.0
0.0
0.0
0.0
0.0
0.0
0.0
0.0
0.0
0.0
0.0
0.0
0.0
0.0
0.0
0.0
0.0
0.0
0.0
0.0
0.0
0.0
0.0
0.0
0.0
0.0
0.0
0.0
0.0
0.0
0.0
0.0
0.0
0.0
0.0
0.0
0.0
0.0
0.0
0.0
0.0
0.0
0.0
0.0
0.0
0.0
0.0
0.0
0.0
0.0
0.0
0.0
0.0
0.0
0.0
0.0
0.0
0.0
0.0
0.0
0.0
0.0
0.0
0.0
0.0
0.0
0.0
0.0
0.0
0.0
0.0
0.0
0.0
0.0
0.0
0.0
0.0
0.0
0.0
0.0
0.0
0.0
0.0
0.0
0.0
0.0
0.0
0.0
0.0
0.0
0.0
0.0
0.0
0.0
0.0
0.0
0.0
0.0
0.0
0.0
0.0
0.0
0.0
0.0
0.0
0.0
0.0
0.0
0.0
0.0
0.0
0.0
0.0
0.0
0.0
0.0
0.0
0.0
0.0
0.0
0.0
0.0
0.0
0.0
0.0
0.0
0.0
0.0
0.0
0.0
0.0
0.0
0.0
0.0
0.0
0.0
0.0
0.0
0.0
0.0
0.0
0.0
0.0
0.0
0.0
0.0
0.0
0.0
0.0
0.0
0.0
0.0
0.0
0.0
0.0
0.0
0.0
0.0
0.0
0.0
0.0
0.0
0.0
0.0
0.0
0.0
0.0
0.0
0.0
0.0
0.0
0.0
0.0
0.0
0.0
0.0
0.0
0.0
0.0
0.0
0.0
0.0
0.0
0.0
0.0
0.0
0.0
0.0
0.0
0.0
0.0
0.0
0.0
0.0
0.0
0.0
0.0
0.0
0.0
0.0
0.0
0.0
0.0
0.0
0.0
0.0
0.0
0.0
0.0
0.0
0.0
0.0
0.0
0.0
0.0
0.0
0.0
0.0
0.0
0.0
0.0
0.0
0.0
0.0
0.0
0.0
0.0
0.0
0.0
0.0
0.0
0.0
0.0
0.0
0.0
0.0
0.0
0.0
0.0
0.0
0.0
0.0
0.0
0.0
0.0
0.0
0.0
0.0
0.0
0.0
0.0
0.0
0.0
0.0
0.0
0.0
0.0
0.0
0.0
0.0
0.0
0.0
0.0
0.0
0.0
0.0
0.0
0.0
0.0
0.0
0.0
0.0
0.0
0.0
0.0
0.0
0.0
0.0
0.0
0.0
0.0
0.0
0.0
0.0
0.0
0.0
0.0
0.0
0.0
0.0
0.0
0.0
0.0
0.0
0.0
0.0
0.0
0.0
0.0
0.0
0.0
0.0
0.0
0.0
0.0
0.0
0.0
0.0
0.0
0.0
0.0
0.0
0.0
0.0
0.0
0.0
0.0
0.0
0.0
0.0
0.0
0.0
0.0
0.0
0.0
0.0
0.0
0.0
0.0
0.0
0.0
0.0
0.0
0.0
0.0
0.0
0.0
0.0
0.0
0.0
0.0
0.0
0.0
0.0
0.0
0.0
0.0
0.0
0.0
0.0
0.0
0.0
0.0
0.0
0.0
0.0
0.0
0.0
0.0
0.0
0.0
0.0
0.0
0.0
0.0
0.0
0.0
0.0
0.0
0.0
0.0
0.0
0.0
0.0
0.0
0.0
0.0
0.0
0.0
0.0
0.0
0.0
0.0
0.0
0.0
0.0
0.0
0.0
0.0
0.0
0.0
0.0
0.0
0.0
0.0
0.0
0.0
0.0
0.0
0.0
0.0
0.0
0.0
0.0
0.0
0.0
0.0
0.0
0.0
0.0
0.0
0.0
0.0
0.0
0.0
0.0
0.0
0.0
0.0
0.0
0.0
0.0
0.0
0.0
0.0
0.0
0.0
0.0
0.0
0.0
0.0
0.0
0.0
0.0
0.0
0.0
0.0
0.0
0.0
0.0
0.0
0.0
0.0
0.0
0.0
0.0
0.0
0.0
0.0
0.0
0.0
0.0
0.0
0.0
0.0
0.0
0.0
0.0
0.0
0.0
0.0
0.0
0.0
0.0
0.0
0.0
0.0
0.0
0.0
0.0
0.0
0.0
0.0
0.0
0.0
0.0
0.0
0.0
0.0
0.0
0.0
0.0
0.0
0.0
0.0
0.0
0.0
0.0
0.0
0.0
0.0
0.0
0.0
0.0
0.0
0.0
0.0
0.0
0.0
0.0
0.0
0.0
0.0
0.0
0.0
0.0
0.0
0.0
0.0
0.0
0.0
0.0
0.0
0.0
0.0
0.0
0.0
0.0
0.0
0.0
0.0
0.0
0.0
0.0
0.0
0.0
0.0
0.0
0.0
0.0
0.0
0.0
0.0
0.0
0.0
0.0
0.0
0.0
0.0
0.0
0.0
0.0
0.0
0.0
0.0
0.0
0.0
0.0
0.0
0.0
0.0
0.0
0.0
0.0
0.0
0.0
0.0
0.0
0.0
0.0
0.0
0.0
0.0
0.0
0.0
0.0
0.0
0.0
0.0
0.0
0.0
0.0
0.0
0.0
0.0
0.0
0.0
0.0
0.0
0.0
0.0
0.0
0.0
0.0
0.0
0.0
0.0
0.0
0.0
0.0
0.0
0.0
0.0
0.0
0.0
0.0
0.0
0.0
0.0
0.0
0.0
0.0
0.0
0.0
0.0
0.0
0.0
0.0
0.0
0.0
0.0
0.0
0.0
0.0
0.0
0.0
0.0
0.0
0.0
0.0
0.0
0.0
0.0
0.0
0.0
0.0
0.0
0.0
0.0
0.0
0.0
0.0
0.0
0.0
0.0
0.0
0.0
0.0
0.0
0.0
0.0
0.0
0.0
0.0
0.0
0.0
0.0
0.0
0.0
0.0
0.0
0.0
0.0
0.0
0.0
0.0
0.0
0.0
0.0
0.0
0.0
0.0
0.0
0.0
0.0
0.0
0.0
0.0
0.0
0.0
0.0
0.0
0.0
0.0
0.0
0.0
0.0
0.0
0.0
0.0
0.0
0.0
0.0
0.0
0.0
0.0
0.0
0.0
0.0
0.0
0.0
0.0
0.0
0.0
0.0
0.0
0.0
0.0
0.0
0.0
0.0
0.0
0.0
0.0
0.0
0.0
0.0
0.0
0.0
0.0
0.0
0.0
0.0
0.0
0.0
0.0
0.0
0.0
0.0
0.0
0.0
0.0
0.0
0.0
0.0
0.0
0.0
0.0
0.0
0.0
0.0
0.0
0.0
0.0
0.0
0.0
0.0
0.0
0.0
0.0
0.0
0.0
0.0
0.0
0.0
0.0
0.0
0.0
0.0
0.0
0.0
0.0
0.0
0.0
0.0
0.0
0.0
0.0
0.0
0.0
0.0
0.0
0.0
0.0
0.0
0.0
0.0
0.0
0.0
0.0
0.0
0.0
0.0
0.0
0.0
0.0
0.0
0.0
0.0
0.0
0.0
0.0
0.0
0.0
0.0
0.0
0.0
0.0
0.0
0.0
0.0
0.0
0.0
0.0
0.0
0.0
0.0
0.0
0.0
0.0
0.0
0.0
0.0
0.0
0.0
0.0
0.0
0.0
0.0
0.0
0.0
0.0
0.0
0.0
0.0
0.0
0.0
0.0
0.0
0.0
0.0
0.0
0.0
0.0
0.0
0.0
0.0
0.0
0.0
0.0
0.0
0.0
0.0
0.0
0.0
0.0
0.0
0.0
0.0
0.0
0.0
0.0
0.0
0.0
0.0
0.0
0.0
0.0
0.0
0.0
0.0
0.0
0.0
0.0
0.0
0.0
0.0
0.0
0.0
0.0
0.0
0.0
0.0
0.0
0.0
0.0
0.0
0.0
0.0
0.0
0.0
0.0
0.0
0.0
0.0
0.0
0.0
0.0
0.0
0.0
0.0
0.0
0.0
0.0
0.0
0.0
0.0
0.0
0.0
0.0
0.0
0.0
0.0
0.0
0.0
0.0
0.0
0.0
0.0
0.0
0.0
0.0
0.0
0.0
0.0
0.0
0.0
0.0
0.0
0.0
0.0
0.0
0.0
0.0
0.0
0.0
0.0
0.0
0.0
0.0
0.0
0.0
0.0
0.0
0.0
0.0
0.0
0.0
0.0
0.0
0.0
0.0
0.0
0.0
0.0
0.0
0.0
0.0
0.0
0.0
0.0
0.0
0.0
0.0
0.0
0.0
0.0
0.0
0.0
0.0
0.0
0.0
0.0
0.0
0.0
0.0
0.0
0.0
0.0
0.0
0.0
0.0
0.0
0.0
0.0
0.0
0.0
0.0
0.0
0.0
0.0
0.0
0.0
0.0
0.0
0.0
0.0
0.0
0.0
0.0
0.0
0.0
0.0
0.0
0.0
0.0
0.0
0.0
0.0
0.0
0.0
0.0
0.0
0.0
0.0
0.0
0.0
0.0
0.0
0.0
0.0
0.0
0.0
0.0
0.0
0.0
0.0
0.0
0.0
0.0
0.0
0.0
0.0
0.0
0.0
0.0
0.0
0.0
0.0
0.0
0.0
0.0
0.0
0.0
0.0
0.0
0.0
0.0
0.0
0.0
0.0
0.0
0.0
0.0
0.0
0.0
0.0
0.0
0.0
0.0
0.0
0.0
0.0
0.0
0.0
0.0
0.0
0.0
0.0
0.0
0.0
0.0
0.0
0.0
0.0
0.0
0.0
0.0
0.0
0.0
0.0
0.0
0.0
0.0
0.0
0.0
0.0
0.0
0.0
0.0
0.0
0.0
0.0
0.0
0.0
0.0
0.0
0.0
0.0
0.0
0.0
0.0
0.0
0.0
0.0
0.0
0.0
0.0
0.0
0.0
0.0
0.0
0.0
0.0
0.0
0.0
0.0
0.0
0.0
0.0
0.0
0.0
0.0
0.0
0.0
0.0
0.0
0.0
0.0
0.0
0.0
0.0
0.0
0.0
0.0
0.0
0.0
0.0
0.0
0.0
0.0
0.0
0.0
0.0
0.0
0.0
0.0
0.0
0.0
0.0
0.0
0.0
0.0
0.0
0.0
0.0
0.0
0.0
0.0
0.0
0.0
0.0
0.0
0.0
0.0
0.0
0.0
0.0
0.0
0.0
0.0
0.0
0.0
0.0
0.0
0.0
0.0
0.0
0.0
0.0
0.0
0.0
0.0
0.0
0.0
0.0
0.0
0.0
0.0
0.0
0.0
0.0
0.0
0.0
0.0
0.0
0.0
0.0
0.0
0.0
0.0
0.0
0.0
0.0
0.0
0.0
0.0
0.0
0.0
0.0
0.0
0.0
0.0
0.0
0.0
0.0
0.0
0.0
0.0
0.0
0.0
0.0
0.0
0.0
0.0
0.0
0.0
0.0
0.0
0.0
0.0
0.0
0.0
0.0
0.0
0.0
0.0
0.0
0.0
0.0
0.0
0.0
0.0
0.0
0.0
0.0
0.0
0.0
0.0
0.0
0.0
0.0
0.0
0.0
0.0
0.0
0.0
0.0
0.0
0.0
0.0
0.0
0.0
0.0
0.0
0.0
0.0
0.0
0.0
0.0
0.0
0.0
0.0
0.0
0.0
0.0
0.0
0.0
0.0
0.0
0.0
0.0
0.0
0.0
0.0
0.0
0.0
0.0
0.0
0.0
0.0
0.0
0.0
0.0
0.0
0.0
0.0
0.0
0.0
0.0
0.0
0.0
0.0
0.0
0.0
0.0
0.0
0.0
0.0
0.0
0.0
0.0
0.0
0.0
0.0
0.0
0.0
0.0
0.0
0.0
0.0
0.0
0.0
0.0
0.0
0.0
0.0
0.0
0.0
0.0
0.0
0.0
0.0
0.0
0.0
0.0
0.0
0.0
0.0
0.0
0.0
0.0
0.0
0.0
0.0
0.0
0.0
0.0
0.0
0.0
0.0
0.0
0.0
0.0
0.0
0.0
0.0
0.0
0.0
0.0
0.0
0.0
0.0
0.0
0.0
0.0
0.0
0.0
0.0
0.0
0.0
0.0
0.0
0.0
0.0
0.0
0.0
0.0
0.0
0.0
0.0
0.0
0.0
0.0
0.0
0.0
0.0
0.0
0.0
0.0
0.0
0.0
0.0
0.0
0.0
0.0
0.0
0.0
0.0
0.0
0.0
0.0
0.0
0.0
0.0
0.0
0.0
0.0
0.0
0.0
0.0
0.0
0.0
0.0
0.0
0.0
0.0
0.0
0.0
0.0
0.0
0.0
0.0
0.0
0.0
0.0
0.0
0.0
0.0
0.0
0.0
0.0
0.0
0.0
0.0
0.0
0.0
0.0
0.0
0.0
0.0
0.0
0.0
0.0
0.0
0.0
0.0
0.0
0.0
0.0
0.0
0.0
0.0
0.0
0.0
0.0
0.0
0.0
0.0
0.0
0.0
0.0
0.0
0.0
0.0
0.0
0.0
0.0
0.0
0.0
0.0
0.0
0.0
0.0
0.0
0.0
0.0
0.0
0.0
0.0
0.0
0.0
0.0
0.0
0.0
0.0
0.0
0.0
0.0
0.0
0.0
0.0
0.0
0.0
0.0
0.0
0.0
0.0
0.0
0.0
0.0
0.0
0.0
0.0
0.0
0.0
0.0
0.0
0.0
0.0
0.0
0.0
0.0
0.0
0.0
0.0
0.0
0.0
0.0
0.0
0.0
0.0
0.0
0.0
0.0
0.0
0.0
0.0
0.0
0.0
0.0
0.0
0.0
0.0
0.0
0.0
0.0
0.0
0.0
0.0
0.0
0.0
0.0
0.0
0.0
0.0
0.0
0.0
0.0
0.0
0.0
0.0
0.0
0.0
0.0
0.0
0.0
0.0
0.0
0.0
0.0
0.0
0.0
0.0
0.0
0.0
0.0
0.0
0.0
0.0
0.0
0.0
0.0
0.0
0.0
0.0
0.0
0.0
0.0
0.0
0.0
0.0
0.0
0.0
0.0
0.0
0.0
0.0
0.0
0.0
0.0
0.0
0.0
0.0
0.0
0.0
0.0
0.0
0.0
0.0
0.0
0.0
0.0
0.0
0.0
0.0
0.0
0.0
0.0
0.0
0.0
0.0
0.0
0.0
0.0
0.0
0.0
0.0
0.0
0.0
0.0
0.0
0.0
0.0
0.0
0.0
0.0
0.0
0.0
0.0
0.0
0.0
0.0
0.0
0.0
0.0
0.0
0.0
0.0
0.0
0.0
0.0
0.0
0.0
0.0
0.0
0.0
0.0
0.0
0.0
0.0
0.0
0.0
0.0
0.0
0.0
0.0
0.0
0.0
0.0
0.0
0.0
0.0
0.0
0.0
0.0
0.0
0.0
0.0
0.0
0.0
0.0
0.0
0.0
0.0
0.0
0.0
0.0
0.0
0.0
0.0
0.0
0.0
0.0
0.0
0.0
0.0
0.0
0.0
0.0
0.0
0.0
0.0
0.0
0.0
0.0
0.0
0.0
0.0
0.0
0.0
0.0
0.0
0.0
0.0
0.0
0.0
0.0
0.0
0.0
0.0
0.0
0.0
0.0
0.0
0.0
0.0
0.0
0.0
0.0
0.0
0.0
0.0
0.0
0.0
0.0
0.0
0.0
0.0
0.0
0.0
0.0
0.0
0.0
0.0
0.0
0.0
0.0
0.0
0.0
0.0
0.0
0.0
0.0
0.0
0.0
0.0
0.0
0.0
0.0
0.0
0.0
0.0
0.0
0.0
0.0
0.0
0.0
0.0
0.0
0.0
0.0
0.0
0.0
0.0
0.0
0.0
0.0
0.0
0.0
0.0
0.0
0.0
0.0
0.0
0.0
0.0
0.0
0.0
0.0
0.0
0.0
0.0
0.0
0.0
0.0
0.0
0.0
0.0
0.0
0.0
0.0
0.0
0.0
0.0
0.0
0.0
0.0
0.0
0.0
0.0
0.0
0.0
0.0
0.0
0.0
0.0
0.0
0.0
0.0
0.0
0.0
0.0
0.0
0.0
0.0
0.0
0.0
0.0
0.0
0.0
0.0
0.0
0.0
0.0
0.0
0.0
0.0
0.0
0.0
0.0
0.0
0.0
0.0
0.0
0.0
0.0
0.0
0.0
0.0
0.0
0.0
0.0
0.0
0.0
0.0
0.0
0.0
0.0
0.0
0.0
0.0
0.0
0.0
0.0
0.0
0.0
0.0
0.0
0.0
0.0
0.0
0.0
0.0
0.0
0.0
0.0
0.0
0.0
0.0
0.0
0.0
0.0
0.0
0.0
0.0
0.0
0.0
0.0
0.0
0.0
0.0
0.0
0.0
0.0
0.0
0.0
0.0
0.0
0.0
0.0
0.0
0.0
0.0
0.0
0.0
0.0
0.0
0.0
0.0
0.0
0.0
0.0
0.0
0.0
0.0
0.0
0.0
0.0
0.0
0.0
0.0
0.0
0.0
0.0
0.0
0.0
0.0
0.0
0.0
0.0
0.0
0.0
0.0
0.0
0.0
0.0
0.0
0.0
0.0
0.0
0.0
0.0
0.0
0.0
0.0
0.0
0.0
0.0
0.0
0.0
0.0
0.0
0.0
0.0
0.0
0.0
0.0
0.0
0.0
0.0
0.0
0.0
0.0
0.0
0.0
0.0
0.0
0.0
0.0
0.0
0.0
0.0
0.0
0.0
0.0
0.0
0.0
0.0
0.0
0.0
0.0
0.0
0.0
0.0
0.0
0.0
0.0
0.0
0.0
0.0
0.0
0.0
0.0
0.0
0.0
0.0
0.0
0.0
0.0
0.0
0.0
0.0
0.0
0.0
0.0
0.0
0.0
0.0
0.0
0.0
0.0
0.0
0.0
0.0
0.0
0.0
0.0
0.0
0.0
0.0
0.0
0.0
0.0
0.0
0.0
0.0
0.0
0.0
0.0
0.0
0.0
0.0
0.0
0.0
0.0
0.0
0.0
0.0
0.0
0.0
0.0
0.0
0.0
0.0
0.0
0.0
0.0
0.0
0.0
0.0
0.0
0.0
0.0
0.0
0.0
0.0
0.0
0.0
0.0
0.0
0.0
0.0
0.0
0.0
0.0
0.0
0.0
0.0
0.0
0.0
0.0
0.0
0.0
0.0
0.0
0.0
0.0
0.0
0.0
0.0
0.0
0.0
0.0
0.0
0.0
0.0
0.0
0.0
0.0
0.0
0.0
0.0
0.0
0.0
0.0
0.0
0.0
0.0
0.0
0.0
0.0
0.0
0.0
0.0
0.0
0.0
0.0
0.0
0.0
0.0
0.0
0.0
0.0
0.0
0.0
0.0
0.0
0.0
0.0
0.0
0.0
0.0
0.0
0.0
0.0
0.0
0.0
0.0
0.0
0.0
0.0
0.0
0.0
0.0
0.0
0.0
0.0
0.0
0.0
0.0
0.0
0.0
0.0
0.0
0.0
0.0
0.0
0.0
0.0
0.0
0.0
0.0
0.0
0.0
0.0
0.0
0.0
0.0
0.0
0.0
0.0
0.0
0.0
0.0
0.0
0.0
0.0
0.0
0.0
0.0
0.0
0.0
0.0
0.0
0.0
0.0
0.0
0.0
0.0
0.0
0.0
0.0
0.0
0.0
0.0
0.0
0.0
0.0
0.0
0.0
0.0
0.0
0.0
0.0
0.0
0.0
0.0
0.0
0.0
0.0
0.0
0.0
0.0
0.0
0.0
0.0
0.0
0.0
0.0
0.0
0.0
0.0
0.0
0.0
0.0
0.0
0.0
0.0
0.0
0.0
0.0
0.0
0.0
0.0
0.0
0.0
0.0
0.0
0.0
0.0
0.0
0.0
0.0
0.0
0.0
0.0
0.0
0.0
0.0
0.0
0.0
0.0
0.0
0.0
0.0
0.0
0.0
0.0
0.0
0.0
0.0
0.0
0.0
0.0
0.0
0.0
0.0
0.0
0.0
0.0
0.0
0.0
0.0
0.0
0.0
0.0
0.0
0.0
0.0
0.0
0.0
0.0
0.0
0.0
0.0
0.0
0.0
0.0
0.0
0.0
0.0
0.0
0.0
0.0
0.0
0.0
0.0
0.0
0.0
0.0
0.0
0.0
0.0
0.0
0.0
0.0
0.0
0.0
0.0
0.0
0.0
0.0
0.0
0.0
0.0
0.0
0.0
0.0
0.0
0.0
0.0
0.0
0.0
0.0
0.0
0.0
0.0
0.0
0.0
0.0
0.0
0.0
0.0
0.0
0.0
0.0
0.0
0.0
0.0
0.0
0.0
0.0
0.0
0.0
0.0
0.0
0.0
0.0
0.0
0.0
0.0
0.0
0.0
0.0
0.0
0.0
0.0
0.0
0.0
0.0
0.0
0.0
0.0
0.0
0.0
0.0
0.0
0.0
0.0
0.0
0.0
0.0
0.0
0.0
0.0
0.0
0.0
0.0
0.0
0.0
0.0
0.0
0.0
0.0
0.0
0.0
0.0
0.0
0.0
0.0
0.0
0.0
0.0
0.0
0.0
0.0
0.0
0.0
0.0
0.0
0.0
0.0
0.0
0.0
0.0
0.0
0.0
0.0
0.0
0.0
0.0
0.0
0.0
0.0
0.0
0.0
0.0
0.0
0.0
0.0
0.0
0.0
0.0
0.0
0.0
0.0
0.0
0.0
0.0
0.0
0.0
0.0
0.0
0.0
0.0
0.0
0.0
0.0
0.0
0.0
0.0
0.0
0.0
0.0
0.0
0.0
0.0
0.0
0.0
0.0
0.0
0.0
0.0
0.0
0.0
0.0
0.0
0.0
0.0
0.0
0.0
0.0
0.0
0.0
0.0
0.0
0.0
0.0
0.0
0.0
0.0
0.0
0.0
0.0
0.0
0.0
0.0
0.0
0.0
0.0
0.0
0.0
0.0
0.0
0.0
0.0
0.0
0.0
0.0
0.0
0.0
0.0
0.0
0.0
0.0
0.0
0.0
0.0
0.0
0.0
0.0
0.0
0.0
0.0
0.0
0.0
0.0
0.0
0.0
0.0
0.0
0.0
0.0
0.0
0.0
0.0
0.0
0.0
0.0
0.0
0.0
0.0
0.0
0.0
0.0
0.0
0.0
0.0
0.0
0.0
0.0
0.0
0.0
0.0
0.0
0.0
0.0
0.0
0.0
0.0
0.0
0.0
0.0
0.0
0.0
0.0
0.0
0.0
0.0
0.0
0.0
0.0
0.0
0.0
0.0
0.0
0.0
0.0
0.0
0.0
0.0
0.0
0.0
0.0
0.0
0.0
0.0
0.0
0.0
0.0
0.0
0.0
0.0
0.0
0.0
0.0
0.0
0.0
0.0
0.0
0.0
0.0
0.0
0.0
0.0
0.0
0.0
0.0
0.0
0.0
0.0
0.0
0.0
0.0
0.0
0.0
0.0
0.0
0.0
0.0
0.0
0.0
0.0
0.0
0.0
0.0
0.0
0.0
0.0
0.0
0.0
0.0
0.0
0.0
0.0
0.0
0.0
0.0
0.0
0.0
0.0
0.0
0.0
0.0
0.0
0.0
0.0
0.0
0.0
0.0
0.0
0.0
0.0
0.0
0.0
0.0
0.0
0.0
0.0
0.0
0.0
0.0
0.0
0.0
0.0
0.0
0.0
0.0
0.0
0.0
0.0
0.0
0.0
0.0
0.0
0.0
0.0
0.0
0.0
0.0
0.0
0.0
0.0
0.0
0.0
0.0
0.0
0.0
0.0
0.0
0.0
0.0
0.0
0.0
0.0
0.0
0.0
0.0
0.0
0.0
0.0
0.0
0.0
0.0
0.0
0.0
0.0
0.0
0.0
0.0
0.0
0.0
0.0
0.0
0.0
0.0
0.0
0.0
0.0
0.0
0.0
0.0
0.0
0.0
0.0
0.0
0.0
0.0
0.0
0.0
0.0
0.0
0.0
0.0
0.0
0.0
0.0
0.0
0.0
0.0
0.0
0.0
0.0
0.0
0.0
0.0
0.0
0.0
0.0
0.0
0.0
0.0
0.0
0.0
0.0
0.0
0.0
0.0
0.0
0.0
0.0
0.0
0.0
0.0
0.0
0.0
0.0
0.0
0.0
0.0
0.0
0.0
0.0
0.0
0.0
0.0
0.0
0.0
0.0
0.0
0.0
0.0
0.0
0.0
0.0
0.0
0.0
0.0
0.0
0.0
0.0
0.0
0.0
0.0
0.0
0.0
0.0
0.0
0.0
0.0
0.0
0.0
0.0
0.0
0.0
0.0
0.0
0.0
0.0
0.0
0.0
0.0
0.0
0.0
0.0
0.0
0.0
0.0
0.0
0.0
0.0
0.0
0.0
0.0
0.0
0.0
0.0
0.0
0.0
0.0
0.0
0.0
0.0
0.0
0.0
0.0
0.0
0.0
0.0
0.0
0.0
0.0
0.0
0.0
0.0
0.0
0.0
0.0
0.0
0.0
0.0
0.0
0.0
0.0
0.0
0.0
0.0
0.0
0.0
0.0
0.0
0.0
0.0
0.0
0.0
0.0
0.0
0.0
0.0
0.0
0.0
0.0
0.0
0.0
0.0
0.0
0.0
0.0
0.0
0.0
0.0
0.0
0.0
0.0
0.0
0.0
0.0
0.0
0.0
0.0
0.0
0.0
0.0
0.0
0.0
0.0
0.0
0.0
0.0
0.0
0.0
0.0
0.0
0.0
0.0
0.0
0.0
0.0
0.0
0.0
0.0
0.0
0.0
0.0
0.0
0.0
0.0
0.0
0.0
0.0
0.0
0.0
0.0
0.0
0.0
0.0
0.0
0.0
0.0
0.0
0.0
0.0
0.0
0.0
0.0
0.0
0.0
0.0
0.0
0.0
0.0
0.0
0.0
0.0
0.0
0.0
0.0
0.0
0.0
0.0
0.0
0.0
0.0
0.0
0.0
0.0
0.0
0.0
0.0
0.0
0.0
0.0
0.0
0.0
0.0
0.0
0.0
0.0
0.0
0.0
0.0
0.0
0.0
0.0
0.0
0.0
0.0
0.0
0.0
0.0
0.0
0.0
0.0
0.0
0.0
0.0
0.0
0.0
0.0
0.0
0.0
0.0
0.0
0.0
0.0
0.0
0.0
0.0
0.0
0.0
0.0
0.0
0.0
0.0
0.0
0.0
0.0
0.0
0.0
0.0
0.0
0.0
0.0
0.0
0.0
0.0
0.0
0.0
0.0
0.0
0.0
0.0
0.0
0.0
0.0
0.0
0.0
0.0
0.0
0.0
0.0
0.0
0.0
0.0
0.0
0.0
0.0
0.0
0.0
0.0
0.0
0.0
0.0
0.0
0.0
0.0
0.0
0.0
0.0
0.0
0.0
0.0
0.0
0.0
0.0
0.0
0.0
0.0
0.0
0.0
0.0
0.0
0.0
0.0
0.0
0.0
0.0
0.0
0.0
0.0
0.0
0.0
0.0
0.0
0.0
0.0
0.0
0.0
0.0
0.0
0.0
0.0
0.0
