0.654351966554
-1.60895489053
0.0
0.0
0.0
-0.0204090787856
-0.393061553918
0.399191160155
-0.147507167363
0.0
-0.0801185502453
-0.297583891899
-0.244045620855
-0.339922607481
0.0
0.00840196532177
-0.486143619516
-0.598677148975
-0.0735333786557
-0.0985087852687
0.0
0.0
0.0
0.0
0.0
-0.21609570645
-0.154294967569
-0.181695688248
0.0
0.0
-0.0119049607556
-0.491808561668
0.0
0.0
-0.469864110827
-0.140769107307
0.0
0.0363392702257
-0.195985652201
0.0
-0.00649004429822
-0.430270043609
-0.401680455125
0.0
-0.0642483137475
-0.0500933449063
0.0
0.0
0.0782596466802
0.0
-0.364663152025
0.137119369316
-0.0805866881679
-0.346084663288
-0.0495308680145
-0.0409195395903
-0.00851146569785
-0.0202520158656
0.0
0.0
0.0
0.0550057878695
-0.202114822255
0.0
0.0
-0.0400454589403
-0.102512944824
0.281269539998
-1.13779184235
-0.0406488433996
-0.0401119744205
0.0
-0.0266823558909
-0.00129349633274
-0.0567902897212
0.0
0.0
-0.0850869590518
0.0
-0.391200517319
-0.196239387195
1.29994819137
0.105806992741
0.0
0.0
0.0
0.0
0.0
0.0
-0.00127890026545
0.0
0.0
-0.650550707874
-0.0171125974041
0.0
-0.567065032738
0.0
0.0
0.0
-1.02229017504
-0.110369346069
-1.26788686585
-0.0122404404419
0.0
-0.792480423352
0.341756794976
0.0
0.0
-0.248627291979
0.0
0.00177992192827
0.232878941824
0.0
0.0
0.0
0.971577949961
0.0
0.477875269875
0.0
0.0
0.0
0.0
-0.323624255934
0.0
0.0
0.0
0.0
0.0
0.0
0.29532191326
-0.287091873757
-0.346482803913
-0.0167742804007
0.0
0.0
0.0
0.0
0.0
-0.635684634517
0.20507774578
0.0
0.0
-0.614762222875
0.0
0.0
0.0
0.0
0.0
0.0205756106484
0.0
0.0
0.124460020752
0.0
-1.13347738591
0.0
-0.0115643765789
-0.475727033323
0.0
0.0
0.0
0.0
-0.212236101118
-0.123627450658
-1.35953943535
0.0
0.0
0.0279014792126
0.0
0.0
0.0
-0.69237799509
0.0
0.0
-0.193415073836
0.0
0.0
0.0
0.0
0.0
0.228392046848
-0.0323789764642
-0.800572381177
-0.214400069585
-0.308380585567
0.0
-0.0195855906419
0.0
-0.0809060639834
-0.795469096542
0.0
-0.157261110348
0.0
-0.258476360007
-0.557685467716
0.0
0.0
0.0
0.0
0.0
0.0
0.430495767917
0.208179418018
0.593882493536
-0.240272269374
0.0
0.0
0.0
-0.0662098721358
0.0
0.0
0.0
0.0
0.240618004468
0.0
-0.508420743964
-0.0120926829025
0.0
-0.441812754405
0.00136845465901
0.0
-0.146387018198
0.0
-0.0038995315418
-0.00267211531182
0.0
0.0
0.0
0.0
0.203377244396
-0.821945992406
-0.348451127734
0.0
0.0
0.0
-0.843186342241
-1.0720731349
-0.00963807390984
-0.245641834413
0.0
0.0
-0.0137528360392
-0.755879306305
-0.273428811308
0.0
-0.121863871821
0.0
-0.804900836488
-0.137024072181
-1.36111333037
-0.700140498562
0.558199629101
-0.031087400148
0.0
0.0
-0.0799469843412
0.0
0.0
0.0
0.0
0.0
0.0
0.0
0.0705022922846
-1.24188495792
-0.191881841564
0.0
-0.200579652962
0.0
-0.0993220384954
-0.566942190328
-0.0110687689625
1.49228685826
-0.26086548055
-0.0426506126373
-0.517927637713
-0.182887045182
0.0
0.0
-0.688300871398
0.0
-0.386547579706
0.0
0.235046357072
0.0
-0.338615102539
0.0
-0.0809060639834
0.0
0.0
0.0
0.140298440239
0.481289498773
0.81701767589
0.982362535384
0.0
0.0
0.0
0.0
-0.713666786876
0.0
0.0
-0.317987308623
-0.065650117332
0.0
0.434073407797
-0.0404999266193
0.0
-0.127306777761
0.0
-0.345973720106
0.0
-0.092246861669
0.0
0.0209261056316
0.0
-0.534834426363
-0.0450744332483
-0.577767508605
0.0
0.0
0.0
-0.0453768893112
0.287495141121
0.888713972029
0.127816858366
0.0
0.0
0.0
0.0
0.0
0.0
0.0
-0.363743664873
-0.73744449811
0.0
-0.721819347883
-0.0016550414941
0.0
0.530966685681
0.0
0.0
0.279563097331
-0.126758191105
0.0
0.189095151275
0.0
-0.343135784931
-0.43971279726
-0.095584135617
-0.0018570254811
0.0
0.354166873936
0.495936352482
0.357233626963
-0.204155591697
-0.00251894413465
0.155218667465
0.291269462282
0.0
0.0
0.319640128526
0.106345703504
-0.955482845464
0.318379697577
-0.0712445241747
0.0
0.0
0.260664345645
0.0
-0.200149097936
0.0
0.0
0.0408298326214
0.0
0.0
0.0
0.0
0.204417538504
0.0
0.0
0.0
0.742091809281
-0.409737815636
0.111869215528
-0.0481570429195
0.0
0.0
0.0
0.0
0.0454998420286
0.0
0.0
-0.194417676082
0.0
0.0
-0.592571199487
-0.0128399086652
0.0
0.124796263138
0.0
0.0
0.623517362138
0.0
0.0
-0.248446951039
-0.0449795833428
0.0
0.0
-0.271366901242
0.327642165413
0.0
-0.65450001146
0.0
0.0
0.601105477262
-0.228092395924
0.0
0.0
0.669117036508
0.0
0.265061494077
0.0
0.0
0.0
-0.208776355645
0.478178764085
0.0
0.0
0.0
0.143512125893
0.0
0.199374296004
-0.509966256264
-0.0727641870309
0.416860275078
0.0
0.152862426176
-0.28694899085
0.570704218998
-0.278607238063
0.28489305579
-0.349130172095
0.211984691389
0.177529571802
0.396720859494
0.0807654407233
0.571796503415
0.194562802601
1.32886983345
0.050852076127
1.29133346355
1.23314941297
1.01515777256
0.0
-0.021885193642
-0.0162669450531
0.613144086946
0.604355927617
0.296098370472
0.701625502413
0.135311671529
0.230282286334
0.203490346232
-0.244319743476
0.125002518789
-0.0485832740126
0.720585797865
-0.364508807396
0.266874757512
0.320651757104
0.168008332961
2.13723350657
0.322065191726
-0.199582606835
0.00476137580052
0.179774356568
0.466625776125
0.219959359604
-0.325506609842
0.370372839216
0.279194792909
0.0104647458986
-0.0015112863501
0.120246261822
0.352183066436
0.0718732794662
-0.348429595448
0.0
0.0221912342826
-0.849285531432
0.812220315552
-0.715795145549
-0.76102205883
1.50540358575
0.244331605849
0.416692296162
-0.433485560057
1.03265617194
-0.132010192545
0.508774478362
-0.172508036341
-0.408209961776
-1.48339824796
0.715759054264
0.411320112893
0.821908845121
-0.861968414137
0.177982980662
-0.722392779838
-0.545165445651
0.0
0.0
0.0
0.0
0.0740050660112
0.0
0.0
0.0
-0.0243992708047
0.0
-0.00786862877491
0.0
0.0
0.0
0.0
0.0
0.0
-0.074923866963
0.053255676989
0.129998726451
0.140092402427
-0.109576480194
0.741575119181
-0.255171758829
-0.373228859831
0.04913082704
0.29482659895
-0.464184652782
-0.89531512747
-0.738529409023
-1.55285321949
0.0
-0.0113974479234
0.0
0.0
-0.462150310278
-1.39147301261
-0.860994628762
0.663401476307
0.0938262844018
0.736756567707
-0.452470447097
0.0
0.0
-0.788048519392
0.0
0.0
0.0
0.0
0.0
0.0
0.0
0.0
0.0
0.0
0.0
0.0
0.0
0.0
0.0
0.0
0.0
0.0
0.0
0.0
0.0
0.0
0.0
0.0
0.0
0.0
0.0
0.0
0.0
0.0
0.0
0.0
0.0
0.0
0.200353033983
0.242859410112
-0.340250317887
-0.547322394471
-0.321544677627
0.0
0.0295207267559
-0.263559507297
-0.626540152792
-0.0129520609749
0.0
0.0213624810455
0.523709468034
0.168986956421
-0.271629388882
-0.0520643031982
-0.0854177697769
0.279917354627
-0.840465405531
-0.821960500093
-0.655441940398
-0.449284644638
0.0
0.0
0.0
0.0
-0.235107050536
-0.28092578988
-0.513190058331
-0.00884106194901
-0.00774646079215
-0.62621891618
0.0
0.724944172352
0.0
-0.471816259607
0.320892890914
-1.15639539701
-0.451436443127
0.0
0.0
-0.0615405925147
0.0
0.0
-0.025885935935
-0.166684157919
0.0
0.0
0.643128169016
-0.0339294182881
0.358713515785
-0.00226705147598
0.0
0.0
0.0
-0.0975702400378
-0.247475554809
0.162610635404
-0.231646618135
-0.679563710549
0.112815589006
-0.403823018287
-0.890373187036
-0.089363901488
0.0138072316421
0.0
-0.733618046257
0.0
0.233891883209
0.341837429322
-0.0767213562387
0.0563184005325
-0.0170949426487
0.0
-0.640376648126
-0.488255565447
0.0
0.164019917965
0.0
-0.621289010589
0.0
0.0
-0.021413401064
-0.638102762417
0.0
-0.497678191768
0.0
0.0
0.0
-0.108197915248
0.0
0.684153828449
-0.641349695823
-0.0374825044797
-0.0913169484039
0.0
-0.514244314883
-0.464422134341
0.0
-0.362207680434
0.016900573963
0.0
0.0221322278745
-0.278621507689
-0.831849779753
0.0
0.0
0.0
0.0
-0.48004225679
0.0
0.0
-0.00728905095635
0.0
0.0
0.133094645841
-1.18797077111
0.505356939656
0.298069046835
-0.0463933123285
0.0
0.0
0.0
0.0
0.0
0.0
0.0
0.0
0.0
0.0
-0.708759429564
0.0
0.0
-0.0698064512862
0.0
0.0510091951679
0.0
-0.252534790123
0.319147993785
-0.611370406131
-0.265199067895
-0.00889312521514
0.0
-0.448625342946
0.0
0.0
-0.171188276596
0.0
-0.0722180019674
0.0
0.0
0.0
0.939851706828
-0.481731468065
0.373939678395
-0.00127890026545
0.0
-0.197589458617
-0.244624413653
0.0408063287416
-1.26519032378
0.0
0.0
-0.330571588773
-0.495101285799
-1.18534193915
0.118741102575
0.0
0.0
0.0
0.0
0.368812196387
-0.968412096182
0.0
-0.0819875079949
-0.0695728448232
-0.183245381563
0.0
-0.780886429274
-0.00806956880119
0.0
-0.277832784369
0.0
-0.0119373572493
-0.384324556708
-0.441705544482
0.0
-0.0376102144411
-0.954321518114
-0.0637642980192
0.245753175083
-0.236033264762
0.0
-0.737133165914
0.0440937929459
0.213898695394
-0.510356935211
0.0
0.0
-0.493625296785
0.0
-0.529572418412
0.0
0.0
-0.0514714179044
0.0808693915207
-0.285118447289
0.0
-0.256696818031
0.0
-0.266320874883
0.194631778168
0.0
-0.0808284589543
0.0
0.0
-0.52228168752
-0.0237811474087
-0.358386652834
0.0
0.0
0.239385075175
-0.113642364288
-0.28195088331
0.0
0.0
0.0
-0.0720191101973
-0.0134411382213
0.0
0.0
0.0
0.0
0.0
0.0
0.761287369038
-0.186772589
-0.149580043626
-0.338161822057
-0.117798326016
0.0
0.0
-0.5491527928
0.0
0.726642576364
-0.937106478628
0.0
-0.728468146871
0.419402647073
0.344399936898
-0.0984082450329
0.38168392525
0.0
-0.230701957467
-0.713089070844
-0.277699705145
-0.718617482937
-0.555518303772
0.165864967861
0.298252997811
-0.173932323045
-0.0770965949649
-0.0880720919342
-0.161812127967
-0.641580349005
-0.435222143127
-0.385455951163
0.0
-0.194606090082
-0.317993900754
-0.0749244708674
0.317792873772
-0.117430806668
0.0
0.202375233602
-0.388994523372
-0.197517000047
0.0
0.059192965694
-0.132977877427
0.0
0.0
0.0
0.0
-0.370853345995
0.499417632584
-0.00985359831553
-0.841085746883
-0.18718560398
-0.360031691363
-0.0481877689929
-0.438471729207
-0.226477759456
0.0
-0.215656640693
0.0
-0.339211654418
-0.277473650273
-0.198992362732
0.0
-0.515737936126
0.0
-0.0517301527638
0.0
0.0180039166207
0.0
-0.198622392526
-0.125433644929
-0.0192469115801
-0.0344586015728
0.0
0.715745330295
-0.682975251033
0.0736668698793
-0.259798215067
-0.568101929503
-0.0685120360907
0.0
0.214539410766
0.0
0.565593637207
0.0
0.0
0.17900536378
-0.312010087227
-0.0663190542416
0.156969780232
-0.0194573996069
0.0
0.0
0.51642106063
0.189828798749
-0.371505773106
-0.76809652955
-0.0182545424199
0.205152766183
-0.3758209758
0.400626612807
0.0787165166518
-0.421018685516
-0.0365856406583
-0.00810332409192
0.0
-0.268399085583
0.687971675182
0.0
-0.106303370479
0.0
0.0
0.0
-0.0527767306516
-0.171725335631
0.0
0.305422175582
0.0
-0.0413244467811
0.234650507041
-0.0251636743253
0.0
0.0
0.0
0.126316870762
0.0226955336483
-0.0224235369402
-0.244164535179
-0.0695089487094
0.0
-0.0746442945572
0.16807923474
0.0
0.0
0.0287855026517
-0.0198172118073
0.0
0.106320401548
-0.502123313198
0.0
0.0
-0.0409657253946
-0.048694637116
0.111788723166
-0.127961663861
-0.422587442412
-0.137594619607
-0.152152559458
0.0
0.0
-0.28424945524
-0.341493714668
-0.271689704312
-0.0537874377021
-0.152391921981
0.0
0.0
0.0
0.0
0.0
0.0
0.0
0.0
0.2833292472
-0.407800385245
0.0564198999177
0.0
-0.0984482273641
0.0
0.0
0.0
0.0
-0.0560992352695
-0.0533562993715
0.0
-0.492592204211
-0.0554544027867
-0.310946363044
0.0
0.158351113762
-0.325539755577
0.252680638279
0.0
0.0
0.0
0.0
-0.396679620028
-0.256362499505
0.318944709802
0.0
-0.53998043468
0.0
0.205416045909
0.0
-0.452993847325
-0.284647339939
0.0
-0.111423341378
0.327337394809
-0.463349353407
-0.271420064211
0.213102430094
0.331788761863
0.0
0.0
0.0
-0.379075547967
0.0508804978745
-0.0695769788453
0.0
0.0591271809679
0.0
0.0975339024651
-0.368611082239
-0.122060231567
0.183508187565
-0.0427642093786
0.0
0.0
-0.276840203019
-0.545848244159
-0.126469315272
-0.0158395818136
0.080916633311
-0.103907910179
-0.0748684961078
0.0
-0.320286827136
0.0
-0.259602611406
-0.403980802641
-0.0302916015699
-0.0905766756117
-0.469071913374
-0.346322099404
-0.415703666989
0.22745065281
0.0
0.655962618992
0.535407667021
0.038032516364
0.343028266838
-0.177212806186
0.0
-0.107014780701
0.0
-0.0268938662681
0.256315479696
-0.0293243586576
-0.237205929341
0.0
0.0
-1.12460343644
0.03254064301
-0.0719134570417
-0.0122985094279
-0.0295057638416
-0.469667663464
0.0
-0.133731673585
0.0
0.359944178535
-0.105313407811
-0.020792865795
0.49694098314
-0.861928553126
0.0
0.0
-0.861020565449
0.0
0.0607353785578
0.0
0.0
-0.219574680139
-0.206011735828
0.0
0.0
0.0
-0.0310878740558
0.0
0.0
0.0
0.0
-0.40160384082
-0.534235760597
0.0
-0.2168404086
-0.0299596117869
-0.0326687256368
0.00607417275116
-0.0233170688362
0.0
0.0
0.120990438016
-0.214877739926
0.0
-1.8408097908
-0.791422439259
0.474968914877
0.0
0.45410724048
-0.0673617016199
-0.288472762243
0.0
0.167624708283
-0.77905133659
-0.0623250830536
0.0
-0.134685849311
-0.0867397585239
-0.183858862792
-0.0136395586609
-0.165186823278
-0.0258802422687
0.0
0.0
-0.00220749364508
0.0
0.0
0.0
0.0
0.0
0.0
0.0
0.0
0.0
-0.29353144051
0.349315746162
0.0991214783107
0.0369676577115
0.0
0.0
0.0
0.0
0.0
0.0
-0.0462615941493
-0.029428549275
0.341902879972
0.359155010119
0.750906926957
0.158289056206
-0.0373104965028
0.468305842522
-0.0809060639834
0.0
0.0
-0.777655135557
-0.486301468749
-1.06143958984
0.0
0.0
-0.0806546291001
-0.292947673166
-0.196906394881
-0.163944064576
0.21943613073
-0.307804969409
-0.330910361873
0.0
0.0
-0.11708509152
-0.841575568971
0.504109308456
0.0
-0.0981634606593
-0.164928133335
-0.84493745735
0.368094962664
-0.0683778843332
0.0
-0.0155964267515
-0.31693444833
-0.016916951309
0.0
0.0
-0.103200062383
0.0
-0.102028769658
0.0916210088656
-0.016541362341
0.0
0.0
0.216851629532
-0.289234821502
0.0
-0.0529509580387
0.230371167012
0.0
-0.165528339638
0.0
0.148764573245
-0.0923736422672
-0.405545052602
0.107175239716
0.0
-0.167056036016
0.0
0.0
-0.22557505303
0.235556343812
-0.175660105747
0.0
0.0
-0.464251637684
-0.0259834594144
0.0
0.330399145579
0.080239907455
0.0
-0.0667423908497
0.0
0.0
-0.389175676441
0.0
0.0
0.0305980712954
-0.128404314195
-0.068046013153
-0.0362160698281
-0.0731189782342
0.0
0.0953660437664
0.0439530177559
0.0
-0.170520346289
-0.0726481988937
-0.0618233124168
-0.553350403383
-0.416847219797
-0.0934093048209
0.299047972456
0.0
-0.353765135072
-0.112335835329
0.0
-0.125617325945
-0.0279078175314
-0.0500915779933
0.0
-0.110698230112
-0.0755953570522
0.339940116511
0.0
0.757567468635
-0.0842103030307
-0.0958461243556
0.0
-0.0176809307545
-0.247249855741
-0.0829601124212
0.0
0.0
-0.0421390272046
0.0
-0.0583244658171
0.0
-0.00376539732403
-0.00203310952406
-0.127084158255
-0.0376787206792
-0.0781642279281
-0.0809060639834
-0.0794633830744
0.0
0.0
-0.363931918612
0.0
0.0
0.0
0.0
0.0
0.0
0.0
0.0
0.0981830550636
0.156529234812
0.914242471362
-0.0123974359177
0.0
0.0
0.0
0.0
-0.0781197518682
0.576686103872
-0.175599372889
-0.0344840936936
0.0
-0.487475189878
-0.0814197948348
-0.124517124912
0.0
-0.0357621969011
-0.537551822462
-0.147215159747
0.0
-0.0621391202071
-0.0925522463243
-0.365305448789
-0.839609692377
-0.0130342935476
0.0
-0.172176684701
0.134741002248
-0.314236501722
-0.272610623433
-0.0931570481771
0.0
0.0
-0.481295725323
0.0285115493642
0.0
-0.316895759604
-0.185400404505
0.0
-0.0257390701082
0.118802306663
0.0
-0.462755048961
0.359223681792
0.0
-0.0279078175314
0.224246661158
-0.0181328261042
-0.00678283515475
0.0934285577248
-0.241594852931
-0.322572070132
-0.0948111892892
-0.0232286114757
0.0
0.184111174564
-1.03474272572
-0.037954497591
0.0
0.0
-0.0361936204403
0.0
-0.0260262940852
0.0
0.0894682115191
0.251793025179
-0.0185132213991
0.0
-0.00488076301158
0.0
-0.568763022886
-0.590989870553
-0.0116840134709
-0.00378757665973
-0.016149547969
-0.267129683171
-0.0167685551685
0.0
-0.761930163193
-0.108003502041
0.184401818463
0.0
-0.860170005899
-0.0320595361783
0.0
0.0
0.0
-0.0495562996396
-0.0278396428773
-0.13240135639
-0.0445248697036
0.0
0.359356116795
-0.124338355701
0.147514699004
-0.0663332887658
0.0
-0.0632021868957
0.120819011019
0.0
-0.139880729083
-0.0496471118447
0.0
-0.0294966412675
0.0
0.436631162604
-0.434445417109
0.0
0.0
-0.0792729885577
0.204005858245
0.0
-0.100834034871
0.0
-0.00780428757333
-0.00407435494789
0.0
0.0
-0.042915098137
0.0
0.0
0.0
0.0
0.0
0.0
0.0
-0.284646114963
0.0311510304909
-0.179270857355
0.35213557098
0.0
0.0
-0.0406114428282
0.0
-0.0445915016505
0.0
0.0
0.0
-0.049224667043
-0.0101400016582
-0.0894717244347
0.0
-0.313383875806
-0.295887720256
-0.00955586557183
0.0
-0.341938639315
-0.0458616617038
-0.162892282354
0.0
-0.646115949861
-1.14904395472
-0.374302989164
0.0
-0.0487393976623
-0.275672999619
-0.380488336244
-0.0655266681474
-0.0434483627711
-0.0168771895174
-0.633628838651
0.0
0.0
0.141317666084
0.153086952687
0.757375656068
-0.0635500124482
-0.0319763553264
0.0
-1.20752741843
-0.0811120208313
0.0
-0.209849774478
-0.201374926886
-0.0508215546237
-0.0357673839812
-0.0686761697508
0.0
-0.00415228725478
-0.0214362255823
0.20712506537
0.0284426015628
-0.491515302421
0.0
-0.091664867346
-0.0229298705122
-0.032220386602
0.0
0.0
-0.950431059112
-0.432929579031
0.0
0.0
0.0
-0.0279801849417
-0.492071781394
0.0
0.165285213161
-0.156054803628
0.0
-0.235032188352
-0.00417730685903
0.0
-0.239625102155
0.0
0.238681424566
-0.0304946683746
0.0
0.171987655429
1.181634605
-0.132004487539
0.0233127768934
-0.0630222823125
-0.118972322575
-0.051080737868
-0.960117838966
-0.543791140324
0.168742383878
0.100045930784
-0.813457841765
-0.520794811683
-0.0572491419022
-0.0371449594597
-0.174283683875
-0.0358988021246
0.06804908946
0.0
-0.0525907506156
0.0
0.0
-0.00508420527464
-0.0457209323916
0.0
0.0
0.0
0.0
0.120517764074
0.293739637498
-0.0333565400608
0.0
-0.0127764343256
0.0
-0.426604883994
-0.340530855009
0.102832050353
-0.108192925039
0.0
-0.0584589355389
-0.133126963631
-0.0635500124482
0.0
-0.781677119647
-0.520605923733
0.0
0.0691579467084
0.22283483544
-0.0254694271131
-0.365643785069
-0.0490357267684
-0.117945176092
-0.23388758408
0.0
0.0
0.0
0.0
-0.0706446414523
-0.260949286558
0.0
0.0
-0.123196026305
-0.0390484438662
-0.00724059412682
0.0833550172688
0.0
-0.0419196415377
0.41254700796
-0.0397128458342
-0.235129724897
-0.0115643765789
-0.0310376853501
0.0
-0.00201596751161
-0.00889026783409
-0.223663278009
0.0
0.0
-0.977240414136
-0.145869822293
-0.0415203150151
0.0
-0.318738958591
-0.0306759475358
-0.0274940825469
0.0
-0.0344273066224
0.0
-0.0708987058791
-0.759912032679
0.260744734926
0.0
-0.311330177796
-0.0710923416085
0.65001406637
0.0
-0.0643247056183
0.0
0.0934539475839
0.0968731228332
0.0
0.0
0.313808076548
0.177931148595
0.0
0.298948290613
-0.192175929137
-0.382000118992
-0.199050199191
-0.281062957339
0.0884162185501
0.291706056137
0.0
0.0
0.119668250201
-0.2491011224
-0.0392737908913
-0.116445522785
0.0
-0.00129349633274
-0.0467174745715
0.0
-0.107965608093
-0.0560194263585
0.0
0.495321204887
-0.335435303001
-0.252751946986
-0.00259168277057
-0.0401364527431
0.0
0.0
-0.256164196942
0.0
0.0
0.00932919174964
0.0
-0.1805591126
0.0
0.0
0.0
0.125776631395
0.586201505338
0.548932884734
0.0
-0.150968996397
-0.714899152741
-0.0329359276199
-0.0464184022991
0.0
-0.0809060639834
0.0
-1.27975350096
-0.114596041488
-0.591173468619
-0.0584490446
-0.0130342935476
0.546753687358
-0.363351210788
-0.198909810715
0.154042273789
-0.0362297119075
-0.0427431155654
0.33831678689
-0.160009934538
-0.107731468543
-0.110707128314
0.0
-0.0721204765073
0.0
0.0
-0.66482040816
0.0
-0.0638515097624
0.0
0.0
0.0
-0.00556422906573
-0.729784744426
0.0
0.0
-0.150140360525
0.0
0.0
0.184147760406
-0.0554141792533
0.00476367778801
-0.724599063402
0.0
0.136050224152
0.0
0.0
-0.066540407438
0.195867349575
-0.0171125974041
-0.197718171929
0.130080847853
-0.0225706665127
0.0
-0.654140018474
-0.0106545922548
0.0
0.0
-0.0135770446334
-0.0861868510217
0.0
0.0
-0.0309445154479
-0.0673559047336
0.198143655663
0.0
-0.264480166527
-0.908120635193
-0.103200062383
-0.243104036376
0.424616987348
0.0
-0.0307275959155
-0.714589151894
-2.15420862494
-0.120865571135
0.0
0.0
0.0
0.0
0.0
0.0
0.0
0.0
0.0
0.0
-0.0651217107172
0.0
-0.0800727375223
-0.014774710185
-0.0861021495667
0.0
-0.0933657628697
0.0
-0.21476941861
0.0
0.0
0.0
0.0
1.17384367049
0.0
0.0
0.0
0.0
0.35213557098
0.0
0.0
0.0
0.0
-0.279837396995
1.27630608842
0.0
0.0
0.0
-0.00380148697104
0.0
0.0
0.0
-0.00236074700902
-0.0447673264613
-0.00851019643553
0.237263445828
-0.00230171001668
0.0
0.0
0.0
0.0
0.0
0.0
0.0
0.0
0.0
0.0
0.0
0.0
0.0
0.0
0.0
0.0
0.0
-0.0351189225727
0.0
0.0
0.0
0.0
0.0
0.265018764171
-0.451637936492
0.0
0.0
0.788310053108
0.134053615891
0.0
0.0
0.0
0.0
0.0
0.0
0.0
0.0
0.0
0.0
-0.00263055684971
0.0
0.0
0.0
0.0
0.0
0.0511800776142
0.0
0.0
0.0
0.0
0.0
-0.0177538345294
0.0
-0.00393914203361
0.0
0.0
-0.0143492015522
-0.0081278336348
0.0142748035069
-0.225008573695
0.329653701976
0.0
0.0
0.0
0.0
0.0
0.0
0.0
0.0
0.0
0.0
0.0
0.0
0.0
0.0
0.0
0.0
0.0
0.0
0.0
0.0
0.0
0.0
0.0
0.0
0.0
0.0
0.0
0.0
0.0
0.0
0.0
0.0
0.0
0.0
0.0
0.0
0.0
0.0
0.0
0.0
0.0
0.0
0.0
-0.103099204234
0.0
0.0
-0.0333809398656
0.0
0.0
0.0
0.0
0.0
0.239224035847
0.0
-0.472308606982
0.0
0.0
0.0
0.0
0.0
0.0
0.0
0.0
0.0
0.238029397392
0.0
0.0
0.0
0.0
0.0
0.0
0.0
0.0
0.288686646444
0.0
-0.0546811584078
0.0
-0.00919117410826
-0.145041035744
0.0
0.0
0.0
0.0
-0.214298938248
0.068420195658
-0.0598759172524
0.0
0.0
0.0
0.0
0.0
0.0
-0.189237367801
0.0147740023841
0.142220711529
0.254982157155
0.0
0.0
0.0
0.0
0.0
0.0
0.0
-0.00610791544745
0.0
-0.0345244558414
0.0
0.0
-0.154173688445
-0.549599394711
-0.0921048690451
0.717696216226
0.0
0.0
0.0
0.649540978265
0.0
0.0
0.0
0.0
0.0
-0.103772796735
0.0
0.0
0.0
0.17967994633
-0.5428811524
0.0
0.0
-0.00761849499014
0.0
0.0
0.0
0.0
0.0
0.0
0.0
0.0
0.0
0.194365948172
0.0
0.0
0.0
0.0
0.0
-0.0139622788719
0.194365948172
0.0
0.0
-0.1016457375
0.0
0.0
0.0
-0.238856949694
-0.105253631594
0.0
0.0
-0.0136338821349
0.0
0.0
0.0
0.0
0.0
0.0
0.0
-0.0311905822287
0.0
0.0
0.0
0.0
0.0
0.0
0.0822225778427
0.0
0.0
0.0
-0.00165101206621
0.0
0.0
0.0
0.0
0.0
-0.347512804989
1.09460498791
0.0
0.0
0.140457439698
-0.00473457058604
-0.0274027704356
0.0
0.0
0.0
-0.107863393915
0.0
0.0
0.0
0.0
0.0
0.0
0.0
0.0
0.0
0.0
0.0
0.0
0.0
0.0
0.0
0.0
0.0
0.0
0.0
0.0
0.0
0.0
-0.0156498496465
0.0
0.0
0.0
0.0
0.0
0.0
0.0
0.0
0.0
0.320189211986
0.342215492217
0.719060920417
-0.234089564916
0.0
-0.0795966327313
0.0
0.0
0.0
0.0
0.0
-0.0779300448978
-0.0259052691947
-0.00203270741573
0.0
0.0
0.716599551164
0.0
-0.170394681972
0.0
0.0
0.0
0.0
0.0868115914086
0.0
0.0
0.0
0.0
0.0
-0.0809060639834
0.0
0.0
-0.037731655093
0.0
0.0
0.0
-0.172784204571
0.0
0.0
0.0
0.0
0.0
0.0
-0.00121662149577
0.0
0.0
0.0
0.0
0.35213557098
0.0
2.14267738454
-0.00266896904485
0.0
-0.087657367928
-0.015193500918
0.0
0.0
0.0
0.0
-0.0180262374292
-0.11173123328
0.0
0.0
-0.440766558085
0.0
0.50380185516
0.152158181853
0.0
0.0
0.0
0.0
0.0
-0.0326852003448
0.0
0.0
-0.00311609516805
0.0
-0.0181869115415
-0.0410998640094
-0.0141967680306
-0.0144929984988
0.0
0.0
-1.35589348277
-0.0254109998834
-0.0647139738366
0.0
0.0
0.0
0.0
0.0
-0.315406621666
0.0
-0.0344947932723
0.0
-0.0221033988211
0.0
0.0
0.0
0.0
0.0
0.0
2.8208139203
0.0
0.0
0.0
0.0
1.50884452935
0.097243003658
-0.0199794917002
0.0
0.0
-0.261356902849
0.0
0.0
0.0
0.0
1.73926770468
0.0
0.0
0.0
0.0
0.0
0.0188405549732
-0.0592525257932
0.0
0.0
0.0
0.0
0.0
0.0
0.0
0.0
0.0
0.0
0.0
0.0
0.0
0.0
-0.0779300448978
0.0
0.0
-0.0489880024039
0.0
0.0
0.0
0.0
0.111103080313
0.0
0.0
0.0
0.0
-0.00637862047009
0.0
0.0
-0.0272354279957
-0.103514122658
0.0
0.0
-0.0356688960183
0.0
2.10058614711
0.298395069163
-0.0907533177146
0.216670597402
0.0
0.0
0.0
0.0
0.0
-0.0793114030394
-0.0598845732707
-1.08608523878
0.0
0.0
0.0
0.0
-0.412075916133
-0.00241132419469
0.0
-0.0643364730457
0.0
0.0
0.0
0.0
0.0
0.0
0.0
0.0
-0.403252344258
0.0
0.0
0.0
-0.229212048569
-0.00165860974832
0.0
0.0
-0.0234595294625
0.0
-0.063195563389
0.0
0.0
0.0
-0.00371860888503
0.0
0.0
0.0
-0.998707412616
0.0
0.0
0.0
0.0
0.0
-0.113000164914
0.138425249474
0.0
0.0
0.0
-0.0060654858421
0.0
0.0
-0.459652718635
-0.00192693666667
0.0
0.0
-0.118843555711
0.0
0.0
-0.455411600961
0.0
0.0
-0.0756878319826
0.0
0.0
-0.198495217625
0.0
0.0
0.365413019436
0.0
0.0
0.0
0.0
0.0
0.0
0.0
-0.0035353248437
0.0
0.0
0.0
0.0
0.0
-0.0293832437374
0.0
0.0
0.0
0.0
-0.0330831234435
0.0
0.0
0.0
0.0
-0.156631773227
0.0
0.0
0.0
-0.0331134519736
0.0
0.0
0.0
0.0
0.0
0.0
0.0
0.0
-1.09385477627
0.0
0.0
-0.976691689904
0.0
0.0865216104461
0.0
0.0
0.0
0.0
0.0
0.0
-0.0317135181545
0.0
0.0
0.0
0.0
0.0
0.0
0.0
0.0
0.0
0.0
-0.140425655817
0.0
-0.117778828362
0.0
0.0
0.0
0.0
0.0
0.0
0.0
-0.358529248815
0.0
-0.268494727746
0.0
0.0
0.0
0.0
0.0
0.0
0.0
0.0
0.0
0.0
0.0
0.0
-0.675116197033
0.0
-0.0232663144782
0.0
-0.024624171075
0.0
0.0
-0.0241777736191
0.0
0.0
0.0
0.0
-0.913149393869
0.0
-0.113000164914
0.0
0.0
1.39188669147
0.0
0.0
0.0
-0.106486405474
0.0
0.0
-0.0267374613203
0.0
0.0
0.0
0.0
0.0
0.0
0.0
0.0
-0.106486405474
0.0
0.0
0.0
-0.0189526472954
0.0
-0.144536630282
-0.0316081778892
0.0
0.0
-0.318194802995
0.0
0.0
0.0
0.0
-0.00127990020657
-1.06814747145
0.0
0.0
0.0
0.0
0.0
0.245193688939
0.0
0.0
0.0
0.0
0.0
-0.00226543182184
0.0
0.0
-0.0167616963402
0.0
0.0
0.0
0.0
0.981770120859
-0.0809060639834
-0.0557003975503
0.0
-0.0386629097413
0.0
0.0
0.0
0.0
0.0
0.0
0.0
0.0
0.0
0.0
0.0
-0.00929162561653
0.0
0.0
0.0
0.0
-0.0379212652901
-0.0177439378804
0.0
0.143188885173
0.0
0.0
0.0
-0.0242799239962
0.0
0.0
0.0
0.0
-0.00656226537995
-0.00358280676107
-0.0209717526742
-1.27009456946
-0.00401749709215
0.0
0.0
0.0
0.0
-0.0139622788719
0.0
0.0
0.0
0.0
0.0
0.0
0.0
0.0
0.0
0.0
0.0
0.0
0.0
0.0
0.0
0.0
0.0
0.0
0.0
0.0
0.0
-0.133663245813
0.0
0.0
-0.0209717526742
0.0
0.0
0.0
0.0
-0.00634194923054
-0.0879417085934
0.0
-0.0280489369033
0.0
0.0
0.0
-0.0408303698128
0.0
-0.404197423462
0.0
0.0
0.0
0.0
0.0
0.193566457643
0.0
-0.0233760784379
0.0
0.0
0.0
0.0
0.0
0.0
0.0
0.0
0.0
0.0
0.0
-0.00934445513057
-0.0326879365505
-0.0206140683097
0.0
-0.156631773227
0.0
0.284719185137
0.0
0.0
-0.480118955174
0.0
-0.235746011594
0.0
-0.10952568465
0.0
0.0
0.0
0.0
0.0
-0.037979148533
-0.662478311665
0.0
0.0
0.0
0.0
-6.70639689568
0.0
0.189334740945
0.0
1.87556679993
-0.00142077973092
0.0
0.0
-0.156510159124
-0.00906341398917
0.0
0.0
-0.00348205331761
0.0
-0.0868663854329
0.0
0.0
-0.210864169313
0.0
0.0
0.0
0.0
0.0
0.0
0.0
0.0
0.0
0.0
0.0
0.0
0.0
0.0
0.0
0.0
0.0
0.0
0.0
0.0
0.0
0.0
0.0
0.0
0.0
0.0
0.0
0.0
0.0
0.0
0.0
0.0
0.0
0.0
0.0
0.0
0.0
0.0
0.0
0.0
0.0
0.0
0.0
0.0
0.0
0.0
0.0
0.0
0.0
0.0
-0.0809060639834
0.0
-0.0219702542338
-0.120713574621
0.0
0.0
0.0
-0.0809060639834
0.0
0.0
0.0
-0.443738095963
0.0
0.141161849296
0.0
0.0
0.0
0.0
0.0
0.0
-0.153107421552
0.0
0.0
0.0
0.0
0.0
0.0
0.241024184927
-0.183972598397
0.0
1.05325306162
0.0
-0.207454669836
-0.164238993335
-0.0836441698523
0.0
0.0
0.0
-0.0163700499637
0.0
-0.0293068956348
0.0
0.0
0.0
0.0
0.0
0.0
0.0
-0.927179899981
-0.5217588363
0.0
-0.0623811644575
0.0
0.0
0.0
0.0
0.0
0.234714840215
0.0
0.0
-0.756137982506
-0.017053661082
0.0
0.0
0.0
0.0
0.0
-0.0251140710387
-0.0187569219479
-0.443842337891
-0.131811418972
0.0
-0.0215539720238
0.0
-1.06770830225
0.0
0.0
-0.000885588760684
0.0
-0.2816828226
0.0
0.0
0.0
-0.0138399056194
0.0
0.0
-0.0174203398421
0.0
0.0
-0.495884369068
0.0210562995253
0.0
0.0
-0.0988085689654
-0.18967432831
-0.00443947127767
0.0
0.0
0.0
0.323864345297
0.0
0.0
0.0
0.0
0.0
-0.10766107859
0.210718397721
-0.0417781379145
-0.537455425474
0.0
0.0
-0.0080377686782
0.0
0.0
0.0
-0.189200113956
0.0
0.0
0.0
0.0
0.0
0.0
0.0
0.0
0.0
-0.693553978806
0.0
1.63883809214
0.0
-0.235532509781
0.0
0.0
0.0
0.0
0.0
0.0
0.0
0.241108450274
0.0
0.0
0.0
0.0
0.0
0.0
0.0
0.0
0.0
0.0
0.0
0.0
0.0
0.0
0.0
0.0
0.0
-0.101253907251
0.0
0.0
0.0
0.0
0.0
0.0
0.0
0.0
0.0827868562099
0.0
0.0
0.0
0.0
0.0
0.0
0.0
-0.00297453896164
-0.368716504609
-0.0338171557865
0.0827868562099
-0.175827845011
0.0
0.0
0.0
-0.24271819195
-0.0679548691018
0.0
-0.0274983956112
0.0
0.0
0.0
0.0
0.0
-0.0122447883372
0.0
0.0
-0.0284897783429
-0.0224338957403
0.0
-0.0349533683723
-0.10766107859
0.0
0.0
0.0
0.0
0.0
0.0
-0.0331134519736
0.0
0.0
0.0
0.0
0.510609565446
0.0
0.0
0.0
-0.0264551281245
0.0
0.0
-0.508109631357
0.0
0.0
0.0
-0.0661396052763
0.0
0.0
0.0
0.0
0.0
-0.0783666146817
0.0
0.0
-0.221467200944
0.276180862169
-0.594670809209
0.0
0.319322959755
-1.18691293583
0.0
-0.398790787959
0.0
0.0
0.0
0.0
0.0
0.0
0.0
0.0
0.0
0.0
-0.0128679222266
-0.0227712580922
0.0
0.0
0.0
1.19335830465
1.09654224153
-0.069832131153
0.0
-0.192851987003
-0.0810691805617
-0.0792917507397
-0.0241402880203
0.0
0.0
0.130120039339
0.0
0.0
0.0
-0.0728397719886
0.0
1.12243007671
0.0
-0.0183546964538
-0.130519825328
0.0
0.0803812064233
0.0
0.0
0.0
0.0
0.0
0.0
-0.861575859437
0.0
0.0
0.0
-1.39994896992
0.0
0.0
0.0
0.0
0.109108584456
0.0
-0.36683603331
0.0
0.0
0.0
0.0
0.0
0.0
0.0
0.0
0.0
0.0
0.0
0.0
0.0
0.0
0.0
0.0
0.0
-0.0809060639834
1.2743813798
-0.0307369487984
0.0
0.0
-0.00304679559239
0.0
-0.0331134519736
0.0
0.0
0.0
0.0
-0.831287486506
0.161389876126
0.0
-0.263245748643
-0.122749416335
0.0
0.0
0.0
0.0
0.0
0.0
0.0
0.0
-0.334999813075
-0.0139632142996
0.0
0.0
0.0
1.66147684237
0.0
-0.548221154444
0.719930768707
0.813413878637
0.0
0.0
0.0
0.0
0.0
0.199774877356
0.0
0.0
0.0
0.0
-0.30694871208
0.0
0.0
0.0376919225216
0.0
1.43618402201
1.80296635394
0.0
1.19938114873
0.0
-0.194126987866
0.0
0.0
0.0
-0.0175777874713
0.0
-0.00724977489586
-0.00675659525201
0.0
0.0
0.0
0.0
0.0
0.0
0.0
0.0
-0.0965569161379
0.0
0.0
0.925169814089
0.0
0.0
0.0
0.0
0.0
0.18072794637
0.0
0.0
0.0
0.731775463625
0.0
0.131861882861
0.0
0.0
0.0
0.0
0.0
0.0
0.0
0.0
0.0
-0.00186460605943
0.0
0.0
-0.0861102059844
-0.00816911864942
0.0
0.0
0.0
0.0
0.0
0.0
0.0
0.0
0.0
0.0
0.0
0.0
0.0
0.0
0.0
0.0
0.0
0.0
0.0
0.0
0.0154775836848
0.0
0.0
0.0
-0.076044309457
0.158851131652
0.0
0.0
0.0
-0.134632597333
0.0
0.0
0.0
0.0
0.0
0.0
0.0
0.0
0.0
0.0
0.0
-0.01577572896
0.0
0.0
0.0
1.09106730105
-0.183396566441
0.0
0.0
0.0
-0.0212792067549
0.0
0.0
0.0
0.0
0.0
0.0
0.272956025547
0.0
0.0
0.0
-0.00949072822988
0.0
0.0
0.0
0.0
0.0
0.0
0.0
0.0
0.0
-0.403640018484
0.0
0.0
0.0
0.0
0.0
-0.0315939449261
0.0
0.0
-0.299264753354
-0.59312239397
-0.169923803566
0.0
0.0
-0.187712740152
0.0
0.0
0.0
0.0
-0.313283350103
-0.127728056057
0.0
0.0
0.0
0.0
0.387544146773
-0.0456171172929
-0.149271397121
-0.0699804302335
0.0
-0.295723523397
0.0
0.0
0.0
0.0
0.0
-0.049163171011
0.0
-0.788704431026
0.0
-0.499492588914
0.0
0.0
0.0
-0.156421702385
0.0
0.0
0.0
-0.0193420145364
0.0
-0.0148878480017
-0.0809060639834
0.0
0.0
-0.0809060639834
-0.0360037201786
0.0
0.0
0.0
0.0
-0.0302892465882
0.0
0.0
0.0
0.0
0.0
0.0
0.0
0.100083502609
-0.0253956318898
-0.0137013852178
-0.249986005898
0.0
0.0
0.0
0.0
0.0
-0.0991275983932
0.0
-0.140767856687
0.0
0.0
0.0
-0.192098170103
0.0
0.0
-0.508698097332
0.0
-0.132990772271
0.0
0.0
0.0
0.0
0.0
0.0
0.0
-0.0300983083458
-0.0707358787208
0.0
0.0
-0.0312959139706
0.0
0.0
0.0
0.0
0.0
-0.00945405912239
0.263635350328
0.0
0.0
0.0
0.0
0.0
-0.721289723895
-0.00134086376249
0.0
-1.49884718762
0.0
0.0
0.0
-0.181366662274
0.0531536515255
-0.00328890217598
0.0
-0.102007618776
0.0
0.0
0.0
0.0
0.0
-0.243289768185
0.0
0.0
0.0
0.0
0.0
-0.0339328753098
0.0
0.0
-0.161812127967
0.0
0.0
0.0
0.0
0.0
0.0
0.0
-0.0311905822287
0.0
-0.0196502123221
-0.0664473748779
-0.0351309202137
0.0
-0.237273470737
-0.00639586028649
0.112203296729
-0.29695612513
-0.00208938260479
0.0777650730992
0.0
0.0
0.0
0.0
0.0
0.0
0.0
0.0
-0.00283932211939
0.0
-0.48973700027
-0.0284480951859
-0.0198377262004
-0.0592525257932
-0.0477027370676
-1.04900736186
-0.0401237402006
0.0
0.0
0.0
0.0
0.0
-0.139018075861
0.0
0.0
0.0
-0.0368666107135
0.0
-0.019292302652
0.0
0.0
0.0
0.0
1.35425825372
0.0339752717402
0.670587866862
-0.0397261300291
0.419891656696
-0.53718958663
0.0
-0.111070767094
-0.183049402859
-0.0297065792182
-0.0260142131903
0.0
0.0
0.0
0.0
0.0
0.0
0.0
-0.0271556149248
-0.0311905822287
0.0
-0.189005277595
0.0
0.0
0.0
-0.451637936492
-0.161666530868
-0.0818721614947
0.0
-0.00352247392632
-0.0732011287491
0.0
0.0
0.0
0.0
0.0
0.0
-0.0239755703915
0.0
0.0
-0.112733031715
-0.0289146033984
0.0
0.0
0.0
0.135230750266
-0.0592525257932
0.0
0.323097588664
0.0
0.0
0.0
0.778508392324
0.0
0.0
0.0
-0.0395968846273
0.0
-0.000885588760684
0.0
0.0
-0.0458197955339
0.0
0.0
0.0
0.0
0.0
-0.150263180432
0.0
0.0
0.0
0.0
0.0180351214166
0.0
0.0
0.0
0.0
-0.0320430324568
0.0
0.0
0.0
0.0
0.0
0.0
0.0
0.0
0.0
0.137415214841
0.0
0.0
0.410520933545
0.0
0.0
0.0
0.0
0.0
0.0
0.647540035888
1.09052541084
-0.425513378752
0.0
0.0
0.0
0.0
0.0
-0.259241905081
0.0
0.0
0.0
0.0
-0.562346514657
0.0
0.0735265654344
-3.64533047314
-0.171273351407
0.800254655283
0.0
0.0
-0.0277676917734
0.0
-0.041134704062
-0.102627075478
-0.00136894450356
-1.02042149811
-0.203507723622
-0.0343985967178
-0.174265903473
0.0
0.0
0.0
0.0
0.0
0.0
-0.0151798781261
0.0
0.0
-0.0809060639834
-0.0176929509851
0.0
0.0
0.0
0.0
0.0
0.0
0.0
0.0
0.56074653974
-0.0148582305549
0.0
0.0
0.0
0.0
0.0
-0.104407036696
0.0
0.0
0.0
-0.155834693568
-0.0656554791501
0.0
0.0
-0.03679138861
-0.412866252949
0.0
0.0
-0.314050617335
0.344893195635
-0.00696357256569
0.0
-0.00216399565934
0.0
-0.0143492015522
-0.0552447543313
0.0
0.0
-0.282126941703
0.0
-0.0076661066948
0.0
0.478674182205
0.0
0.0
-0.331228202073
0.0
0.0
0.0
0.0
-0.102796819407
0.0
0.0
-0.0235334450636
0.0
0.0
0.0
-0.164715236876
0.0
-0.107458827013
0.0
-0.00918222728675
-0.0177930764363
0.169674772113
0.0
0.0
-0.161812127967
0.0
0.0
0.0
0.0
0.0
0.0
0.0
0.0
0.0
0.0
-0.0786726230081
0.0
0.0
0.0
0.0
0.0
0.0
0.0
0.0
0.0
0.0
0.0
0.0
0.0
0.0
0.0
0.0
0.0
0.0
-0.122749416335
0.0
-0.0204383535103
0.0
0.0
0.0
0.253549464595
0.0
0.0
0.0
0.0
0.0
0.0
0.0
0.0
-0.0642227878695
0.0
0.132662170398
0.0
0.0
-0.138799007386
0.0
0.0
0.0
0.0
0.0
0.0
-0.0173812847955
-0.448915189063
0.0
-3.242187725
0.0
-0.0256118108994
0.0
0.0
0.0
0.0
0.0
0.0
0.0
0.0
0.0
0.0
0.0
0.0
0.0
0.0
0.0
0.0
0.0
0.0
0.0
0.0
0.0
0.0
0.0
0.0
0.0
0.0
0.0
0.0
0.0
0.0
0.0
0.0
0.0
0.0
0.0
0.0
0.0
0.0
0.0
0.0
0.0
0.0
0.0
0.0
0.0
0.0
0.0
0.0
0.0
0.0
0.0
0.0
0.0
0.0
0.0
0.0770267971571
0.0
-0.846079994728
-0.299568718077
0.0
0.0
0.0
0.0
0.0
-0.0614228450924
0.0
0.0
-1.38060146859
0.0
0.0
0.0
0.0
-0.00896734253697
0.0
0.0
0.0
-0.116864737056
3.13111103286
-0.0809060639834
0.0
0.0
0.0
0.0
0.195473307492
0.0
-0.0288914803596
0.0
0.0
0.0
0.0
0.0
0.0
0.0
0.0
0.0
0.091796212078
-0.0881059007605
-0.0839029891651
0.0
0.0
0.0
0.0
0.0
0.0
0.0
-0.759454844409
0.0
0.0
0.0
0.0
-0.0354451331185
0.0
0.0
-3.60159218812
0.0
0.0
0.0
0.0
0.0
0.0
0.0
0.0
0.0
0.0
0.0
0.0
0.0
0.0
0.0
0.0
0.0
-0.617767802184
-0.10662270228
0.0
-0.107933392495
0.0
0.0
0.0
0.298777129175
0.0
-0.552308951254
0.0
0.0
-0.0155968509644
0.0
0.0735265654344
0.0
0.0
0.0
0.0
0.0
0.0
-0.0122311883209
0.0
0.0
-0.0173812847955
0.0
0.0
0.0
0.0
0.0
0.0
0.0
0.0
0.0
0.0
0.0
-0.00226543182184
0.0
0.0
0.0
0.0
0.0
0.0
0.0
0.0
0.0
-0.0667487797803
0.0
0.0
0.0
0.0
-0.405485176406
0.0
0.0
0.0
0.0
0.0
0.0
0.0
-0.0312012116863
-0.280774899758
0.0
0.0
0.0
0.0
0.0
-0.0941512746697
0.0
-0.0592525257932
-0.362571940714
0.0
0.0
0.0
0.0
-0.0289270078443
-0.388879049812
0.0
0.0
0.0
-0.00333739954324
0.0
0.0
0.0
0.0
-0.00610791544745
0.0
0.0
0.0
0.0
0.867142786727
0.0
0.0
0.0
-1.29061794532
0.0
0.0
0.0
0.0
0.0
0.0
-0.0922558166022
0.0
-0.05207917675
0.0
0.0
0.0
0.0
0.0
0.0
0.0
0.0
0.0
-0.0809060639834
0.0
0.0
0.0
0.35213557098
-0.131758849635
0.0
0.0
0.0
0.0
-0.10766107859
0.0
0.0
-0.225388150711
0.0
-0.0379202562696
0.0
-0.0256165858308
0.0
0.0
0.0
0.0
0.0
0.0
-0.00362867865664
0.0
0.0
0.0
0.0
0.0
0.0
0.0
0.0
0.0
0.0
0.0
-0.0201634541916
0.0
0.0
0.0
0.0
-0.00358280676107
0.0
0.329576086685
-0.617584633597
1.5128521391
0.0
0.0
1.51591142564
0.0
0.0
0.0
0.0
0.0
0.0
0.0
0.0
0.0
0.0
0.0
0.110404924438
0.0
-0.0975281237802
-0.0921048690451
-0.0249420047865
-0.301901197579
0.0
0.0
0.0
0.0
0.0
0.0
0.0
0.0
0.0
0.0
0.0
0.0
0.0
0.0
0.0
0.0
0.0
-0.878029722027
0.0
0.0
0.0
0.0
0.0
-0.00134086376249
0.0
0.0
0.0
0.0
0.0411112889213
1.2675900239
0.0
0.0
0.0
-0.0814943009735
0.0
0.0
0.0
0.0
0.0
0.0
0.0
0.0
0.0
0.0
-0.00325403117802
0.0
0.0
-0.400390554167
0.0
0.0
0.0
0.127561739203
0.0
1.14323824558
0.0
0.0
0.0
0.0
0.0
0.0
0.0
-0.00570593046351
0.177657124101
0.0
-0.512665468941
0.0
0.0
0.0
0.0
0.0
-0.0382844834932
-0.011571885564
0.0
0.0
-0.039835264058
0.0
0.0
-0.0665637345522
0.0
0.0
0.0
0.0
0.0
0.0
0.0
0.0
0.0
0.0
0.0
0.0
0.0
0.0
0.0
0.118038511335
0.0
0.0
0.0
0.0
0.0
0.0
0.0
0.191449786232
0.0
0.0
-0.133532102192
0.0
0.0
-0.0651248454011
-0.00394605936047
-0.103406995936
0.0
0.0
-3.63441694522
0.0
0.0
-0.00918357429733
0.0
0.0
0.0
0.0
0.0
0.0
0.0
-0.983846029487
0.0
0.0
0.0
0.0
0.0
0.0
-0.108778750413
0.0
0.0
0.967406209867
0.0
-0.150333249993
0.0
0.0
0.0
0.0
0.0
0.0
-0.00393914203361
-0.0150658612881
0.0
0.0
0.0
0.160073591841
0.0
-0.311601616544
0.0
0.0
0.0
0.0
0.0
1.05738053811
0.0
0.0
0.0
-0.171039082517
0.0
0.0
0.0
0.0
0.0
0.0
0.0
0.0
0.0
0.0
0.0
0.0
0.0
-0.0196502123221
0.0
0.0
0.0
0.0
0.0
0.0
0.0
0.0
0.0
0.0
-0.0592525257932
0.0
0.0
0.0
-0.521991887548
0.0
-0.222896285018
0.0
-0.281150239807
-0.0176929509851
1.2981807838
0.160029633828
0.0
0.0
0.0
-0.00275583167787
0.0
0.0
-0.0425033970531
-0.0191135736707
-0.00407435494789
0.0
0.0
0.0
0.0
0.0
0.0
0.0
0.0
0.0
0.0
0.0
0.0
-0.135557590245
0.0
0.0
0.0
0.0
0.0
0.0
0.0
0.0
0.0
0.0
0.0
0.0
0.0
0.0
0.0
0.208826199079
0.0
0.0
0.0
0.0
0.0
0.0430691290096
0.0
0.0
-0.0881664924356
0.0
0.0
0.0
0.0
0.0
0.0
-0.0311905822287
-0.0243883134797
0.0
0.0
0.0
0.0
0.0
-0.689643979614
-0.00868251710604
0.0
0.0
0.0
0.0
0.0
-0.103514122658
0.0
0.0
0.0
0.0
0.0
0.0
-0.0930505258278
0.0
0.0
0.0
0.0
0.0
0.0
0.0
0.0
0.0
0.0
0.0
-0.152487238911
0.0
0.0
0.0
0.0
-0.0983747889183
0.0
0.0
0.0
-0.494333553272
0.0
-0.0375124112319
-0.0227718927089
0.0
0.0
0.0
0.0
0.0
0.0
-0.0239190181128
0.0
0.0
0.0747057967864
0.0
-0.00283932211939
0.0
0.0
0.0
0.0
0.0
0.0
0.0
0.0
0.0
0.0
0.0
0.0
-0.636180199642
0.0
0.0
0.0
0.0
-0.2105514513
0.0
0.0
-0.0245322734355
0.0
-0.032571276967
0.0
0.0
0.0
0.0
0.0
0.0
-0.19197887579
0.0
0.0
0.0
-0.00904459556315
0.0
0.0
0.0
-0.431214922071
0.0
-0.522388114123
0.0
0.0
-0.107479987298
0.0
0.0
0.0
0.0
0.0
0.0
0.0
0.0
0.0
0.000850709298774
0.0
0.0
-3.60159218812
-0.161812127967
0.0
0.0
0.0
0.0
0.0
0.0
0.200881093186
-0.620130871259
0.0
0.0
0.0
0.0
0.0
0.0
-0.306239905064
-0.00134086376249
0.0
-0.213907514081
0.0
-0.0146861853061
0.0
0.0
-0.0261777537689
0.0
0.0
0.0
-0.0257110130535
0.0
0.0
0.0
0.0
0.0
0.0
-0.0276120414893
0.0
0.0
0.0
0.0
0.0
0.0
0.0
0.0
0.0
0.0
0.0
0.0
0.0
0.0
0.0
0.0
0.0
0.141670834996
0.0
-0.0857124510852
0.0
0.0
0.0
0.0
0.0
-0.00453436136958
0.0
-1.15336761626
-0.0955987574899
0.0
-0.120093915054
0.0
0.806750327072
0.0
0.0
0.0
-0.385723327466
-0.161812127967
0.0
-0.0345250892647
0.0
1.08364236495
0.0
0.0
0.0
0.0
0.0
-0.0309013577884
0.0
-0.0376313507426
0.0
0.0
0.0
0.0
0.0
0.0
0.0
1.12345275764
0.945477484242
-0.117447732003
0.0
-0.0867906831285
0.0
0.499654950212
0.0
0.0
0.0
-0.0756216651581
0.180829125002
0.0
-0.198982648671
0.0
0.0
0.0
-0.184680146241
0.0
0.0
0.0
-0.0217367260952
-0.00735535564
-0.048816943723
0.0
0.0
0.0
0.0
0.0
0.0
0.0
0.0
0.15772328284
-0.210172549288
0.0
0.0
0.0
0.0
-0.0103457630935
0.0
0.0
0.0
-0.0464319839511
-0.317056788371
0.0
0.0
0.0
0.0
0.230459926501
0.0
-0.00152950351574
-0.00230171001668
0.0
-6.39511945093
0.0
0.0
0.0
0.0
0.0
0.0
0.0
0.0
0.0
0.0
0.0
-0.019292302652
-0.102768054136
-0.0455437854178
0.0
-0.0636814088412
-0.43803536995
0.727218092143
0.0
-0.013775361446
0.0
0.0
0.0
0.0
0.0
0.0
0.0
0.0
0.0
0.0
0.0
0.0
0.0
0.0
0.0
0.0
-0.152873589263
0.0
-0.01480642747
0.0
0.0
0.0
0.0
0.0
0.0
0.0
0.0
0.0
-1.97844760694
0.0
0.0
0.0
0.0
-0.0592525257932
0.0
0.0
0.175197823869
0.0
-0.0354299450764
0.0
-0.0802383314281
-0.00801771160083
0.0
0.0
0.0
0.0
-0.104720834441
1.02397427883
-0.106486405474
0.0
0.0
-0.477065688625
-0.0809060639834
0.0
0.0
-0.266961426957
0.0
0.0
0.0
0.0
-0.122920509442
0.0
-0.0337894642265
0.0
-0.00231487041144
-0.0562565555299
0.0
0.0
0.0
0.0
0.0
-0.0217788179296
0.0
0.0
0.0
-0.275222277625
0.0
0.0
0.0
0.0
0.0
0.0
-0.158611635479
0.0
0.0
0.0
-0.769968845231
0.0
0.0
0.0
0.0
0.0
0.0
0.0
0.0
0.0
-0.0727859251682
0.0
0.0
0.369325834841
0.0
-0.0283774282128
0.0
0.0
-0.0476341483863
0.0
0.0
0.0
0.0
0.0
0.0
-0.0628983576413
-0.00888833953384
0.0
0.0
-0.507691990567
0.0
0.0
0.0
0.0
0.0
0.0
0.0
0.0
0.0
0.0
0.0
-0.00889312521514
0.0
0.0
0.0
-0.0666518240406
0.0
0.0
0.0
0.0
-0.0256165858308
0.0
0.0
-0.166386568261
0.0
0.0
0.0
0.155839666421
-0.110273132845
0.0
0.210605037866
-0.00938036728978
0.0
0.0
0.0
0.0
0.0
0.0
-0.0224852465262
0.0
0.0
0.0
0.0
-0.258955571189
-0.0677297361431
0.0
0.0
-0.00588381439021
0.0
0.0
-0.0221603687712
0.0
0.0
0.0
0.0
0.0
0.0
0.0
0.0
0.0
-0.0446312550705
0.0
-0.105068063106
-0.230604407484
0.0
0.0
0.0
0.0
0.0
0.0
0.0
0.0
0.0
0.0
0.0
0.0
0.0
0.0
0.0
0.0
0.0
0.0
0.0
0.0
0.0
0.0
0.0
0.0
0.0
0.0
0.0
0.0
0.0
0.0
0.0
0.0
0.0
0.0
0.0
0.0
0.0
0.0
0.0
0.0
0.0
0.0
0.0
0.0
0.0
0.0
0.0
0.0
0.0
0.0
0.0
0.0
0.0
0.0
0.0
0.0
0.0
0.0
0.0
0.0
0.0
0.0
0.0
0.0
0.0
0.0
0.0
0.0
0.0
0.0
0.0
0.0
0.0
0.0
0.0
0.0
0.0
0.0
0.0
0.0
0.0
0.0
0.0
0.0
0.0
0.0
0.0
0.0
0.0
0.0
0.0
0.0
0.0
0.0
0.0
0.0
0.0
0.0
0.0
0.0
0.0
0.0
0.0
0.0
0.0
0.0
0.0
0.0
0.0
0.0
0.0
0.0
0.0
0.0
0.0
0.0
0.0
0.0
0.0
0.0
0.0
0.0
0.0
0.0
0.0
0.0
0.0
0.0
0.0
0.0
0.0
0.0
0.0
0.0
0.0
0.0
0.0
0.0
0.0
0.0
0.0
0.0
0.0
0.0
0.0
0.0
0.0
0.0
0.0
0.0
0.0
0.0
0.0
0.0
0.0
0.0
0.0
0.0
0.0
0.0
0.0
0.0
0.0
0.0
0.0
0.0
0.0
0.0
0.0
0.0
0.0
0.0
0.0
0.0
0.0
0.0
0.0
0.0
0.0
0.0
0.0
0.0
0.0
0.0
0.0
0.0
0.0
0.0
0.0
0.0
0.0
0.0
0.0
0.0
0.0
0.0
0.0
0.0
0.0
0.0
0.0
0.0
0.0
0.0
0.0
0.0
0.0
0.0
0.0
0.0
0.0
0.0
0.0
0.0
0.0
0.0
0.0
0.0
0.0
0.0
0.0
0.0
0.0
0.0
0.0
0.0
0.0
0.0
0.0
0.0
0.0
0.0
0.0
0.0
0.0
0.0
0.0
0.0
0.0
0.0
0.0
0.0
0.0
0.0
0.0
0.0
0.0
0.0
0.0
0.0
0.0
0.0
0.0
0.0
0.0
0.0
0.0
0.0
0.0
0.0
0.0
0.0
0.0
0.0
0.0
0.0
0.0
0.0
0.0
0.0
0.0
0.0
0.0
0.0
0.0
0.0
0.0
0.0
0.0
0.0
0.0
0.0
0.0
0.0
0.0
0.0
0.0
0.0
0.0
0.0
0.0
0.0
0.0
0.0
0.0
0.0
0.0
0.0
0.0
0.0
0.0
0.0
0.0
0.0
0.0
0.0
0.0
0.0
0.0
0.0
0.0
0.0
0.0
0.0
0.0
0.0
0.0
0.0
0.0
0.0
0.0
0.0
0.0
0.0
0.0
0.0
0.0
0.0
0.0
0.0
0.0
0.0
0.0
0.0
0.0
0.0
0.0
0.0
0.0
0.0
0.0
0.0
0.0
0.0
0.0
0.0
0.0
0.0
0.0
0.0
0.0
0.0
0.0
0.0
0.0
0.0
0.0
0.0
0.0
0.0
0.0
0.0
0.0
0.0
0.0
0.0
0.0
0.0
0.0
0.0
0.0
0.0
0.0
0.0
0.0
0.0
0.0
0.0
0.0
0.0
0.0
0.0
0.0
0.0
0.0
0.0
0.0
0.0
0.0
0.0
0.0
0.0
0.0
0.0
0.0
0.0
0.0
0.0
0.0
0.0
0.0
0.0
0.0
0.0
0.0
0.0
0.0
0.0
0.0
0.0
0.0
0.0
0.0
0.0
0.0
0.0
0.0
0.0
0.0
0.0
0.0
0.0
0.0
0.0
0.0
0.0
0.0
0.0
0.0
0.0
0.0
0.0
0.0
0.0
0.0
0.0
0.0
0.0
0.0
0.0
0.0
0.0
0.0
0.0
0.0
0.0
0.0
0.0
0.0
0.0
0.0
0.0
0.0
0.0
0.0
0.0
0.0
0.0
0.0
0.0
0.0
0.0
0.0
0.0
0.0
0.0
0.0
0.0
0.0
0.0
0.0
0.0
0.0
0.0
0.0
0.0
0.0
0.0
0.0
0.0
0.0
0.0
0.0
0.0
0.0
0.0
0.0
0.0
0.0
0.0
0.0
0.0
0.0
0.0
0.0
0.0
0.0
0.0
0.0
0.0
0.0
0.0
0.0
0.0
0.0
0.0
0.0
0.0
0.0
0.0
0.0
0.0
0.0
0.0
0.0
0.0
0.0
0.0
0.0
0.0
0.0
0.0
0.0
0.0
0.0
0.0
0.0
0.0
0.0
0.0
0.0
0.0
0.0
0.0
0.0
0.0
0.0
0.0
0.0
0.0
0.0
0.0
0.0
0.0
0.0
0.0
0.0
0.0
0.0
0.0
0.0
0.0
0.0
0.0
0.0
0.0
0.0
0.0
0.0
0.0
0.0
0.0
0.0
0.0
0.0
0.0
0.0
0.0
0.0
0.0
0.0
0.0
0.0
0.0
0.0
0.0
0.0
0.0
0.0
0.0
0.0
0.0
0.0
0.0
0.0
0.0
0.0
0.0
0.0
0.0
0.0
0.0
0.0
0.0
0.0
0.0
0.0
0.0
0.0
0.0
0.0
0.0
0.0
0.0
0.0
0.0
0.0
0.0
0.0
0.0
0.0
0.0
0.0
0.0
0.0
0.0
0.0
0.0
0.0
0.0
0.0
0.0
0.0
0.0
0.0
0.0
0.0
0.0
0.0
0.0
0.0
0.0
0.0
0.0
0.0
0.0
0.0
0.0
0.0
0.0
0.0
0.0
0.0
0.0
0.0
0.0
0.0
0.0
0.0
0.0
0.0
0.0
0.0
0.0
0.0
0.0
0.0
0.0
0.0
0.0
0.0
0.0
0.0
0.0
0.0
0.0
0.0
0.0
0.0
0.0
0.0
0.0
0.0
0.0
0.0
0.0
0.0
0.0
0.0
0.0
0.0
0.0
0.0
0.0
0.0
0.0
0.0
0.0
0.0
0.0
0.0
0.0
0.0
0.0
0.0
0.0
0.0
0.0
0.0
0.0
0.0
0.0
0.0
0.0
0.0
0.0
0.0
0.0
0.0
0.0
0.0
0.0
0.0
0.0
0.0
0.0
0.0
0.0
0.0
0.0
0.0
0.0
0.0
0.0
0.0
0.0
0.0
0.0
0.0
0.0
0.0
0.0
0.0
0.0
0.0
0.0
0.0
0.0
0.0
0.0
0.0
0.0
0.0
0.0
0.0
0.0
0.0
0.0
0.0
0.0
0.0
0.0
0.0
0.0
0.0
0.0
0.0
0.0
0.0
0.0
0.0
0.0
0.0
0.0
0.0
0.0
0.0
0.0
0.0
0.0
0.0
0.0
0.0
0.0
0.0
0.0
0.0
0.0
0.0
0.0
0.0
0.0
0.0
0.0
0.0
0.0
0.0
0.0
0.0
0.0
0.0
0.0
0.0
0.0
0.0
0.0
0.0
0.0
0.0
0.0
0.0
0.0
0.0
0.0
0.0
0.0
0.0
0.0
0.0
0.0
0.0
0.0
0.0
0.0
0.0
0.0
0.0
0.0
0.0
0.0
0.0
0.0
0.0
0.0
0.0
0.0
0.0
0.0
0.0
0.0
0.0
0.0
0.0
0.0
0.0
0.0
0.0
0.0
0.0
0.0
0.0
0.0
0.0
0.0
0.0
0.0
0.0
0.0
0.0
0.0
0.0
0.0
0.0
0.0
0.0
0.0
0.0
0.0
0.0
0.0
0.0
0.0
0.0
0.0
0.0
0.0
0.0
0.0
0.0
0.0
0.0
0.0
0.0
0.0
0.0
0.0
0.0
0.0
0.0
0.0
0.0
0.0
0.0
0.0
0.0
0.0
0.0
0.0
0.0
0.0
0.0
0.0
0.0
0.0
0.0
0.0
0.0
0.0
0.0
0.0
0.0
0.0
0.0
0.0
0.0
0.0
0.0
0.0
0.0
0.0
0.0
0.0
0.0
0.0
0.0
0.0
0.0
0.0
0.0
0.0
0.0
0.0
0.0
0.0
0.0
0.0
0.0
0.0
0.0
0.0
0.0
0.0
0.0
0.0
0.0
0.0
0.0
0.0
0.0
0.0
0.0
0.0
0.0
0.0
0.0
0.0
0.0
0.0
0.0
0.0
0.0
0.0
0.0
0.0
0.0
0.0
0.0
0.0
0.0
0.0
0.0
0.0
0.0
0.0
0.0
0.0
0.0
0.0
0.0
0.0
0.0
0.0
0.0
0.0
0.0
0.0
0.0
0.0
0.0
0.0
0.0
0.0
0.0
0.0
0.0
0.0
0.0
0.0
0.0
0.0
0.0
0.0
0.0
0.0
0.0
0.0
0.0
0.0
0.0
0.0
0.0
0.0
0.0
0.0
0.0
0.0
0.0
0.0
0.0
0.0
0.0
0.0
0.0
0.0
0.0
0.0
0.0
0.0
0.0
0.0
0.0
0.0
0.0
0.0
0.0
0.0
0.0
0.0
0.0
0.0
0.0
0.0
0.0
0.0
0.0
0.0
0.0
0.0
0.0
0.0
0.0
0.0
0.0
0.0
0.0
0.0
0.0
0.0
0.0
0.0
0.0
0.0
0.0
0.0
0.0
0.0
0.0
0.0
0.0
0.0
0.0
0.0
0.0
0.0
0.0
0.0
0.0
0.0
0.0
0.0
0.0
0.0
0.0
0.0
0.0
0.0
0.0
0.0
0.0
0.0
0.0
0.0
0.0
0.0
0.0
0.0
0.0
0.0
0.0
0.0
0.0
0.0
0.0
0.0
0.0
0.0
0.0
0.0
0.0
0.0
0.0
0.0
0.0
0.0
0.0
0.0
0.0
0.0
0.0
0.0
0.0
0.0
0.0
0.0
0.0
0.0
0.0
0.0
0.0
0.0
0.0
0.0
0.0
0.0
0.0
0.0
0.0
0.0
0.0
0.0
0.0
0.0
0.0
0.0
0.0
0.0
0.0
0.0
0.0
0.0
0.0
0.0
0.0
0.0
0.0
0.0
0.0
0.0
0.0
0.0
0.0
0.0
0.0
0.0
0.0
0.0
0.0
0.0
0.0
0.0
0.0
0.0
0.0
0.0
0.0
0.0
0.0
0.0
0.0
0.0
0.0
0.0
0.0
0.0
0.0
0.0
0.0
0.0
0.0
0.0
0.0
0.0
0.0
0.0
0.0
0.0
0.0
0.0
0.0
0.0
0.0
0.0
0.0
0.0
0.0
0.0
0.0
0.0
0.0
0.0
0.0
0.0
0.0
0.0
0.0
0.0
0.0
0.0
0.0
0.0
0.0
0.0
0.0
0.0
0.0
0.0
0.0
0.0
0.0
0.0
0.0
0.0
0.0
0.0
0.0
0.0
0.0
0.0
0.0
0.0
0.0
0.0
0.0
0.0
0.0
0.0
0.0
0.0
0.0
0.0
0.0
0.0
0.0
0.0
0.0
0.0
0.0
0.0
0.0
0.0
0.0
0.0
0.0
0.0
0.0
0.0
0.0
0.0
0.0
0.0
0.0
0.0
0.0
0.0
0.0
0.0
0.0
0.0
0.0
0.0
0.0
0.0
0.0
0.0
0.0
0.0
0.0
0.0
0.0
0.0
0.0
0.0
0.0
0.0
0.0
0.0
0.0
0.0
0.0
0.0
0.0
0.0
0.0
0.0
0.0
0.0
0.0
0.0
0.0
0.0
0.0
0.0
0.0
0.0
0.0
0.0
0.0
0.0
0.0
0.0
0.0
0.0
0.0
0.0
0.0
0.0
0.0
0.0
0.0
0.0
0.0
0.0
0.0
0.0
0.0
0.0
0.0
0.0
0.0
0.0
0.0
0.0
0.0
0.0
0.0
0.0
0.0
0.0
0.0
0.0
0.0
0.0
0.0
0.0
0.0
0.0
0.0
0.0
0.0
0.0
0.0
0.0
0.0
0.0
0.0
0.0
0.0
0.0
0.0
0.0
0.0
0.0
0.0
0.0
0.0
0.0
0.0
0.0
0.0
0.0
0.0
0.0
0.0
0.0
0.0
0.0
0.0
0.0
0.0
0.0
0.0
0.0
0.0
0.0
0.0
0.0
0.0
0.0
0.0
0.0
0.0
0.0
0.0
0.0
0.0
0.0
0.0
0.0
0.0
0.0
0.0
0.0
0.0
0.0
0.0
0.0
0.0
0.0
0.0
0.0
0.0
0.0
0.0
0.0
0.0
0.0
0.0
0.0
0.0
0.0
0.0
0.0
0.0
0.0
0.0
0.0
0.0
0.0
0.0
0.0
0.0
0.0
0.0
0.0
0.0
0.0
0.0
0.0
0.0
0.0
0.0
0.0
0.0
0.0
0.0
0.0
0.0
0.0
0.0
0.0
0.0
0.0
0.0
0.0
0.0
0.0
0.0
0.0
0.0
0.0
0.0
0.0
0.0
0.0
0.0
0.0
0.0
0.0
0.0
0.0
0.0
0.0
0.0
0.0
0.0
0.0
0.0
0.0
0.0
0.0
0.0
0.0
0.0
0.0
0.0
0.0
0.0
0.0
0.0
0.0
0.0
0.0
0.0
0.0
0.0
0.0
0.0
0.0
0.0
0.0
0.0
0.0
0.0
0.0
0.0
0.0
0.0
0.0
0.0
0.0
0.0
0.0
0.0
0.0
0.0
0.0
0.0
0.0
0.0
0.0
0.0
0.0
0.0
0.0
0.0
0.0
0.0
0.0
0.0
0.0
0.0
0.0
0.0
0.0
0.0
0.0
0.0
0.0
0.0
0.0
0.0
0.0
0.0
0.0
0.0
0.0
0.0
0.0
0.0
0.0
0.0
0.0
0.0
0.0
0.0
0.0
0.0
0.0
0.0
0.0
0.0
0.0
0.0
0.0
0.0
0.0
0.0
0.0
0.0
0.0
0.0
0.0
0.0
0.0
0.0
0.0
0.0
0.0
0.0
0.0
0.0
0.0
0.0
0.0
0.0
0.0
0.0
0.0
0.0
0.0
0.0
0.0
0.0
0.0
0.0
0.0
0.0
0.0
0.0
0.0
0.0
0.0
0.0
0.0
0.0
0.0
0.0
0.0
0.0
0.0
0.0
0.0
0.0
0.0
0.0
0.0
0.0
0.0
0.0
0.0
0.0
0.0
0.0
0.0
0.0
0.0
0.0
0.0
0.0
0.0
0.0
0.0
0.0
0.0
0.0
0.0
0.0
0.0
0.0
0.0
0.0
0.0
0.0
0.0
0.0
0.0
0.0
0.0
0.0
0.0
0.0
0.0
0.0
0.0
0.0
0.0
0.0
0.0
0.0
0.0
0.0
0.0
0.0
0.0
0.0
0.0
0.0
0.0
0.0
0.0
0.0
0.0
0.0
0.0
0.0
0.0
0.0
0.0
0.0
0.0
0.0
0.0
0.0
0.0
0.0
0.0
0.0
0.0
0.0
0.0
0.0
0.0
0.0
0.0
0.0
0.0
0.0
0.0
0.0
0.0
0.0
0.0
0.0
0.0
0.0
0.0
0.0
0.0
0.0
0.0
0.0
0.0
0.0
0.0
0.0
0.0
0.0
0.0
0.0
0.0
0.0
0.0
0.0
0.0
0.0
0.0
0.0
0.0
0.0
0.0
0.0
0.0
0.0
0.0
0.0
0.0
0.0
0.0
0.0
0.0
0.0
0.0
0.0
0.0
0.0
0.0
0.0
0.0
0.0
0.0
0.0
0.0
0.0
0.0
0.0
0.0
0.0
0.0
0.0
0.0
0.0
0.0
0.0
0.0
0.0
0.0
0.0
0.0
0.0
0.0
0.0
0.0
0.0
0.0
0.0
0.0
0.0
0.0
0.0
0.0
0.0
0.0
0.0
0.0
0.0
0.0
0.0
0.0
0.0
0.0
0.0
0.0
0.0
0.0
0.0
0.0
0.0
0.0
0.0
0.0
0.0
0.0
0.0
0.0
0.0
0.0
0.0
0.0
0.0
0.0
0.0
0.0
0.0
0.0
0.0
0.0
0.0
0.0
0.0
0.0
0.0
0.0
0.0
0.0
0.0
0.0
0.0
0.0
0.0
0.0
0.0
0.0
0.0
0.0
0.0
0.0
0.0
0.0
0.0
0.0
0.0
0.0
0.0
0.0
0.0
0.0
0.0
0.0
0.0
0.0
0.0
0.0
0.0
0.0
0.0
0.0
0.0
0.0
0.0
0.0
0.0
0.0
0.0
0.0
0.0
0.0
0.0
0.0
0.0
0.0
0.0
0.0
0.0
0.0
0.0
0.0
0.0
0.0
0.0
0.0
0.0
0.0
0.0
0.0
0.0
0.0
0.0
0.0
0.0
0.0
0.0
0.0
0.0
0.0
0.0
0.0
0.0
0.0
0.0
0.0
0.0
0.0
0.0
0.0
0.0
0.0
0.0
0.0
0.0
0.0
0.0
0.0
0.0
0.0
0.0
0.0
0.0
0.0
0.0
0.0
0.0
0.0
0.0
0.0
0.0
0.0
0.0
0.0
0.0
0.0
0.0
0.0
0.0
0.0
0.0
0.0
0.0
0.0
0.0
0.0
0.0
0.0
0.0
0.0
0.0
0.0
0.0
0.0
0.0
0.0
0.0
0.0
0.0
0.0
0.0
0.0
0.0
0.0
0.0
0.0
0.0
0.0
0.0
0.0
0.0
0.0
0.0
0.0
0.0
0.0
0.0
0.0
0.0
0.0
0.0
0.0
0.0
0.0
0.0
0.0
0.0
0.0
0.0
0.0
0.0
0.0
0.0
0.0
0.0
0.0
0.0
0.0
0.0
0.0
0.0
0.0
0.0
0.0
0.0
0.0
0.0
0.0
0.0
0.0
0.0
0.0
0.0
0.0
0.0
0.0
0.0
0.0
0.0
0.0
0.0
0.0
0.0
0.0
0.0
0.0
0.0
0.0
0.0
0.0
0.0
0.0
0.0
0.0
0.0
0.0
0.0
0.0
0.0
0.0
0.0
0.0
0.0
0.0
0.0
0.0
0.0
0.0
0.0
0.0
0.0
0.0
0.0
0.0
0.0
0.0
0.0
0.0
0.0
0.0
0.0
0.0
0.0
0.0
0.0
0.0
0.0
0.0
0.0
0.0
0.0
0.0
0.0
0.0
0.0
0.0
0.0
0.0
0.0
0.0
0.0
0.0
0.0
0.0
0.0
0.0
0.0
0.0
0.0
0.0
0.0
0.0
0.0
0.0
0.0
0.0
0.0
0.0
0.0
0.0
0.0
0.0
0.0
0.0
0.0
0.0
0.0
0.0
0.0
0.0
0.0
0.0
0.0
0.0
0.0
0.0
0.0
0.0
0.0
0.0
0.0
0.0
0.0
0.0
0.0
0.0
0.0
0.0
0.0
0.0
0.0
0.0
0.0
0.0
0.0
0.0
0.0
0.0
0.0
0.0
0.0
0.0
0.0
0.0
0.0
0.0
0.0
0.0
0.0
0.0
0.0
0.0
0.0
0.0
0.0
0.0
0.0
0.0
0.0
0.0
0.0
0.0
0.0
0.0
0.0
0.0
0.0
0.0
0.0
0.0
0.0
0.0
0.0
0.0
0.0
0.0
0.0
0.0
0.0
0.0
0.0
0.0
0.0
0.0
0.0
0.0
0.0
0.0
0.0
0.0
0.0
0.0
0.0
0.0
0.0
0.0
0.0
0.0
0.0
0.0
0.0
0.0
0.0
0.0
0.0
0.0
0.0
0.0
0.0
0.0
0.0
0.0
0.0
0.0
0.0
0.0
0.0
0.0
0.0
0.0
0.0
0.0
0.0
0.0
0.0
0.0
0.0
0.0
0.0
0.0
0.0
0.0
0.0
0.0
0.0
0.0
0.0
0.0
0.0
0.0
0.0
0.0
0.0
0.0
0.0
0.0
0.0
0.0
0.0
0.0
0.0
0.0
0.0
0.0
0.0
0.0
0.0
0.0
0.0
0.0
0.0
0.0
0.0
0.0
0.0
0.0
0.0
0.0
0.0
0.0
0.0
0.0
0.0
0.0
0.0
0.0
0.0
0.0
0.0
0.0
0.0
0.0
0.0
0.0
0.0
0.0
0.0
0.0
0.0
0.0
0.0
0.0
0.0
0.0
0.0
0.0
0.0
0.0
0.0
0.0
0.0
0.0
0.0
0.0
0.0
0.0
0.0
0.0
0.0
0.0
0.0
0.0
0.0
0.0
0.0
0.0
0.0
0.0
0.0
0.0
0.0
0.0
0.0
0.0
0.0
0.0
0.0
0.0
0.0
0.0
0.0
0.0
0.0
0.0
0.0
0.0
0.0
0.0
0.0
0.0
0.0
0.0
0.0
0.0
0.0
0.0
0.0
0.0
0.0
0.0
0.0
0.0
0.0
0.0
0.0
0.0
0.0
0.0
0.0
0.0
0.0
0.0
0.0
0.0
0.0
0.0
0.0
0.0
0.0
0.0
0.0
0.0
0.0
0.0
0.0
0.0
0.0
0.0
0.0
0.0
0.0
0.0
0.0
0.0
0.0
0.0
0.0
0.0
0.0
0.0
0.0
0.0
0.0
0.0
0.0
0.0
0.0
0.0
0.0
0.0
0.0
0.0
0.0
0.0
0.0
0.0
0.0
0.0
0.0
0.0
0.0
0.0
0.0
0.0
0.0
0.0
0.0
0.0
0.0
0.0
0.0
0.0
0.0
0.0
0.0
0.0
0.0
0.0
0.0
0.0
0.0
0.0
0.0
0.0
0.0
0.0
0.0
0.0
0.0
0.0
0.0
0.0
0.0
0.0
0.0
0.0
0.0
0.0
0.0
0.0
0.0
0.0
0.0
0.0
0.0
0.0
0.0
0.0
0.0
0.0
0.0
0.0
0.0
0.0
0.0
0.0
0.0
0.0
0.0
0.0
0.0
0.0
0.0
0.0
0.0
0.0
0.0
0.0
0.0
0.0
0.0
0.0
0.0
0.0
0.0
0.0
0.0
0.0
0.0
0.0
0.0
0.0
0.0
0.0
0.0
0.0
0.0
0.0
0.0
0.0
0.0
0.0
0.0
0.0
0.0
0.0
0.0
0.0
0.0
0.0
0.0
0.0
0.0
0.0
0.0
0.0
0.0
0.0
0.0
0.0
0.0
0.0
0.0
0.0
0.0
0.0
0.0
0.0
0.0
0.0
0.0
0.0
0.0
0.0
0.0
0.0
0.0
0.0
0.0
0.0
0.0
0.0
0.0
0.0
0.0
0.0
0.0
0.0
0.0
0.0
0.0
0.0
0.0
0.0
0.0
0.0
0.0
0.0
0.0
0.0
0.0
0.0
0.0
0.0
0.0
0.0
0.0
0.0
0.0
0.0
0.0
0.0
0.0
0.0
0.0
0.0
0.0
0.0
0.0
0.0
0.0
0.0
0.0
0.0
0.0
0.0
0.0
0.0
0.0
0.0
0.0
0.0
0.0
0.0
0.0
0.0
0.0
0.0
0.0
0.0
0.0
0.0
0.0
0.0
0.0
0.0
0.0
0.0
0.0
0.0
0.0
0.0
0.0
0.0
0.0
0.0
0.0
0.0
0.0
0.0
0.0
0.0
0.0
0.0
0.0
0.0
0.0
0.0
0.0
0.0
0.0
0.0
0.0
0.0
0.0
0.0
0.0
0.0
0.0
0.0
0.0
0.0
0.0
0.0
0.0
0.0
0.0
0.0
0.0
0.0
0.0
0.0
0.0
0.0
0.0
0.0
0.0
0.0
0.0
0.0
0.0
0.0
0.0
0.0
0.0
0.0
0.0
0.0
0.0
0.0
0.0
0.0
0.0
0.0
0.0
0.0
0.0
0.0
0.0
0.0
0.0
0.0
0.0
0.0
0.0
0.0
0.0
0.0
0.0
0.0
0.0
0.0
0.0
0.0
0.0
0.0
0.0
0.0
0.0
0.0
0.0
0.0
0.0
0.0
0.0
0.0
0.0
0.0
0.0
0.0
0.0
0.0
0.0
0.0
0.0
0.0
0.0
0.0
0.0
0.0
0.0
0.0
0.0
0.0
0.0
0.0
0.0
0.0
0.0
0.0
0.0
0.0
0.0
0.0
0.0
0.0
0.0
0.0
0.0
0.0
0.0
0.0
0.0
0.0
0.0
0.0
0.0
0.0
0.0
0.0
0.0
0.0
0.0
0.0
0.0
0.0
0.0
0.0
0.0
0.0
0.0
0.0
0.0
0.0
0.0
0.0
0.0
0.0
0.0
0.0
0.0
0.0
0.0
0.0
0.0
0.0
0.0
0.0
0.0
0.0
0.0
0.0
0.0
0.0
0.0
0.0
0.0
0.0
0.0
0.0
0.0
0.0
0.0
0.0
0.0
0.0
0.0
0.0
0.0
0.0
0.0
0.0
0.0
0.0
0.0
0.0
0.0
0.0
0.0
0.0
0.0
0.0
0.0
0.0
0.0
0.0
0.0
0.0
0.0
0.0
0.0
0.0
0.0
0.0
0.0
0.0
0.0
0.0
0.0
0.0
0.0
0.0
0.0
0.0
0.0
0.0
0.0
0.0
0.0
0.0
0.0
0.0
0.0
0.0
0.0
0.0
0.0
0.0
0.0
0.0
0.0
0.0
0.0
0.0
0.0
0.0
0.0
0.0
0.0
0.0
0.0
0.0
0.0
0.0
0.0
0.0
0.0
0.0
0.0
0.0
0.0
0.0
0.0
0.0
0.0
0.0
0.0
0.0
0.0
0.0
0.0
0.0
0.0
0.0
0.0
0.0
0.0
0.0
0.0
0.0
0.0
0.0
0.0
0.0
0.0
0.0
0.0
0.0
0.0
0.0
0.0
0.0
0.0
0.0
0.0
0.0
0.0
0.0
0.0
0.0
0.0
0.0
0.0
0.0
0.0
0.0
0.0
0.0
0.0
0.0
0.0
0.0
0.0
0.0
0.0
0.0
0.0
0.0
0.0
0.0
0.0
0.0
0.0
0.0
0.0
0.0
0.0
0.0
0.0
0.0
0.0
0.0
0.0
0.0
0.0
0.0
0.0
0.0
0.0
0.0
0.0
0.0
0.0
0.0
0.0
0.0
0.0
0.0
0.0
0.0
0.0
0.0
0.0
0.0
0.0
0.0
0.0
0.0
0.0
0.0
0.0
0.0
0.0
0.0
0.0
0.0
0.0
0.0
0.0
0.0
0.0
0.0
0.0
0.0
0.0
0.0
0.0
0.0
0.0
0.0
0.0
0.0
0.0
0.0
0.0
0.0
0.0
0.0
0.0
0.0
0.0
0.0
0.0
0.0
0.0
0.0
0.0
0.0
0.0
0.0
0.0
0.0
0.0
0.0
0.0
0.0
0.0
0.0
0.0
0.0
0.0
0.0
0.0
0.0
0.0
0.0
0.0
0.0
0.0
0.0
0.0
0.0
0.0
0.0
0.0
0.0
0.0
0.0
0.0
0.0
0.0
0.0
0.0
0.0
0.0
0.0
0.0
0.0
0.0
0.0
0.0
0.0
0.0
0.0
0.0
0.0
0.0
0.0
0.0
0.0
0.0
0.0
0.0
0.0
0.0
0.0
0.0
0.0
0.0
0.0
0.0
0.0
0.0
0.0
0.0
0.0
0.0
0.0
0.0
0.0
0.0
0.0
0.0
0.0
0.0
0.0
0.0
0.0
0.0
0.0
0.0
0.0
0.0
0.0
0.0
0.0
0.0
0.0
0.0
0.0
0.0
0.0
0.0
0.0
0.0
0.0
0.0
0.0
0.0
0.0
0.0
0.0
0.0
0.0
0.0
0.0
0.0
0.0
0.0
0.0
0.0
0.0
0.0
0.0
0.0
0.0
0.0
0.0
0.0
0.0
0.0
0.0
0.0
0.0
0.0
0.0
0.0
0.0
0.0
0.0
0.0
0.0
0.0
0.0
0.0
0.0
0.0
0.0
0.0
0.0
0.0
0.0
0.0
0.0
0.0
0.0
0.0
0.0
0.0
0.0
0.0
0.0
0.0
0.0
0.0
0.0
0.0
0.0
0.0
0.0
0.0
0.0
0.0
0.0
0.0
0.0
0.0
0.0
0.0
0.0
0.0
0.0
0.0
0.0
0.0
0.0
0.0
0.0
0.0
0.0
0.0
0.0
0.0
0.0
0.0
0.0
0.0
0.0
0.0
0.0
0.0
0.0
0.0
0.0
0.0
0.0
0.0
0.0
0.0
0.0
0.0
0.0
0.0
0.0
0.0
0.0
0.0
0.0
0.0
0.0
0.0
0.0
0.0
0.0
0.0
0.0
0.0
0.0
0.0
0.0
0.0
0.0
0.0
0.0
0.0
0.0
0.0
0.0
0.0
0.0
0.0
0.0
0.0
0.0
0.0
0.0
0.0
0.0
0.0
0.0
0.0
0.0
0.0
0.0
0.0
0.0
0.0
0.0
0.0
0.0
0.0
0.0
0.0
0.0
0.0
0.0
0.0
0.0
0.0
0.0
0.0
0.0
0.0
0.0
0.0
0.0
0.0
0.0
0.0
0.0
0.0
0.0
0.0
0.0
0.0
0.0
0.0
0.0
0.0
0.0
0.0
0.0
0.0
0.0
0.0
0.0
0.0
0.0
0.0
0.0
0.0
0.0
0.0
0.0
0.0
0.0
0.0
0.0
0.0
0.0
0.0
0.0
0.0
0.0
0.0
0.0
0.0
0.0
0.0
0.0
0.0
0.0
0.0
0.0
0.0
0.0
0.0
0.0
0.0
0.0
0.0
0.0
0.0
0.0
0.0
0.0
0.0
0.0
0.0
0.0
0.0
0.0
0.0
0.0
0.0
0.0
0.0
0.0
0.0
0.0
0.0
0.0
0.0
0.0
0.0
0.0
0.0
0.0
0.0
0.0
0.0
0.0
0.0
0.0
0.0
0.0
0.0
0.0
0.0
0.0
0.0
0.0
0.0
0.0
0.0
0.0
0.0
0.0
0.0
0.0
0.0
0.0
0.0
0.0
0.0
0.0
0.0
0.0
0.0
0.0
0.0
0.0
0.0
0.0
0.0
0.0
0.0
0.0
0.0
0.0
0.0
0.0
0.0
0.0
0.0
0.0
0.0
0.0
0.0
0.0
0.0
0.0
0.0
0.0
0.0
0.0
0.0
0.0
0.0
0.0
0.0
0.0
0.0
0.0
0.0
0.0
0.0
0.0
0.0
0.0
0.0
0.0
0.0
0.0
0.0
0.0
0.0
0.0
0.0
0.0
0.0
0.0
0.0
0.0
0.0
0.0
0.0
0.0
0.0
0.0
0.0
0.0
0.0
0.0
0.0
0.0
0.0
0.0
0.0
0.0
0.0
0.0
0.0
0.0
0.0
0.0
0.0
0.0
0.0
0.0
0.0
0.0
0.0
0.0
0.0
0.0
0.0
0.0
0.0
0.0
0.0
0.0
0.0
0.0
0.0
0.0
0.0
0.0
0.0
0.0
0.0
0.0
0.0
0.0
0.0
0.0
0.0
0.0
0.0
0.0
0.0
0.0
0.0
0.0
0.0
0.0
0.0
0.0
0.0
0.0
0.0
0.0
0.0
0.0
0.0
0.0
0.0
0.0
0.0
0.0
0.0
0.0
0.0
0.0
0.0
0.0
0.0
0.0
0.0
0.0
0.0
0.0
0.0
0.0
0.0
0.0
0.0
0.0
0.0
0.0
0.0
0.0
0.0
0.0
0.0
0.0
0.0
0.0
0.0
0.0
0.0
0.0
0.0
0.0
0.0
0.0
0.0
0.0
0.0
0.0
0.0
0.0
0.0
0.0
0.0
0.0
0.0
0.0
0.0
0.0
0.0
0.0
0.0
0.0
0.0
0.0
0.0
0.0
0.0
0.0
0.0
0.0
0.0
0.0
0.0
0.0
0.0
0.0
0.0
0.0
0.0
0.0
0.0
0.0
0.0
0.0
0.0
0.0
0.0
0.0
0.0
0.0
0.0
0.0
0.0
0.0
0.0
0.0
0.0
0.0
0.0
0.0
0.0
0.0
0.0
0.0
0.0
0.0
0.0
0.0
0.0
0.0
0.0
0.0
0.0
0.0
0.0
0.0
0.0
0.0
0.0
0.0
0.0
0.0
0.0
0.0
0.0
0.0
0.0
0.0
0.0
0.0
0.0
0.0
0.0
0.0
0.0
0.0
0.0
0.0
0.0
0.0
0.0
0.0
0.0
0.0
0.0
0.0
0.0
0.0
0.0
0.0
0.0
0.0
0.0
0.0
0.0
0.0
0.0
0.0
0.0
0.0
0.0
0.0
0.0
0.0
0.0
0.0
0.0
0.0
0.0
0.0
0.0
0.0
0.0
0.0
0.0
0.0
0.0
0.0
0.0
0.0
0.0
0.0
0.0
0.0
0.0
0.0
0.0
0.0
0.0
0.0
0.0
0.0
0.0
0.0
0.0
0.0
0.0
0.0
0.0
0.0
0.0
0.0
0.0
0.0
0.0
0.0
0.0
0.0
0.0
0.0
0.0
0.0
0.0
0.0
0.0
0.0
0.0
0.0
0.0
0.0
0.0
0.0
0.0
0.0
0.0
0.0
0.0
0.0
0.0
0.0
0.0
0.0
0.0
0.0
0.0
0.0
0.0
0.0
0.0
0.0
0.0
0.0
0.0
0.0
0.0
0.0
0.0
0.0
0.0
0.0
0.0
0.0
0.0
0.0
0.0
0.0
0.0
0.0
0.0
0.0
0.0
0.0
0.0
0.0
0.0
0.0
0.0
0.0
0.0
0.0
0.0
0.0
0.0
0.0
0.0
0.0
0.0
0.0
0.0
0.0
0.0
0.0
0.0
0.0
0.0
0.0
0.0
0.0
0.0
0.0
0.0
0.0
0.0
0.0
0.0
0.0
0.0
0.0
0.0
0.0
0.0
0.0
0.0
0.0
0.0
0.0
0.0
0.0
0.0
0.0
0.0
0.0
0.0
0.0
0.0
0.0
0.0
0.0
0.0
0.0
0.0
0.0
0.0
0.0
0.0
0.0
0.0
0.0
0.0
0.0
0.0
0.0
0.0
0.0
0.0
0.0
0.0
0.0
0.0
0.0
0.0
0.0
0.0
0.0
0.0
0.0
0.0
0.0
0.0
0.0
0.0
0.0
0.0
0.0
0.0
0.0
0.0
0.0
0.0
0.0
0.0
0.0
0.0
0.0
0.0
0.0
0.0
0.0
0.0
0.0
0.0
0.0
0.0
0.0
0.0
0.0
0.0
0.0
0.0
0.0
0.0
0.0
0.0
0.0
0.0
0.0
0.0
0.0
0.0
0.0
0.0
0.0
0.0
0.0
0.0
0.0
0.0
0.0
0.0
0.0
0.0
0.0
0.0
0.0
0.0
0.0
0.0
0.0
0.0
0.0
0.0
0.0
0.0
0.0
0.0
0.0
0.0
0.0
0.0
0.0
0.0
0.0
0.0
0.0
0.0
0.0
0.0
0.0
0.0
0.0
0.0
0.0
0.0
0.0
0.0
0.0
0.0
0.0
0.0
0.0
0.0
0.0
0.0
0.0
0.0
0.0
0.0
0.0
0.0
0.0
0.0
0.0
0.0
0.0
0.0
0.0
0.0
0.0
0.0
0.0
0.0
0.0
0.0
0.0
0.0
0.0
0.0
0.0
0.0
0.0
0.0
0.0
0.0
0.0
0.0
0.0
0.0
0.0
0.0
0.0
0.0
0.0
0.0
0.0
0.0
0.0
0.0
0.0
0.0
0.0
0.0
0.0
0.0
0.0
0.0
0.0
0.0
0.0
0.0
0.0
0.0
0.0
0.0
0.0
0.0
0.0
0.0
0.0
0.0
0.0
0.0
0.0
0.0
0.0
0.0
0.0
0.0
0.0
0.0
0.0
0.0
0.0
0.0
0.0
0.0
0.0
0.0
0.0
0.0
0.0
0.0
0.0
0.0
0.0
0.0
0.0
0.0
0.0
0.0
0.0
0.0
0.0
0.0
0.0
0.0
0.0
0.0
0.0
0.0
0.0
0.0
0.0
0.0
0.0
0.0
0.0
0.0
0.0
0.0
0.0
0.0
0.0
0.0
0.0
0.0
0.0
0.0
0.0
0.0
0.0
0.0
0.0
0.0
0.0
0.0
0.0
0.0
0.0
0.0
0.0
0.0
0.0
0.0
0.0
0.0
0.0
0.0
0.0
0.0
0.0
0.0
0.0
0.0
0.0
0.0
0.0
0.0
0.0
0.0
0.0
0.0
0.0
0.0
0.0
0.0
0.0
0.0
0.0
0.0
0.0
0.0
0.0
0.0
0.0
0.0
0.0
0.0
0.0
0.0
0.0
0.0
0.0
0.0
0.0
0.0
0.0
0.0
0.0
0.0
0.0
0.0
0.0
0.0
0.0
0.0
0.0
0.0
0.0
0.0
0.0
0.0
0.0
0.0
0.0
0.0
0.0
0.0
0.0
0.0
0.0
0.0
0.0
0.0
0.0
0.0
0.0
0.0
0.0
0.0
0.0
0.0
0.0
0.0
0.0
0.0
0.0
0.0
0.0
0.0
0.0
0.0
0.0
0.0
0.0
0.0
0.0
0.0
0.0
0.0
0.0
0.0
0.0
0.0
0.0
0.0
0.0
0.0
0.0
0.0
0.0
0.0
0.0
0.0
0.0
0.0
0.0
0.0
0.0
0.0
0.0
0.0
0.0
0.0
0.0
0.0
0.0
0.0
0.0
0.0
0.0
0.0
0.0
0.0
0.0
0.0
0.0
0.0
0.0
0.0
0.0
0.0
0.0
0.0
0.0
0.0
0.0
0.0
0.0
0.0
0.0
0.0
0.0
0.0
0.0
0.0
0.0
0.0
0.0
0.0
0.0
0.0
0.0
0.0
0.0
0.0
0.0
0.0
0.0
0.0
0.0
0.0
0.0
0.0
0.0
0.0
0.0
0.0
0.0
0.0
0.0
0.0
0.0
0.0
0.0
0.0
0.0
0.0
0.0
0.0
0.0
0.0
0.0
0.0
0.0
0.0
0.0
0.0
0.0
0.0
0.0
0.0
0.0
0.0
0.0
0.0
0.0
0.0
0.0
0.0
0.0
0.0
0.0
0.0
0.0
0.0
0.0
0.0
0.0
0.0
0.0
0.0
0.0
0.0
0.0
0.0
0.0
0.0
0.0
0.0
0.0
0.0
0.0
0.0
0.0
0.0
0.0
0.0
0.0
0.0
0.0
0.0
0.0
0.0
0.0
0.0
0.0
0.0
0.0
0.0
0.0
0.0
0.0
0.0
0.0
0.0
0.0
0.0
0.0
0.0
0.0
0.0
0.0
0.0
0.0
0.0
0.0
0.0
0.0
0.0
0.0
0.0
0.0
0.0
0.0
0.0
0.0
0.0
0.0
0.0
0.0
0.0
0.0
0.0
0.0
0.0
0.0
0.0
0.0
0.0
0.0
0.0
0.0
0.0
0.0
0.0
0.0
0.0
0.0
0.0
0.0
0.0
0.0
0.0
0.0
0.0
0.0
0.0
0.0
0.0
0.0
0.0
0.0
0.0
0.0
0.0
0.0
0.0
0.0
0.0
0.0
0.0
0.0
0.0
0.0
0.0
0.0
0.0
0.0
0.0
0.0
0.0
0.0
0.0
0.0
0.0
0.0
0.0
0.0
0.0
0.0
0.0
0.0
0.0
0.0
0.0
0.0
0.0
0.0
0.0
0.0
0.0
0.0
0.0
0.0
0.0
0.0
0.0
0.0
0.0
0.0
0.0
0.0
0.0
0.0
0.0
0.0
0.0
0.0
0.0
0.0
0.0
0.0
0.0
0.0
0.0
0.0
0.0
0.0
0.0
0.0
0.0
0.0
0.0
0.0
0.0
0.0
0.0
0.0
0.0
0.0
0.0
0.0
0.0
0.0
0.0
0.0
0.0
0.0
0.0
0.0
0.0
0.0
0.0
0.0
0.0
0.0
0.0
0.0
0.0
0.0
0.0
0.0
0.0
0.0
0.0
0.0
0.0
0.0
0.0
0.0
0.0
0.0
0.0
0.0
0.0
0.0
0.0
0.0
0.0
0.0
0.0
0.0
0.0
0.0
0.0
0.0
0.0
0.0
0.0
0.0
0.0
0.0
0.0
0.0
0.0
0.0
0.0
0.0
0.0
0.0
0.0
0.0
0.0
0.0
0.0
0.0
0.0
0.0
0.0
0.0
0.0
0.0
0.0
0.0
0.0
0.0
0.0
0.0
0.0
0.0
0.0
0.0
0.0
0.0
0.0
0.0
0.0
0.0
0.0
0.0
0.0
0.0
0.0
0.0
0.0
0.0
0.0
0.0
0.0
0.0
0.0
0.0
0.0
0.0
0.0
0.0
0.0
0.0
0.0
0.0
0.0
0.0
0.0
0.0
0.0
0.0
0.0
0.0
0.0
0.0
0.0
0.0
0.0
0.0
0.0
0.0
0.0
0.0
0.0
0.0
0.0
0.0
0.0
0.0
0.0
0.0
0.0
0.0
0.0
0.0
0.0
0.0
0.0
0.0
0.0
0.0
0.0
0.0
0.0
0.0
0.0
0.0
0.0
0.0
0.0
0.0
0.0
0.0
0.0
0.0
0.0
0.0
0.0
0.0
0.0
0.0
0.0
0.0
0.0
0.0
0.0
0.0
0.0
0.0
0.0
0.0
0.0
0.0
0.0
0.0
0.0
0.0
0.0
0.0
0.0
0.0
0.0
0.0
0.0
0.0
0.0
0.0
0.0
0.0
0.0
0.0
0.0
0.0
0.0
0.0
0.0
0.0
0.0
0.0
0.0
0.0
0.0
0.0
0.0
0.0
0.0
0.0
0.0
0.0
0.0
0.0
0.0
0.0
0.0
0.0
0.0
0.0
0.0
0.0
0.0
0.0
0.0
0.0
0.0
0.0
0.0
0.0
