-0.038517191079
-1.43812855998
0.0
0.0
0.0
-0.0121147980764
-0.44819749283
0.0
-0.113399995049
0.0
-0.0682413151853
-0.508473426529
-0.253002765401
-0.689004794766
0.0
0.122761700719
0.0823526097014
-0.590105479142
-0.0605009935576
-0.0894495788193
0.0857141296828
0.0
0.0
0.0
0.0
-0.224245099278
-0.196606331279
-0.242832693182
0.0
0.0
-0.0141210896255
0.0816750112678
0.0
0.11732986748
-0.37800753102
-0.188964224788
0.0
0.0507043241081
-0.413561640237
0.0
-0.00535628260225
-0.21948803326
-0.724745362406
0.0
-0.0894202623857
-0.0249527889289
0.0
0.0
0.188614198948
0.0
-0.210816649816
-0.0405589857318
-0.182995819049
-1.26487323856
-0.0785998309238
-0.0913856602302
-0.113316989752
-0.110483847858
0.0
0.0
0.0
-0.0651648898051
-0.459384091667
0.0
0.0
-0.0929806099624
-0.0884109701983
0.0
-1.11428158366
-0.0503771482988
-0.00767729997176
0.0
-0.0800473441404
-0.000720499806909
-0.102244399584
0.536691017846
0.0
-0.106246244683
0.0
-0.404381843357
-0.103199980229
0.00526668508714
0.606989033799
0.0
0.0
0.0
0.0
0.0
0.0
-0.000772910849446
0.0
0.0
0.323605395472
-0.0512380775305
0.0
-0.714791241564
0.0
0.0
0.0
0.386301259578
0.0114650774355
-0.922760363022
-0.0867427499673
0.0
-0.884086075057
0.668277540027
0.0
0.0
0.06773637453
0.0
0.293835214567
0.152001204696
0.0
0.0
0.0
-0.163003545144
0.0
0.282056160841
0.0
0.0
0.0
0.0
-0.291646222586
0.0
0.0
0.0
0.0
0.0
0.0
1.17111679879
-0.110815816841
-0.577525728688
-0.371298858361
0.0
0.0
0.0
0.0
0.0
-0.402873182157
0.0
0.0
0.0
0.084248964917
0.0
0.0
0.0
0.0
0.0
0.283530946333
0.0
0.0
0.102360155468
0.0
0.0315453162724
0.225093643892
0.111414263198
0.616937111062
0.0
0.323880665255
0.323880665255
0.0
-0.559346244523
-0.0945217053358
-0.324312522983
0.0
0.0
-0.0608227982661
0.236063305852
0.139448385309
0.0
-1.35073916522
0.0
0.0
-0.191754948814
0.0
0.0
0.0
0.0
0.0
0.768019984716
-0.372425533138
-0.967608208681
-0.091634895277
0.323173550753
0.0
-0.013175880457
0.0
-0.0729115556465
-0.3277907347
0.0
-1.13593328002
0.0
-0.317373498516
-0.304909342522
0.0
0.0
0.0
0.0
0.0
0.0
-0.463009700306
0.0
-1.21265420236
-0.0510036612487
0.0
0.827065415641
0.0
-0.0486111372285
0.0
0.0
0.0
0.0
-0.395061559776
0.0
0.747786823386
-0.0140764446947
0.0
-1.11780613376
-0.0534319382445
0.0
-0.545718451218
0.0
-0.00364254980459
-0.00153959236364
0.0
0.0
0.0
0.0
1.15651105488
-0.762883719461
-0.272992066849
0.0
0.0
0.0
-0.551116299339
-0.853948946755
-0.0283915660215
-0.713934968951
0.0
0.0
-0.0266481555881
-0.740779661886
-0.48272911416
0.0
-0.456218202168
0.0
0.82764206309
0.577938564116
-0.981438652007
0.0646193253619
-0.0712735958106
-0.0297389805855
0.0
0.0
-0.0665282198372
0.0
0.0
0.0
0.0
0.0
0.0
0.0
0.691099179516
-0.784544298592
-0.251853673573
0.0
0.675037121729
0.0
-0.0583765792022
-0.151346915661
-0.0067169616272
0.358713356421
-0.284538553887
-0.0662138024897
0.296129159348
-0.0154555034812
0.0
0.0
0.218785032358
0.0
-0.721483932606
0.0
-0.284708561327
0.0
-0.0404224199858
0.0
-0.0729115556465
0.0
0.0
0.0
0.227421912897
-0.730364010908
0.923765025489
0.581639085813
0.0
0.0
0.0
0.0
0.0118683125644
0.0
0.0
-0.287163484058
-0.0618388588072
0.0
-0.935003609905
-0.0458739526168
0.0
-0.931396796942
0.0
0.053295086097
0.0
-0.190498600649
0.0
-0.378612697643
0.0
-0.237830605089
-0.150399663897
-0.541898441246
0.0
0.0
0.0
1.2529315367
-0.0877087097973
0.718418761295
0.434036379586
0.0
0.0
0.0
0.0
0.0
0.0
0.0
-0.212735771361
-0.861807808691
0.0
-0.795104998342
-0.00117512490287
0.0
0.360770696394
0.0
0.0
0.20282694185
-0.856658308523
0.0
-0.264872520815
0.0
-0.498902677718
-0.524939754937
-0.0755620635294
-0.0012094051969
0.0
0.955516400223
0.514555601058
0.157121877346
-0.157904825867
-0.00140669352738
0.112286064705
0.14356699437
0.0
0.0
-0.48918455147
-0.0742554003079
-0.576930220284
-0.140416101299
-0.278638671611
0.274748876925
0.0
0.238149846983
0.0
-0.826882015244
0.0
0.0
-0.175783027781
0.0
0.0
0.0
0.0
-0.177164408608
0.0
0.0
0.0
1.17665634078
-0.691104925656
0.0937406410366
0.0726575644088
0.0
0.0
0.0
0.0
-0.26484945729
0.0
0.0
-0.377758445898
0.0
0.0
-0.647133802421
-0.0100060621136
0.0
-0.110236604569
0.112286064705
0.0
-0.174061685305
0.0
0.0
0.435359422376
-0.0342303247713
0.0
0.0
0.206261422633
-0.169804175625
0.0
-0.645504756749
0.0
0.0
-1.03182442434
0.0767090270252
0.0
0.0
-0.453154349614
0.0
0.0
0.0
0.0
0.0
1.47522421458
-0.17917203402
0.0
0.0
0.0
0.0501646279443
0.0
0.0
-0.025116664322
-0.70136259967
0.02373479435
0.0
0.480520440781
-0.232685465876
-1.1891580808
-0.368787428933
0.215063838012
-0.153769928654
0.250533386477
-0.0495178842284
-0.353661738071
-0.331111584158
-0.163848038564
0.0
0.200728099624
-0.262070761414
-0.266091883502
0.451452251977
-0.379112229102
0.0
-0.306652723146
0.102664479287
0.31929482074
0.10522963987
0.0339739225629
0.205821489907
-0.474068054355
0.360790322812
-0.246017063352
1.48335914731
0.0
0.16325425199
0.405044641974
0.122582679326
0.597907990171
0.0849195770815
0.335467851784
0.30853248755
1.28862062173
-0.571567994449
0.569173600426
0.914390192284
0.101425096873
0.0461425707102
-1.35091581855
-0.0245088827399
0.22531724196
1.06027384874
1.27015915182
0.0687523382431
0.180944011037
0.994789380358
-1.3187325568
0.0
-0.221962807194
0.364694393543
0.712119467003
1.99558777656
-0.434229350606
-0.456334290088
0.627750281578
1.27520290374
0.0535782187753
0.373232266448
-0.17597589479
-0.614948482216
0.44322211203
-0.889004881
-2.03516039993
-0.469131741748
0.86552822728
0.654893054931
-0.226304029311
0.153647287741
1.80049755195
-0.563624385474
0.0
0.0
0.0
0.0
-0.0690787620696
0.0
0.0
0.0
-0.0319217385464
0.0
-0.0110761175422
0.0
0.0
0.0
0.0
0.0
0.0
0.108337974449
0.506854241084
0.0473032812384
0.264830423673
-0.0801431801068
0.466727189979
1.56887033791
-0.134451985341
1.02490400328
1.18969563331
2.44516352466
0.609823434793
1.03160506633
0.113609752777
0.0
-0.0058788042715
0.0
0.0
0.224592015748
1.61266998534
-0.443196667387
0.508756931162
-1.41941564012
-0.270033698071
-1.85138941651
0.0
0.0
0.791957393408
0.0
0.0
0.0
0.0
0.0
0.0
0.0
0.0
0.0
0.0
0.0
0.0
0.0
0.0
0.0
0.0
0.0
0.0
0.0
0.0
0.0
0.0
0.0
0.0
0.0
0.0
0.0
0.0
0.0
0.0
0.0
0.0
0.0
0.0
-1.74800671479
1.78374382444
-0.66914286631
-0.749036767654
0.84464493188
0.0
0.570201389712
-0.235134664404
0.819773624985
-0.814311694879
0.0
0.079400949291
-0.992608644126
0.270686921072
-0.425062446462
-0.073908074727
0.0393749977123
-0.295805076628
0.178690908908
0.0435834831268
0.432324317958
0.927573231446
0.0
0.0
0.0
0.0
1.77131079731
-0.811731233705
-0.432287675229
-0.0126301828263
-0.00439880460162
-0.567351177672
0.0
0.0384536665916
0.0
-0.398638416642
-0.37408495087
-0.24317861134
0.23666410627
0.202032938008
0.0
-0.0912793549603
0.0
0.0
-0.382872236584
0.0870207381785
0.0
0.0
1.03606325696
1.03868524235
0.034093927225
-0.00120232225854
0.0
0.0
0.0
0.292203801327
0.012313979628
0.0
0.0516380171965
-0.0525291565119
-0.617504072099
-0.41983260549
-0.731012362431
0.514990240807
0.579729946861
0.0
-0.0276981722452
0.0
1.03606074017
0.00672275669179
-0.606021718907
-0.198711913535
-0.0138022262239
0.0
-0.047239455135
-0.266232210775
0.0
-0.266183999332
0.0
-0.231657329152
0.0
0.0
-0.482557003842
0.00395597123924
0.0
-0.562364722534
0.0
0.0
0.0
-0.374812737417
0.0
0.569531439616
-0.109393272486
-0.0406693944145
-0.239194815578
0.0
-0.406316562388
-0.00241618518319
0.0
-0.847147647558
-0.103155256866
0.0
-0.39826254231
-0.306069886682
-0.954314400055
0.0
0.0
0.0
0.0
-0.68808852821
0.0
0.0
-0.0141919873316
0.0
0.0
0.161201985587
-1.16433696235
-0.272746604861
0.617638537248
-0.0316109805023
0.0
0.0
0.0
0.0
0.0
0.0
0.0
0.0
0.0
0.0
0.0531725498403
0.0726487440513
0.0
-0.0614527697989
0.0
-0.210351440209
0.0
-0.357812949958
-0.16810680458
-0.584058102729
-0.274712794241
-0.0125182294169
0.0
-0.386770311266
0.0
0.0
-0.173103708882
0.0
-0.346854124203
0.0
0.0
0.0
-0.301995788591
-0.0923264911458
-0.41999660382
-0.000772910849446
0.0
-0.314238385297
-0.0898043135094
0.134362099906
-0.735795354253
0.0
0.0
-0.603038783994
-0.100248941606
-1.64603230944
0.293511287206
0.0
0.0
0.0
0.0
0.498427278896
-0.653880959476
0.0
0.0293428522312
-0.0607645375283
0.472203560501
0.0
0.00299323624565
-0.0122222817978
0.0
-0.503142783325
0.0
0.558831855171
-0.10673918289
0.255636222579
0.0
1.26683649113
-0.0811986080338
0.369329424433
-0.211368643587
0.0497167025113
0.0
-0.173044519179
0.432346473969
0.427488313392
0.188311800403
0.0
0.0
-0.744984678398
0.0
0.119300598633
0.0
0.0
1.0582135134
-0.516673366839
-0.516875780156
0.0
0.106936611853
0.0
-0.452835859007
-0.0208288394403
0.0
0.00716095639107
0.0
0.0
0.039209573417
0.140329825402
-0.629197086454
0.0
0.0
-0.0333408262854
-0.0918056628851
-0.250777878751
0.0
0.0
0.0
-0.0463073772365
0.0816682055369
0.0
0.0
0.0
0.0
0.0
0.0
-0.238035398702
-1.45611975775
-0.0382180639498
-0.217324334491
-0.128467229376
0.0
0.0
-0.130070528446
0.0
-0.743384314025
-1.08226346017
0.0
-0.96941502112
-0.259349006843
-0.713385697077
-0.419386227106
-0.466169134105
0.0
-0.368626693934
-0.303779074114
-0.298860428602
-1.10206980961
-0.576322092187
-0.226977897251
-0.372784003137
-0.21110795038
-0.389822390883
-0.27677148414
-0.145823111293
0.824771645405
-0.511120844989
-0.617183543226
0.61178591148
-0.376707800716
-0.184337725154
-0.0801988740747
-0.346529761074
0.0429243119877
0.0
-0.96484799534
-0.51429004942
-0.298365708405
0.0
0.129637621384
-0.155097100592
0.0
0.0
0.0
0.0
0.129064740658
0.102949029143
-0.0159948124163
-0.72128703605
-0.290979574025
-0.341409137115
-0.0230384991326
-0.565977584279
-0.0153549145357
0.0
-0.220391379172
0.0
0.276750895624
-0.0483774434833
-0.463092420342
0.0
-0.542127674177
0.0
-0.103788306372
0.0
0.0471210907189
0.0
-0.186775623204
-0.20717716941
-0.026065918444
-0.202027098745
0.0
0.329121873814
-0.414348975335
-0.235328494444
0.111272814934
-0.585616565716
-0.0606120238158
0.0
-0.0567240903752
0.0
-0.0216628579258
0.0
0.0
-0.168569394317
-0.456175339713
0.118700754985
-0.209421983718
-0.0360851215582
0.0
0.0
0.595485695191
0.649404146903
-0.421796099627
0.134277178495
-0.0237022653158
-0.0832168880419
-0.328477434426
-0.261092318238
0.0524267348427
-0.550816585143
-0.0187860905901
-0.0165695245656
0.0
0.000345222797602
-0.409711872416
0.0
-0.202879941132
0.0
0.0
0.0
-0.0280923212368
-0.171779057856
0.0
-0.0208568269182
0.0
-0.0554811376399
-0.374826007838
0.0795632065614
0.0
0.0
0.0
0.498146369306
-0.0257076538839
-0.02351725152
0.208733113844
-0.0893599456587
0.0
0.0207577540328
-0.32699956983
0.0
0.0
0.0768602207763
0.254821327735
0.0
0.279121482554
-0.25989660553
0.0
0.0
-0.078559841917
-0.131243295044
-0.165362949712
0.560861396592
-0.267952593006
-0.323223764059
0.110258259934
0.0
0.0
-0.337562378088
-0.392865564468
-0.21400511235
-0.187232229289
-0.126516403863
0.0
0.0
0.0
0.0
0.0
0.0
0.0
0.0
-0.488616957584
0.495467874176
-0.278987434215
0.0
-0.0586255090187
0.0
0.0
0.0
0.0
-0.0467979400774
-0.299075088829
0.0
-0.602304294173
-0.101732727884
-0.358990894711
0.0
-0.100372993836
-0.188432886587
-0.0878613449092
0.0
0.0
0.0
0.0
0.528384646028
-0.742658278967
0.0842649840529
0.0
-0.619686161322
0.0
-0.156958008075
0.0
-0.197849714106
0.267063745374
0.0
-0.335093571557
-0.304574324809
-0.0961926736764
-0.226813636672
-0.194009208328
0.157328631476
0.0
0.0
0.0
0.23528030396
-0.194143134731
0.250064077812
0.0
-0.0447523578494
0.0
0.0
-0.159367167924
-0.662386137111
0.197461610234
-0.083040546684
0.0
0.0
0.418714409352
-0.421959074105
-0.185405876461
-0.515505182611
-0.201196139059
-0.0652742958409
-0.155724397246
0.0
-0.823442335983
0.0
0.444134310018
0.113149287237
0.12617412818
0.200868332712
-0.437876517453
-0.446800055792
-0.625115806667
-0.107487525733
0.0
0.184471582748
-0.425625393905
-0.124775515868
0.0
0.524106392367
0.0
-0.685966172107
0.0
0.245179198751
-0.0587696099839
0.124918645704
-0.346790424991
0.0
0.0
-0.0295567416166
-0.00672035132956
-0.0276372276481
-0.21326510251
-0.143897606457
-0.546156602845
0.0
-0.252030542021
0.0
-0.129670358628
-0.284601378828
-0.0562726377898
-0.246238214272
0.23676611782
0.0
0.0
-0.516748508485
0.0
-0.0809512999514
0.0
0.628453958232
-0.202851677998
-0.26962764339
0.0
0.0
0.0
-0.132875450737
0.243754288123
0.0
0.0
0.0
0.554934640325
-0.405198763203
0.0
-0.286757770544
-0.0477224913208
-0.0349971552227
-0.0265546281165
0.189249262141
0.0
0.0
-0.332746298666
-0.210015358871
0.0
-0.687379810187
-1.08773038888
0.109720679924
0.0
0.324620108201
0.178422075193
0.218750717236
0.0
0.15746364288
-0.900687257128
-0.0974159726058
0.0
-0.0638158691701
-0.222795102123
-0.142067335497
-0.00991954961238
-0.123046577115
-0.0262160274841
0.0
0.0
-0.00108224253255
0.0431507121242
0.0
0.0
0.0
0.0
0.0
0.0
0.0
0.0
-0.0988175409749
-0.344926209925
-0.0398707519996
0.998617334965
0.367719852624
0.0
0.0
0.0
0.0
0.0
-0.256417128705
-0.0209018605542
0.236867325232
-0.339613309409
0.566165344912
-0.308093252647
-0.0530723002796
0.289997898457
-0.0729115556465
0.0
0.0
0.724239223074
-0.508199272542
-0.765561686098
0.0
0.0
-0.045804074297
0.0540999017871
-0.0636758820689
-0.156071639945
0.0543903755746
-0.248231356075
-0.252811916367
0.0
0.0
0.201110780761
-0.809175414841
-0.387849193653
0.0
-0.124319644709
-0.214512892418
-0.664768892943
-0.0382335353982
-0.147787122813
0.0
0.222683468416
-0.0800806642499
-0.0110807266353
0.0
0.0
-0.0937094299669
0.0
-0.104426905186
-0.162862255461
0.0912636877081
0.0
0.0
1.57066461871
-0.251524921778
0.0
-0.0736585159558
0.0152401626672
0.0
-0.198987078096
0.0
-0.0477468194327
-0.193794818622
-0.607699833094
-0.0690072507784
0.0
-0.154204987185
0.0
0.0
0.0408916960904
-0.618087718411
-0.171728452286
0.0
0.0
-0.41066261538
-0.0522338564285
0.0
0.104581451935
0.248784862609
0.0
-0.0669815960988
0.0
0.0
-0.406731293471
0.0
0.0
1.22392010818
-0.0824528001028
0.0808853761935
-0.196413310073
-0.0468967046658
0.0
1.22062774704
0.327241105368
0.0
0.145907336519
0.411163482929
-0.1679889276
-0.113832222614
0.128019830413
-0.0415518218116
0.575928556206
0.0
0.405646097658
0.228549648505
0.0
0.4627553539
0.602369573582
0.0678174204109
0.0
0.0514292019361
-0.088213492741
0.126296856272
0.0
0.695709269695
0.0533446447734
0.00974511841465
0.0
0.49023318091
0.453096220212
0.0445436405288
0.0
0.0
-0.0210304786743
0.0
-0.0637381278896
0.0
-0.00307217201261
-0.00132408157523
-0.119827842038
-0.0224720628515
-0.044448121721
-0.0729115556465
-0.0690715762733
0.0
0.0961820630209
-0.328303203767
0.0
0.0
0.0
0.0
0.0
0.0
0.0
0.0
0.268575062881
0.164814830978
0.32723780823
0.0274545903508
0.0
0.0
0.0
0.0
-0.127709222099
-0.0088893782656
-0.0814251580354
-0.119945212429
0.0
-0.071041998008
-0.102412429778
-0.117505454607
0.0
0.209701439767
-0.421149668538
-0.0384886968886
0.0
-0.123943786617
-0.237664783011
-0.484959917864
-0.260354940889
-0.015461327713
0.0
0.251528664241
-0.100541158882
0.0111036004533
0.190985046859
-0.0423755796774
0.0
0.0
0.318793964304
-0.654766246492
0.0
-0.389677731124
-0.343756008582
0.0
-0.016628341682
0.0
0.0
0.508034778351
0.100877488201
0.0
-0.0180294285521
0.0
-0.257786515804
-0.16840937097
-0.0652824264969
0.229939784477
-0.356054067287
-0.202095355217
-0.0198351046739
0.0
0.530100728485
-0.737570908615
0.15360200209
0.0
0.0
-0.0522967391015
0.0
-0.0295237492016
0.0
-0.400485234813
-0.00378100355563
-0.021424891386
0.302237996893
-0.00342974148524
0.0
1.01200220095
-0.117934597091
-0.082799590745
0.48976278139
-0.0188011959331
-0.329742859566
-0.0195028943973
0.0
1.1063225402
-0.590603418801
-0.068928091403
0.549224819286
-0.908742217451
-0.0370035338561
0.0
0.0
0.0
0.0958314000609
-0.032205270374
-0.220874402762
-0.0367832585552
0.0
1.0108140644
0.349027552214
0.301484957309
-0.0941978616828
0.0
0.121374806816
-0.0280341221102
0.0
-0.371620860258
0.169443549688
0.237848427541
0.140824563615
0.0
1.79224972656
-0.446919327274
0.0
0.340285787551
-0.325372040098
0.0605324459271
0.0
-0.124888450473
0.0
-0.00654512092978
-0.00193429403659
0.0
0.0
-0.0759506266812
0.0961820630209
0.0
0.0
0.0
0.0
0.0
0.0
0.135055234295
-0.942838220679
0.551065207788
0.0
0.0
0.0
0.0600649173059
0.0
-0.0427877309904
0.0
0.0
0.0
-0.0519180181706
-0.0245811819379
0.0286899307297
0.0
1.82074204199
-0.263715382322
-0.0424021273267
0.0
-0.282508217315
-0.0369650272814
-0.134038188179
0.0
0.552105061677
-1.25811874482
-0.553543518504
0.0
-0.0792683465146
-0.290682667516
-0.323465221156
-0.158744238106
-0.0868466767841
-0.061141124356
0.646552120589
0.0
0.200017615319
-0.381574942497
-0.110699870897
-0.125652352533
-0.0336875658273
-0.0656771110996
0.0
1.50301331964
0.0943827796588
0.0
-0.226697227518
-0.191703577955
-0.0972998994841
-0.0485067726132
-0.209125104005
0.0
0.869373785026
-0.25313080611
-0.384829954069
-0.014576703356
0.509027429789
0.0
0.155281834175
-0.0364161893594
-0.0321099809631
0.0
0.0
-0.435378004025
-0.234733537983
0.0
0.0
0.0
-0.00983876991515
0.708976867215
0.302284772371
-0.00234750791104
0.268606983472
0.488031391384
-0.211496410773
-0.00324093116308
0.0
0.069776274935
0.0
-0.0690534715815
-0.487051761483
0.0
-0.0645354114278
0.39360778542
-0.228264700018
-0.350709205377
-0.0431669796493
-0.379079439204
-0.073886250383
-0.977347049055
-0.808870022185
-0.0145552941246
-0.0577417511502
0.174214257878
-0.681188567222
-0.0959825995159
-0.0827574338214
-0.115019365418
-0.0850163489897
-0.0418563488425
0.0
-0.0378030336976
0.0
0.0
-0.00281209520321
-0.0350827680597
0.0
0.0
0.0
0.0
-0.9162419823
-0.00394308642629
-0.480991404954
0.0
-0.0105262984949
0.0
-0.389871397071
-0.286796429333
0.0125891818692
-0.277506251215
0.0
-0.0596932315114
-0.574290544501
-0.0336875658273
0.0
0.85559200568
-0.444371793759
0.0
-0.156860477173
0.393110404661
-0.0764085452392
-0.368943834497
-0.0404993193855
-0.292357097688
-0.302078721592
0.0
0.0
0.0
0.0
0.276943898878
-0.587088604011
0.0
0.0
-0.18891511481
0.194341563402
-0.0109667051588
0.313311049025
0.0
0.222842715626
-0.577799709348
-0.141817408277
-0.238697744209
0.419213118747
-0.0719946597086
0.0
-0.0010711919532
-0.01394798246
-0.0955010212206
0.0
0.0
0.203220754919
-0.190634179248
-0.0367388861967
0.0
-0.508383102198
-0.0223030129783
-0.118284782467
0.0
-0.036354799554
0.0
0.564928106317
-0.455089182591
-0.231690151285
0.0
-0.121396227563
-0.0919764245095
-0.201663433907
0.0
-0.149558337606
0.0
-0.630749432549
-0.455147046583
0.0
0.0
-0.0322056564018
-0.155591065144
0.0
-0.791065287047
-0.226952560807
-0.553177616237
-0.292108126727
-0.195555756458
0.0
-0.224448746203
0.0
0.0
-0.279279052066
0.0246339709993
-0.036887644632
-0.0856548668766
0.0
-0.000720499806909
-0.0493765123324
0.0
-0.276526467325
-0.0628199612735
0.0
0.0385731385522
-0.308537651533
0.117379583577
-0.00162719697642
-0.193052664512
0.0
0.0
-0.0768302727951
0.0
0.0
-0.0543020172028
0.0
-0.120983469309
0.0
0.0
0.0
-0.808405016776
-0.48576013965
-0.896896018668
0.0
-0.122126999493
-0.955773262263
-0.0628749880847
-0.0512128150329
0.0
-0.0729115556465
0.0
0.72447727905
-0.0457643877786
-0.480184616762
-0.0367331801585
0.27189013225
-0.265058476748
-0.646637926985
-0.451365446688
-0.0423181842899
-0.121838593218
-0.0268677939321
-0.0278238494877
0.0265193492704
-0.0910744580951
-0.24172502497
0.0
-0.126345937647
0.0
0.0
-0.493676478509
0.0
-0.0569363697582
0.0
0.0
0.0
-1.76748173939
-0.174587213888
0.0
0.0
-0.207283425585
0.143675729982
0.0
-0.318337594875
-0.130061973791
0.848386897743
-0.652790617168
0.229668016505
0.031306496988
0.0
0.0
-0.556796948214
-0.39915687983
-0.0512380775305
-0.348852996063
0.0
-0.123133129146
0.0
-0.539208272163
0.689288542346
0.0
0.0
-0.024538894775
-0.0481207949767
0.0
0.0
0.350043046366
-0.0954222792708
-0.00554200215132
0.0
-0.437446396688
-0.99611499634
-0.0937094299669
-0.236694074129
-0.131404899386
0.145091521151
-0.0276319953202
-0.44892755747
-2.26017365323
-0.125434086545
0.0
0.0
0.0
0.0
0.0
0.0
0.0
0.0
0.0
0.0
-0.0609681706125
0.0
-0.0791398278454
-0.0160818476412
-0.0757351070276
0.0
-0.0772275010068
0.0
-0.177185734229
0.0
0.0
0.0
0.0
-0.985525311069
0.0
0.0
0.0
0.0
0.0
0.0
0.0
0.0
0.0
-0.245021339806
0.0
0.0
0.0
0.0
-0.00277998927716
0.0
0.0
0.0
-0.00166545582505
-0.0521058620128
-0.00413925672341
-0.0684650063515
-0.000942739132998
0.0
0.0
0.0
0.0
0.0
0.0
0.0
0.0
0.0
0.0
0.0
0.0
0.0
0.0
0.0
0.0
0.0
-0.0575828802161
0.0
0.0
0.0
0.0
0.0
0.0
-0.368787428933
0.0
0.0
-0.368787428933
-0.00911224990319
0.0
0.0
0.0
0.0
0.0
0.0
0.0
0.0
0.0
0.0
-0.00224893801385
0.0
0.0
0.0
0.0
0.0
-0.018986698875
0.0
0.0
0.0
0.0
0.0
-0.0116334161064
0.0
-0.00190916186374
0.0
0.0
-0.0162875651685
-0.00669075806506
0.0
-0.176089984763
-0.0459599611746
0.0
0.0
0.0
0.0
0.0
0.0
0.0
0.0
0.0
0.0
0.0
0.0
0.0
0.0
0.0
0.0
0.0
0.0
0.0
0.0
0.0
0.0
0.0
0.0
0.0
0.0
0.0
0.0
0.0
0.0
0.0
0.0
0.0
0.0
0.0
0.0
0.0
0.0
0.0
0.0
0.0
0.0
0.0
-0.0614447251724
0.0
0.0
-0.022586635984
0.0
0.0
0.0
0.0
0.0
-0.438667857256
0.0
-0.324547076945
0.0
0.0
0.0
0.0
0.0
0.0
0.0
0.0
0.0
-0.00282299282517
0.0
0.0
0.0
0.0
0.0
0.0
0.0
0.0
-0.278035524415
0.0
-0.0451246872646
0.0
-0.00564182605572
-0.116954098621
0.0
0.0
0.0
0.0
-0.246762798237
-0.00275194539687
-0.059435367835
0.0
0.0
0.0
0.0
0.0
0.0
-0.132619388581
0.0
0.0
-0.0397399405121
0.0
0.0
0.0
0.0
0.0
0.0
0.0
-0.00330641483482
0.0
-0.0457679138675
0.0
0.0
-0.141478821431
-0.388261838337
-0.0951698836244
0.0
0.0
0.0
0.0
0.0
0.0
0.0
0.0
0.0
0.0
-0.0982690838596
0.0
0.0
0.0
0.0
-0.489804309151
0.0
0.0
-0.00512407797919
0.0
0.0
0.0
0.0
0.0
0.0
0.0
0.0
0.0
0.0
0.0
0.0
0.0
0.0
0.0
-0.00737706238865
0.0
0.0
0.0
-0.0675888231023
0.0
0.0
0.0
-0.170276392556
-0.0977259287116
0.0
0.0
-0.00785390906993
0.0
0.0
0.0
0.0
0.0
0.0
0.0
-0.0210995678578
0.0
0.0
0.0
0.0
0.0
0.0
0.0
0.0
0.0
0.0
-0.00119100514651
0.0
0.0
0.0
0.0
0.0
-0.227118891845
-0.383161928124
0.0
0.0
-0.0374078516067
-0.00587678266501
-0.0367235699818
0.0
0.0
0.0
-0.0769739366937
0.0
0.0
0.0
0.0
0.0
0.0
0.0
0.0
0.0
0.0
0.0
0.0
0.0
0.0
0.0
0.0
0.0
0.0
0.0
0.0
0.0
0.0
-0.00892510102314
0.0
0.0
0.0
0.0
0.0
0.0
0.0
0.0
0.0
0.0
-0.134656119704
-0.688074776132
-0.186612146256
0.0
-0.0904326756714
0.0
0.0
0.0
0.0
0.0
-0.0702296036335
-0.0149882921136
-0.00181492337291
0.0
0.0
0.0
0.0
-0.133652190756
0.0
0.0
0.0
0.0
0.0715177487823
0.0
0.0
0.0
0.0
0.0
-0.0729115556465
0.0
0.0
-0.0198348601396
0.0
0.0
0.0
-0.135308996568
0.0
0.0
0.0
0.0
0.0
0.0
-0.000825185191778
0.0
0.0
0.0
0.0
0.0
0.0
0.0
-0.00169264123538
0.0
-0.0671984269184
-0.00904690249261
0.0
0.0
0.0
0.0
-0.011546106775
-0.086231853798
0.0
0.0
-0.313884330239
0.0
0.0
0.0
0.0
0.0
0.0
0.0
0.0
-0.0194624211937
0.0
0.0
-0.00222029336075
0.0
-0.0328961017276
-0.0205221176449
-0.0152938648126
-0.017069032396
0.0
0.0
-1.1903065901
-0.0726173459595
-0.0454327639635
0.0
0.0
0.0
0.0
0.0
-0.256490166477
0.0
-0.0396179673815
0.0
-0.0108427486523
0.0
0.0
0.0
0.0
0.0
0.0
-1.41554274825
0.0
0.0
0.0
0.0
0.0
0.0
-0.00987422481238
0.0
0.0
-0.245665167884
0.0
0.0
0.0
0.0
-0.124437148025
0.0
0.0
0.0
0.0
0.0
0.0
-0.0279722188423
0.0
0.0
0.0
0.0
0.0
0.0
0.0
0.0
0.0
0.0
0.0
0.0
0.0
0.0
-0.0702296036335
0.0
0.0
-0.0371857471563
0.0
0.0
0.0
0.0
0.0
0.0
0.0
0.0
0.0
-0.00365284118632
0.0
0.0
-0.0211736829396
-0.054422156055
0.0
0.0
-0.0266568273787
0.0
-0.37336468186
0.0
-0.0529925898166
-0.339496260558
0.0
0.0
0.0
0.0
0.0
-0.0714744667013
-0.0352762051564
-1.05950932556
0.0
0.0
0.0
0.0
-0.3346856994
-0.00098763513397
0.0
-0.0293235222139
0.0
0.0
0.0
0.0
0.0
0.0
0.0
0.0
-0.37975818346
0.0
0.0
0.0
-0.126786210676
-0.00104255264968
0.0
0.0
-0.0317175031685
0.0
-0.057364400999
0.0
0.0
0.0
-0.0019758968792
0.0
0.0
0.0
-0.795761952031
0.0
0.0
0.0
0.0
0.0
-0.0806396611933
0.0
0.0
0.0
0.0
-0.00403157785856
0.0
0.0
0.0806429518686
-0.000789238691805
0.0
0.0
-0.100392164195
0.0
0.0
-0.42457253151
0.0
0.0
-0.0512007289641
0.0
0.0
-0.174103012018
0.0
0.0
-0.1262373884
0.0
0.0
0.0
0.0
0.0
0.0
0.0
-0.00187850821143
0.0
0.0
0.0
0.0
0.0
-0.0487789659786
0.0
0.0
0.0
0.0
-0.0208607875262
0.0
0.0
0.0
0.0
-0.112760632642
0.0
0.0
0.0
-0.0183293860762
0.0
0.0
0.0
0.0
0.0
0.0
0.0
0.0
-0.895510567488
0.0
0.0
-0.780252933383
0.0
-0.0151524456897
0.0
0.0
0.0
0.0
0.0
0.0
-0.0403654212473
0.0
0.0
0.0
0.0
0.0
0.0
0.0
0.0
0.0
0.0
-0.132015127214
0.0
-0.104197941807
0.0
0.0
0.0
0.0
0.0
0.0
0.0
-0.244458582011
0.0
-0.254711662879
0.0
0.0
0.0
0.0
0.0
0.0
0.0
0.0
0.0
0.0
0.0
0.0
-0.843197784515
0.0
-0.0247326710622
0.0
-0.0173730895915
0.0
0.0
-0.012260233027
0.0
0.0
0.0
0.0
-0.655289825086
0.0
-0.0806396611933
0.0
0.0
0.0
0.0
0.0
0.0
-0.0708076009821
0.0
0.0
-0.0207306450774
0.0
0.0
0.0
0.0
0.0
0.0
0.0
0.0
-0.0708076009821
0.0
0.0
0.0
-0.0122758094976
0.0
-0.102666812102
-0.0174961673026
0.0
0.0
-0.287357130998
0.0
0.0
0.0
0.0
-0.000731848595136
-0.863005103944
0.0
0.0
0.0
0.0
0.0
0.0
0.0
0.0
0.0
0.0
0.0
-0.00202271371245
0.0
0.0
-0.0135292526915
0.0
0.0
0.0
0.0
-0.386215221572
-0.0729115556465
-0.0558661762981
0.0
-0.0400374571698
0.0
0.0
0.0
0.0
0.0
0.0
0.0
0.0
0.0
0.0
0.0
-0.0102979657681
0.0
0.0
0.0
0.0
-0.0347477817137
-0.0197617999392
0.0
0.0
0.0
0.0
0.0
-0.0328266842484
0.0
0.0
0.0
0.0
-0.0108191593014
-0.00286523658156
-0.013432758588
-1.0105647371
-0.00257146303437
0.0
0.0
0.0
0.0
-0.00737706238865
0.0
0.0
0.0
0.0
0.0
0.0
0.0
0.0
0.0
0.0
0.0
0.0
0.0
0.0
0.0
0.0
0.0
0.0
0.0
0.0
0.0
-0.100137906297
0.0
0.0
-0.013432758588
0.0
0.0
0.0
0.0
-0.0039717904113
-0.074991710311
0.0
-0.0149131878465
0.0
0.0
0.0
-0.0268660548553
0.0
-0.278224165793
0.0
0.0
0.0
0.0
0.0
-0.638698964996
0.0
-0.0217741753947
0.0
0.0
0.0
0.0
0.0
0.0
0.0
0.0
0.0
0.0
0.0
-0.00751594325683
-0.0379835465303
-0.0489810207435
0.0
-0.112760632642
0.0
0.0
0.0
0.0
-0.405601858998
0.0
-0.328142448157
0.0
-0.0707126737258
0.0
0.0
0.0
0.0
0.0
-0.026790263273
-0.459177638095
0.0
0.0
0.0
0.0
-0.217800014809
0.0
0.0
0.0
-0.988425848933
-0.000754474409994
0.0
0.0
-0.121822355812
-0.00944766628829
0.0
0.0
-0.00284789890423
0.0
-0.0696670511223
0.0
0.0
-0.154911061889
0.0
0.0
0.0
0.0
0.0
0.0
0.0
0.0
0.0
0.0
0.0
0.0
0.0
0.0
0.0
0.0
0.0
0.0
0.0
0.0
0.0
0.0
0.0
0.0
0.0
0.0
0.0
0.0
0.0
0.0
0.0
0.0
0.0
0.0
0.0
0.0
0.0
0.0
0.0
0.0
0.0
0.0
0.0
0.0
0.0
0.0
0.0
0.0
0.0
0.0
-0.0729115556465
0.0
-0.02467480642
-0.0836926311607
0.0
0.0
0.0
-0.0729115556465
0.0
0.0
0.0
-0.475556755874
0.0
-0.234663560463
0.0
0.0
0.0
0.0
0.0
0.0
-0.111246268356
0.0
0.0
0.0
0.0
0.0
0.0
-0.36708199535
-0.512238259664
0.0
0.0
0.0
-0.135782247745
-0.0863294487248
-0.0943579369409
0.0
0.0
0.0
-0.0176614289986
0.0
-0.0297951327289
0.0
0.0
0.0
0.0
0.0
0.0
0.0
-0.90067478172
-0.426036628626
0.0
-0.0421991357156
0.0
0.0
0.0
0.0
0.0
0.0
0.0
0.0
-0.550982433424
-0.0147630146784
0.0
0.0
0.0
0.0
0.0
-0.0353994899299
-0.0180978576805
-0.280828240304
-0.113041450731
0.0
-0.0176656122715
0.0
-0.890914261145
0.0
0.0
-0.00063057069566
0.0
-0.243955398941
0.0
0.0
0.0
-0.011742058963
0.0
0.0
-0.0124540511947
0.0
0.0
-0.37757674452
-0.0407115149199
0.0
0.0
-0.0519482291086
-0.150763735519
-0.00259562870081
0.0
0.0
0.0
-0.0698591284486
0.0
0.0
0.0
0.0
0.0
-0.069878085592
-0.108113346516
-0.118286374478
-0.489388975983
0.0
0.0
-0.0044390772423
0.0
0.0
0.0
-0.151700222971
0.0
0.0
0.0
0.0
0.0
0.0
0.0
0.0
0.0
-0.510495727859
0.0
-0.330174470903
0.0
-0.172429445604
0.0
0.0
0.0
0.0
0.0
0.0
0.0
-0.00381601870371
0.0
0.0
0.0
0.0
0.0
0.0
0.0
0.0
0.0
0.0
0.0
0.0
0.0
0.0
0.0
0.0
0.0
-0.402601076595
0.0
0.0
0.0
0.0
0.0
0.0
0.0
0.0
0.0
0.0
0.0
0.0
0.0
0.0
0.0
0.0
-0.00188643150899
-0.45300163433
-0.0405239320865
0.0
-0.140354916526
0.0
0.0
0.0
-0.218734666939
-0.0737461234929
0.0
-0.0220100031204
0.0
0.0
0.0
0.0
0.0
-0.0095774675602
0.0
0.0
-0.021135813287
-0.0181784913067
0.0
-0.0400062602428
-0.069878085592
0.0
0.0
0.0
0.0
0.0
0.0
-0.0183293860762
0.0
0.0
0.0
0.0
-0.37165273018
0.0
0.0
0.0
-0.034611431217
0.0
0.0
-0.491058637909
0.0
0.0
0.0
-0.0672429104023
0.0
0.0
0.0
0.0
0.0
-0.0719580354503
0.0
0.0
-0.122502230454
-0.275422837003
-0.579141656983
0.0
-0.0177366588648
-1.04217142299
0.0
-0.360478048204
0.0
0.0
0.0
0.0
0.0
0.0
0.0
0.0
0.0
0.0
-0.0130896566999
-0.0298108494646
0.0
0.0
0.0
-0.248059367394
0.0
-0.0693441444653
0.0
-0.437020294248
-0.0718363559611
-0.12651399132
-0.0328435909388
0.0
0.0
0.0
0.0
0.0
0.0
-0.0984800527453
0.0
-0.305423886452
0.0
-0.0109111073015
-0.120950047506
0.0
-0.0117727709566
0.0
0.0
0.0
0.0
0.0
0.0
-0.772071894627
0.0
0.0
0.0
-0.939154602856
0.0
0.0
0.0
0.0
-0.655265094918
0.0
-0.311265659153
0.0
0.0
0.0
0.0
0.0
0.0
0.0
0.0
0.0
0.0
0.0
0.0
0.0
0.0
0.0
0.0
0.0
-0.0729115556465
-0.191491714366
-0.0271927208546
0.0
0.0
-0.00173219348433
0.0
-0.0183293860762
0.0
0.0
0.0
0.0
-0.534759614411
-0.0365818636188
0.0
-0.326002867668
-0.0958245523604
0.0
0.0
0.0
0.0
0.0
0.0
0.0
0.0
-0.258977671302
-0.0140163968898
0.0
0.0
0.0
-0.504529237397
0.0
-0.442348031131
0.0
-0.953756408216
0.0
0.0
0.0
0.0
0.0
0.0
0.0
0.0
0.0
0.0
-0.246540981384
0.0
0.0
-0.729389393756
0.0
-1.04380434156
-1.10387818259
0.167289139732
-0.119866362948
0.0
-0.161270285338
0.0
0.0
0.0
-0.0117118794751
0.0
-0.00661729042926
-0.00616713673703
0.0
0.0
0.0
0.0
0.0
0.0
0.0
0.0
-0.0606686075303
0.0
0.0
0.0
0.0
0.0
0.0
0.0
0.0
0.0
0.0
0.0
0.0
0.0
0.0
0.0
0.0
0.0
0.0
0.0
0.0
0.0
0.0
0.0
0.0
-0.000834588133749
0.0
0.0
-0.0712260663327
-0.0114990960898
0.0
0.0
0.0
0.0
0.0
0.0
0.0
0.0
0.0
0.0
0.0
0.0
0.0
0.0
0.0
0.0
0.0
0.0
0.0
0.0
0.0
0.0
0.0
0.0
-0.0561368254029
0.0
0.0
0.0
0.0
-0.0969232266013
0.0
0.0
0.0
0.0
0.0
0.0
0.0
0.0
0.0
0.0
0.0
-0.140563782568
0.0
0.0
0.0
-0.100339035813
-0.186305889963
0.0
0.0
0.0
-0.0153515966969
0.0
0.0
0.0
0.0
0.0
0.0
0.0
0.0
0.0
0.0
-0.0091366610662
0.0
0.0
0.0
0.0
0.0
0.0
0.0
0.0
0.0
-0.350958956562
0.0
0.0
0.0
0.0
0.0
-0.0279508981424
0.0
0.0
-0.291599464392
-0.491121643441
-0.11602723493
0.0
0.0
-0.16647171472
0.0
0.0
0.0
0.0
-0.224902766042
-0.129917465398
0.0
0.0
0.0
0.0
-0.195501081292
-0.0572677278866
-0.134521557987
-0.0370437755612
0.0
-0.360720064274
0.0
0.0
0.0
0.0
0.0
-0.0368384657134
0.0
-0.77360078617
0.0
-0.391644273291
0.0
0.0
0.0
-0.197840334618
0.0
0.0
0.0
-0.0123888840341
0.0
-0.00655200390458
-0.0729115556465
0.0
0.0
-0.0729115556465
-0.0558657833471
0.0
0.0
0.0
0.0
-0.019014559903
0.0
0.0
0.0
0.0
0.0
0.0
0.0
-0.00985401630299
-0.0236209410649
-0.0183617849909
-0.159159894163
0.0
0.0
0.0
0.0
0.0
-0.0685455819586
0.0
-0.108939730993
0.0
0.0
0.0
-0.227439692428
0.0
0.0
-0.433700092949
0.0
-0.0644045579134
0.0
0.0
0.0
0.0
0.0
0.0
0.0
-0.0239281583935
-0.0540964261855
0.0
0.0
-0.0264889600344
0.0
0.0
0.0
0.0
0.0
-0.0168568363909
0.0
0.0
0.0
0.0
0.0
0.0
-0.599915955999
-0.00101894873714
0.0
-1.20022234394
0.0
0.0
0.0
-0.126698824349
-0.171581859785
-0.00194038916991
0.0
-0.0573183021501
0.0
0.0
0.0
0.0
0.0
-0.240654463402
0.0
0.0
0.0
0.0
0.0
-0.0287208924071
0.0
0.0
-0.145823111293
0.0
0.0
0.0
0.0
0.0
0.0
0.0
-0.0210995678578
0.0
-0.0208886645163
-0.0824558236633
-0.0221952466802
0.0
-0.166872362247
-0.00355325299851
0.0
-0.210316789942
-0.00186552638861
-0.0157131304378
0.0
0.0
0.0
0.0
0.0
0.0
0.0
0.0
-0.00180067794682
0.0
-0.312914777983
-0.392520136164
-0.0165050449988
-0.0279722188423
-0.0276973716298
-1.19059557774
-0.0503869337023
0.0
0.0
0.0
0.0
0.0
-0.132876755783
0.0
0.0
0.0
-0.0265962757242
0.0
-0.0163814467538
0.0
0.0
0.0
0.0
0.0
0.0
-0.114309536165
-0.041162598294
-0.000834588133749
-0.477672023902
0.0
-0.113200279198
-0.142462736463
-0.050868032078
-0.0162076247583
0.0
0.0
0.0
0.0
0.0
0.0
0.0
-0.0180426715287
-0.0210995678578
0.0
-0.211731538534
0.0
0.0
0.0
-0.368787428933
-0.128878508119
-0.0684250310315
0.0
-0.00168051493606
-0.0743347915602
0.0
0.0
0.0
0.0
0.0
0.0
-0.0203526010187
0.0
0.0
-1.3134822023
-0.0312977073607
0.0
0.0
0.0
0.0
-0.0279722188423
0.0
-0.000825185191778
0.0
0.0
0.0
0.0
0.0
0.0
0.0
-0.0553049976184
0.0
-0.00063057069566
0.0
0.0
-0.0395559781068
0.0
0.0
0.0
0.0
0.0
-0.181080783239
0.0
0.0
0.0
0.0
0.111135948546
0.0
0.0
0.0
0.0
-0.0223633265706
0.0
0.0
0.0
0.0
0.0
0.0
0.0
0.0
0.0
0.0
0.0
0.0
-0.255930082836
0.0
0.0
0.0
0.0
0.0
0.0
0.0
-0.386844480745
-0.429511963482
0.0
0.0
0.0
0.0
0.0
-0.240221773416
0.0
0.0
0.0
0.0
-0.522320765212
0.0
0.0
-3.64285842548
-0.141675579117
0.0
0.0
0.0
-0.0283000697994
0.0
-0.0638933484479
-0.181014218681
-0.00135340093623
-0.995300924971
-0.150051384588
-0.0711475362028
-0.160906295668
0.0
0.0
0.0
0.0
0.0
0.0
-0.0107090748614
0.0
0.0
-0.0729115556465
-0.0181351354636
0.0
0.0
0.0
0.0
0.0
0.0
0.0
0.0
-0.705222711448
-0.0163348375154
0.0
0.0
0.0
0.0
0.0
-0.133697687801
0.0
0.0
0.0
-0.115005877952
-0.0466475374443
0.0
0.0
-0.0603251457651
-0.348466522424
0.0
0.0
-0.255179151105
-0.00174775427566
-0.00421359829733
0.0
-0.00114766699221
0.0
-0.0162875651685
-0.142691960056
0.0
0.0
-0.254623780593
0.0
-0.00762359203202
0.0
0.0
0.0
0.0
-0.225846838103
0.0
0.0
0.0
0.0
-0.0645702396172
0.0
0.0
-0.0185927977913
0.0
0.0
0.0
-0.136412660786
0.0
-0.0892666701085
0.0
-0.0102264412703
-0.0151084263753
0.0
0.0
0.0
-0.145823111293
0.0
0.0
0.0
0.0
0.0
0.0
0.0
0.0
0.0
0.0
-0.0778565369574
0.0
0.0
0.0
0.0
0.0
0.0
0.0
0.0
0.0
0.0
0.0
0.0
0.0
0.0
0.0
0.0
0.0
0.0
-0.0958245523604
0.0
-0.0135173363362
0.0
0.0
0.0
0.0
0.0
0.0
0.0
0.0
0.0
0.0
0.0
0.0
-0.0457970180168
0.0
0.0
0.0
0.0
-0.117643447915
0.0
0.0
0.0
0.0
0.0
0.0
-0.0154394691327
0.0195568972224
0.0
-3.02656084202
0.0
-0.0342469667428
0.0
0.0
0.0
0.0
0.0
0.0
0.0
0.0
0.0
0.0
0.0
0.0
0.0
0.0
0.0
0.0
0.0
0.0
0.0
0.0
0.0
0.0
0.0
0.0
0.0
0.0
0.0
0.0
0.0
0.0
0.0
0.0
0.0
0.0
0.0
0.0
0.0
0.0
0.0
0.0
0.0
0.0
0.0
0.0
0.0
0.0
0.0
0.0
0.0
0.0
0.0
0.0
0.0
0.0
0.0
-0.0424946973282
0.0
-0.804382329258
-0.446550255252
0.0
0.0
0.0
0.0
0.0
-0.029390558166
0.0
0.0
-1.14772056478
0.0
0.0
0.0
0.0
-0.0064746574955
0.0
0.0
0.0
-0.159569104755
-0.196052841081
-0.0729115556465
0.0
0.0
0.0
0.0
0.0
0.0
-0.0145267560354
0.0
0.0
0.0
0.0
0.0
0.0
0.0
0.0
0.0
-0.372758099254
-0.0654833333253
-0.136068577109
0.0
0.0
0.0
0.0
0.0
0.0
0.0
-0.587501906896
0.0
0.0
0.0
0.0
-0.0495824005346
0.0
0.0
-3.62553544185
0.0
0.0
0.0
0.0
0.0
0.0
0.0
0.0
0.0
0.0
0.0
0.0
0.0
0.0
0.0
0.0
0.0
-0.54106825124
-0.0693193167096
0.0
-0.0794319833358
0.0
0.0
0.0
-0.420040623696
0.0
-0.556633651465
0.0
0.0
-0.00686402953645
0.0
0.0
0.0
0.0
0.0
0.0
0.0
0.0
-0.0126196101437
0.0
0.0
-0.0154394691327
0.0
0.0
0.0
0.0
0.0
0.0
0.0
0.0
0.0
0.0
0.0
-0.00202271371245
0.0
0.0
0.0
0.0
0.0
0.0
0.0
0.0
0.0
-0.0521711306223
0.0
0.0
0.0
0.0
-0.403314133274
0.0
0.0
0.0
0.0
0.0
0.0
0.0
-0.0214583888947
-0.309619468101
0.0
0.0
0.0
0.0
0.0
-0.0827992383092
0.0
-0.0279722188423
-0.290941520825
0.0
0.0
0.0
0.0
-0.0208432058949
-0.277420392418
0.0
0.0
0.0
-0.00244289994172
0.0
0.0
0.0
0.0
-0.00330641483482
0.0
0.0
0.0
0.0
0.0
0.0
0.0
0.0
-1.05473851461
0.0
0.0
0.0
0.0
0.0
0.0
-0.074770281069
0.0
-0.0638190868912
0.0
0.0
0.0
0.0
0.0
0.0
0.0
0.0
0.0
-0.0729115556465
0.0
0.0
0.0
0.0
-0.111749335598
0.0
0.0
0.0
0.0
-0.069878085592
0.0
0.0
-0.148413749319
0.0
-0.0392914254393
0.0
-0.0138563574721
0.0
0.0
0.0
0.0
0.0
0.0
-0.00265361629083
0.0
0.0
0.0
0.0
0.0
0.0
0.0
0.0
0.0
0.0
0.0
-0.0101462889473
0.0
0.0
0.0
0.0
-0.00286523658156
0.0
0.0
-0.586466987607
-0.947744741459
0.0
0.0
0.0
0.0
0.0
0.0
0.0
0.0
0.0
0.0
0.0
0.0
0.0
0.0
-0.0507514666433
0.0
-0.118919150485
-0.0951698836244
-0.0304325866544
-0.27989518026
0.0
0.0
0.0
0.0
0.0
0.0
0.0
0.0
0.0
0.0
0.0
0.0
0.0
0.0
0.0
0.0
0.0
-0.891233546749
0.0
0.0
0.0
0.0
0.0
-0.00101894873714
0.0
0.0
0.0
0.0
0.0
0.0
0.0
0.0
0.448197233873
-0.0842062229729
0.0
0.0
0.0
0.0
0.0
0.0
0.0
0.0
0.0
0.0
-0.00190508691066
0.0
0.0
-0.340603394281
0.0
0.0
0.0
-0.058299140489
0.0
0.0
0.0
0.0
0.0
0.0
0.0
0.0
0.0
-0.00306085528056
-0.229562455936
0.0
-0.424849919413
0.0
0.0
0.0
0.0
0.0
-0.0467764222239
-0.0155079556766
0.0
0.0
-0.0275132788966
0.0
0.0
-0.0328454244608
0.0
0.0
0.0
0.0
0.0
0.0
0.0
0.0
0.0
0.0
0.0
0.0
0.0
0.0
0.0
0.0
0.0
0.0
0.0
0.0
0.0
0.0
0.0
0.0
0.0
0.0
-0.132216806528
0.0
0.0
-0.0533578978285
-0.00258315921602
-0.186305889963
0.0
0.0
-3.50510962846
0.0
0.0
-0.0219399640899
0.0
0.0
0.0
0.0
0.0
0.0
0.0
-0.72660879135
0.0
0.0
0.0
0.0
0.0
0.0
-0.0807000788369
0.0
0.0
-0.341852427004
0.0
-0.117194017475
0.0
0.0
0.0
0.0
0.0
0.0
-0.00190916186374
-0.0112412745199
0.0
0.0
0.0
-0.10151071836
0.0
-0.225555608049
0.0
0.0
0.0
0.0
0.0
0.0
0.0
0.0
0.0
-0.1447929265
0.0
0.0
0.0
0.0
0.0
0.0
0.0
0.0
0.0
0.0
0.0
0.0
0.0
-0.0208886645163
0.0
0.0
0.0
0.0
0.0
0.0
0.0
0.0
0.0
0.0
-0.0279722188423
0.0
0.0
0.0
-0.526597900839
0.0
-0.197133803865
0.0
-0.277143927041
-0.0181351354636
-0.112969405936
-0.124015152946
0.0
0.0
0.0
-0.0023560390344
0.0
0.0
-0.0250382807162
-0.0120142226919
-0.00193429403659
0.0
0.0
0.0
0.0
0.0
0.0
0.0
0.0
0.0
0.0
0.0
0.0
-0.066678364896
0.0
0.0
0.0
0.0
0.0
0.0
0.0
0.0
0.0
0.0
0.0
0.0
0.0
0.0
0.0
-0.0526119357561
0.0
0.0
0.0
0.0
0.0
0.0
0.0
0.0
-0.0527224446526
0.0
0.0
0.0
0.0
0.0
0.0
-0.0210995678578
-0.0174582041331
0.0
0.0
0.0
0.0
0.0
-0.513852259086
-0.00823764918523
0.0
0.0
0.0
0.0
0.0
-0.054422156055
0.0
0.0
0.0
0.0
0.0
0.0
-0.093165707906
0.0
0.0
0.0
0.0
0.0
0.0
0.0
0.0
0.0
0.0
0.0
-0.101633903635
0.0
0.0
0.0
0.0
-0.0647288993608
0.0
0.0
0.0
-0.390970094821
0.0
-0.0321953901414
-0.0135683087878
0.0
0.0
0.0
0.0
0.0
0.0
-0.0161805554658
0.0
0.0
-0.0318004945886
0.0
-0.00180067794682
0.0
0.0
0.0
0.0
0.0
0.0
0.0
0.0
0.0
0.0
0.0
0.0
-0.595834795844
0.0
0.0
0.0
0.0
-0.116464299452
0.0
0.0
-0.0202905919752
0.0
-0.0232058417102
0.0
0.0
0.0
0.0
0.0
0.0
-0.145704595384
0.0
0.0
0.0
-0.00514667403318
0.0
0.0
0.0
-0.265390380239
0.0
-0.854302413809
0.0
0.0
-0.074321161792
0.0
0.0
0.0
0.0
0.0
0.0
0.0
0.0
0.0
-0.694688705473
0.0
0.0
-3.62553544185
-0.145823111293
0.0
0.0
0.0
0.0
0.0
0.0
0.0
-0.721086637521
0.0
0.0
0.0
0.0
0.0
0.0
-0.391621700442
-0.00101894873714
0.0
-0.139985776213
0.0
-0.025070763977
0.0
0.0
-0.0127770426889
0.0
0.0
0.0
-0.0387940154501
0.0
0.0
0.0
0.0
0.0
0.0
-0.0198957136886
0.0
0.0
0.0
0.0
0.0
0.0
0.0
0.0
0.0
0.0
0.0
0.0
0.0
0.0
0.0
0.0
0.0
0.0
0.0
-0.368787428933
0.0
0.0
0.0
0.0
0.0
-0.00362621233479
0.0
-0.907544320803
-0.132414954658
0.0
-0.104210470677
0.0
0.0
0.0
0.0
0.0
-0.325584544706
-0.145823111293
0.0
-0.0256623832494
0.0
0.0
0.0
0.0
0.0
0.0
0.0
-0.0221105754729
0.0
-0.0344476476355
0.0
0.0
0.0
0.0
0.0
0.0
0.0
-0.21777174967
0.0
-0.0778689676276
0.0
-0.0638572276981
0.0
-0.202950695123
0.0
0.0
0.0
-0.068149320036
0.0
0.0
-0.155370728794
0.0
0.0
0.0
-0.165140058682
0.0
0.0
0.0
-0.0129515194659
-0.00698458680215
-0.0360752650002
0.0
0.0
0.0
0.0
0.0
0.0
0.0
0.0
0.0
-0.119621959069
0.0
0.0
0.0
0.0
-0.00608784411535
0.0
0.0
0.0
-0.0370622729076
-0.281200997798
0.0
0.0
0.0
0.0
-0.0898952252093
0.0
-0.000986213181912
-0.000942739132998
0.0
-6.04446525277
0.0
0.0
0.0
0.0
0.0
0.0
0.0
0.0
0.0
0.0
0.0
-0.0163814467538
-0.0909180357237
-0.0271366175756
0.0
-0.0665814682894
-0.445841534677
0.0
0.0
-0.0329099461349
0.0
0.0
0.0
0.0
0.0
0.0
0.0
0.0
0.0
0.0
0.0
0.0
0.0
0.0
0.0
0.0
-0.136698795272
0.0
-0.0162131701305
0.0
0.0
0.0
0.0
0.0
0.0
0.0
0.0
0.0
-1.40210206507
0.0
0.0
0.0
0.0
-0.0279722188423
0.0
0.0
0.0
0.0
-0.0188921210066
0.0
-0.115464189495
-0.00756193247946
0.0
0.0
0.0
0.0
-0.0860908152937
0.0
-0.0708076009821
0.0
0.0
-0.352704812107
-0.0729115556465
0.0
0.0
-0.18176316596
0.0
0.0
0.0
0.0
-0.0772273467128
0.0
-0.024856782661
0.0
-0.00145418235715
-0.0359391228339
0.0
0.0
0.0
0.0
0.0
-0.0145295517615
0.0
0.0
0.0
-0.284702837643
0.0
0.0
0.0
0.0
0.0
0.0
-0.183851569342
0.0
0.0
0.0
-0.835027714709
0.0
0.0
0.0
0.0
0.0
0.0
0.0
0.0
0.0
-0.0771676231616
0.0
0.0
-0.534920440091
0.0
-0.0381038561195
0.0
0.0
-0.0541270589028
0.0
0.0
0.0
0.0
0.0
0.0
-0.0472125047765
-0.0109503861161
0.0
0.0
-0.506865272825
0.0
0.0
0.0
0.0
0.0
0.0
0.0
0.0
0.0
0.0
0.0
-0.0125182294169
0.0
0.0
0.0
-0.0493332112793
0.0
0.0
0.0
0.0
-0.0138563574721
0.0
0.0
-0.200081385897
0.0
0.0
0.0
-0.162187072685
-0.0986295284461
0.0
-0.154563518624
-0.00977805713402
0.0
0.0
0.0
0.0
0.0
0.0
-0.031668466036
0.0
0.0
0.0
0.0
-0.285558596165
-0.0449271128184
0.0
0.0
-0.0105252966752
0.0
0.0
-0.038184059298
0.0
0.0
0.0
0.0
0.0
0.0
0.0
0.0
0.0
-0.0527178101759
0.0
-0.0908375247016
-0.189750961301
0.0
0.0
0.0
0.0
0.0
0.0
0.0
0.0
0.0
0.0
0.0
0.0
0.0
0.0
0.0
0.0
0.0
0.0
0.0
0.0
0.0
0.0
0.0
0.0
0.0
0.0
0.0
0.0
0.0
0.0
0.0
0.0
0.0
0.0
0.0
0.0
0.0
0.0
0.0
0.0
0.0
0.0
0.0
0.0
0.0
0.0
0.0
0.0
0.0
0.0
0.0
0.0
0.0
0.0
0.0
0.0
0.0
0.0
0.0
0.0
0.0
0.0
0.0
0.0
0.0
0.0
0.0
0.0
0.0
0.0
0.0
0.0
0.0
0.0
0.0
0.0
0.0
0.0
0.0
0.0
0.0
0.0
0.0
0.0
0.0
0.0
0.0
0.0
0.0
0.0
0.0
0.0
0.0
0.0
0.0
0.0
0.0
0.0
0.0
0.0
0.0
0.0
0.0
0.0
0.0
0.0
0.0
0.0
0.0
0.0
0.0
0.0
0.0
0.0
0.0
0.0
0.0
0.0
0.0
0.0
0.0
0.0
0.0
0.0
0.0
0.0
0.0
0.0
0.0
0.0
0.0
0.0
0.0
0.0
0.0
0.0
0.0
0.0
0.0
0.0
0.0
0.0
0.0
0.0
0.0
0.0
0.0
0.0
0.0
0.0
0.0
0.0
0.0
0.0
0.0
0.0
0.0
0.0
0.0
0.0
0.0
0.0
0.0
0.0
0.0
0.0
0.0
0.0
0.0
0.0
0.0
0.0
0.0
0.0
0.0
0.0
0.0
0.0
0.0
0.0
0.0
0.0
0.0
0.0
0.0
0.0
0.0
0.0
0.0
0.0
0.0
0.0
0.0
0.0
0.0
0.0
0.0
0.0
0.0
0.0
0.0
0.0
0.0
0.0
0.0
0.0
0.0
0.0
0.0
0.0
0.0
0.0
0.0
0.0
0.0
0.0
0.0
0.0
0.0
0.0
0.0
0.0
0.0
0.0
0.0
0.0
0.0
0.0
0.0
0.0
0.0
0.0
0.0
0.0
0.0
0.0
0.0
0.0
0.0
0.0
0.0
0.0
0.0
0.0
0.0
0.0
0.0
0.0
0.0
0.0
0.0
0.0
0.0
0.0
0.0
0.0
0.0
0.0
0.0
0.0
0.0
0.0
0.0
0.0
0.0
0.0
0.0
0.0
0.0
0.0
0.0
0.0
0.0
0.0
0.0
0.0
0.0
0.0
0.0
0.0
0.0
0.0
0.0
0.0
0.0
0.0
0.0
0.0
0.0
0.0
0.0
0.0
0.0
0.0
0.0
0.0
0.0
0.0
0.0
0.0
0.0
0.0
0.0
0.0
0.0
0.0
0.0
0.0
0.0
0.0
0.0
0.0
0.0
0.0
0.0
0.0
0.0
0.0
0.0
0.0
0.0
0.0
0.0
0.0
0.0
0.0
0.0
0.0
0.0
0.0
0.0
0.0
0.0
0.0
0.0
0.0
0.0
0.0
0.0
0.0
0.0
0.0
0.0
0.0
0.0
0.0
0.0
0.0
0.0
0.0
0.0
0.0
0.0
0.0
0.0
0.0
0.0
0.0
0.0
0.0
0.0
0.0
0.0
0.0
0.0
0.0
0.0
0.0
0.0
0.0
0.0
0.0
0.0
0.0
0.0
0.0
0.0
0.0
0.0
0.0
0.0
0.0
0.0
0.0
0.0
0.0
0.0
0.0
0.0
0.0
0.0
0.0
0.0
0.0
0.0
0.0
0.0
0.0
0.0
0.0
0.0
0.0
0.0
0.0
0.0
0.0
0.0
0.0
0.0
0.0
0.0
0.0
0.0
0.0
0.0
0.0
0.0
0.0
0.0
0.0
0.0
0.0
0.0
0.0
0.0
0.0
0.0
0.0
0.0
0.0
0.0
0.0
0.0
0.0
0.0
0.0
0.0
0.0
0.0
0.0
0.0
0.0
0.0
0.0
0.0
0.0
0.0
0.0
0.0
0.0
0.0
0.0
0.0
0.0
0.0
0.0
0.0
0.0
0.0
0.0
0.0
0.0
0.0
0.0
0.0
0.0
0.0
0.0
0.0
0.0
0.0
0.0
0.0
0.0
0.0
0.0
0.0
0.0
0.0
0.0
0.0
0.0
0.0
0.0
0.0
0.0
0.0
0.0
0.0
0.0
0.0
0.0
0.0
0.0
0.0
0.0
0.0
0.0
0.0
0.0
0.0
0.0
0.0
0.0
0.0
0.0
0.0
0.0
0.0
0.0
0.0
0.0
0.0
0.0
0.0
0.0
0.0
0.0
0.0
0.0
0.0
0.0
0.0
0.0
0.0
0.0
0.0
0.0
0.0
0.0
0.0
0.0
0.0
0.0
0.0
0.0
0.0
0.0
0.0
0.0
0.0
0.0
0.0
0.0
0.0
0.0
0.0
0.0
0.0
0.0
0.0
0.0
0.0
0.0
0.0
0.0
0.0
0.0
0.0
0.0
0.0
0.0
0.0
0.0
0.0
0.0
0.0
0.0
0.0
0.0
0.0
0.0
0.0
0.0
0.0
0.0
0.0
0.0
0.0
0.0
0.0
0.0
0.0
0.0
0.0
0.0
0.0
0.0
0.0
0.0
0.0
0.0
0.0
0.0
0.0
0.0
0.0
0.0
0.0
0.0
0.0
0.0
0.0
0.0
0.0
0.0
0.0
0.0
0.0
0.0
0.0
0.0
0.0
0.0
0.0
0.0
0.0
0.0
0.0
0.0
0.0
0.0
0.0
0.0
0.0
0.0
0.0
0.0
0.0
0.0
0.0
0.0
0.0
0.0
0.0
0.0
0.0
0.0
0.0
0.0
0.0
0.0
0.0
0.0
0.0
0.0
0.0
0.0
0.0
0.0
0.0
0.0
0.0
0.0
0.0
0.0
0.0
0.0
0.0
0.0
0.0
0.0
0.0
0.0
0.0
0.0
0.0
0.0
0.0
0.0
0.0
0.0
0.0
0.0
0.0
0.0
0.0
0.0
0.0
0.0
0.0
0.0
0.0
0.0
0.0
0.0
0.0
0.0
0.0
0.0
0.0
0.0
0.0
0.0
0.0
0.0
0.0
0.0
0.0
0.0
0.0
0.0
0.0
0.0
0.0
0.0
0.0
0.0
0.0
0.0
0.0
0.0
0.0
0.0
0.0
0.0
0.0
0.0
0.0
0.0
0.0
0.0
0.0
0.0
0.0
0.0
0.0
0.0
0.0
0.0
0.0
0.0
0.0
0.0
0.0
0.0
0.0
0.0
0.0
0.0
0.0
0.0
0.0
0.0
0.0
0.0
0.0
0.0
0.0
0.0
0.0
0.0
0.0
0.0
0.0
0.0
0.0
0.0
0.0
0.0
0.0
0.0
0.0
0.0
0.0
0.0
0.0
0.0
0.0
0.0
0.0
0.0
0.0
0.0
0.0
0.0
0.0
0.0
0.0
0.0
0.0
0.0
0.0
0.0
0.0
0.0
0.0
0.0
0.0
0.0
0.0
0.0
0.0
0.0
0.0
0.0
0.0
0.0
0.0
0.0
0.0
0.0
0.0
0.0
0.0
0.0
0.0
0.0
0.0
0.0
0.0
0.0
0.0
0.0
0.0
0.0
0.0
0.0
0.0
0.0
0.0
0.0
0.0
0.0
0.0
0.0
0.0
0.0
0.0
0.0
0.0
0.0
0.0
0.0
0.0
0.0
0.0
0.0
0.0
0.0
0.0
0.0
0.0
0.0
0.0
0.0
0.0
0.0
0.0
0.0
0.0
0.0
0.0
0.0
0.0
0.0
0.0
0.0
0.0
0.0
0.0
0.0
0.0
0.0
0.0
0.0
0.0
0.0
0.0
0.0
0.0
0.0
0.0
0.0
0.0
0.0
0.0
0.0
0.0
0.0
0.0
0.0
0.0
0.0
0.0
0.0
0.0
0.0
0.0
0.0
0.0
0.0
0.0
0.0
0.0
0.0
0.0
0.0
0.0
0.0
0.0
0.0
0.0
0.0
0.0
0.0
0.0
0.0
0.0
0.0
0.0
0.0
0.0
0.0
0.0
0.0
0.0
0.0
0.0
0.0
0.0
0.0
0.0
0.0
0.0
0.0
0.0
0.0
0.0
0.0
0.0
0.0
0.0
0.0
0.0
0.0
0.0
0.0
0.0
0.0
0.0
0.0
0.0
0.0
0.0
0.0
0.0
0.0
0.0
0.0
0.0
0.0
0.0
0.0
0.0
0.0
0.0
0.0
0.0
0.0
0.0
0.0
0.0
0.0
0.0
0.0
0.0
0.0
0.0
0.0
0.0
0.0
0.0
0.0
0.0
0.0
0.0
0.0
0.0
0.0
0.0
0.0
0.0
0.0
0.0
0.0
0.0
0.0
0.0
0.0
0.0
0.0
0.0
0.0
0.0
0.0
0.0
0.0
0.0
0.0
0.0
0.0
0.0
0.0
0.0
0.0
0.0
0.0
0.0
0.0
0.0
0.0
0.0
0.0
0.0
0.0
0.0
0.0
0.0
0.0
0.0
0.0
0.0
0.0
0.0
0.0
0.0
0.0
0.0
0.0
0.0
0.0
0.0
0.0
0.0
0.0
0.0
0.0
0.0
0.0
0.0
0.0
0.0
0.0
0.0
0.0
0.0
0.0
0.0
0.0
0.0
0.0
0.0
0.0
0.0
0.0
0.0
0.0
0.0
0.0
0.0
0.0
0.0
0.0
0.0
0.0
0.0
0.0
0.0
0.0
0.0
0.0
0.0
0.0
0.0
0.0
0.0
0.0
0.0
0.0
0.0
0.0
0.0
0.0
0.0
0.0
0.0
0.0
0.0
0.0
0.0
0.0
0.0
0.0
0.0
0.0
0.0
0.0
0.0
0.0
0.0
0.0
0.0
0.0
0.0
0.0
0.0
0.0
0.0
0.0
0.0
0.0
0.0
0.0
0.0
0.0
0.0
0.0
0.0
0.0
0.0
0.0
0.0
0.0
0.0
0.0
0.0
0.0
0.0
0.0
0.0
0.0
0.0
0.0
0.0
0.0
0.0
0.0
0.0
0.0
0.0
0.0
0.0
0.0
0.0
0.0
0.0
0.0
0.0
0.0
0.0
0.0
0.0
0.0
0.0
0.0
0.0
0.0
0.0
0.0
0.0
0.0
0.0
0.0
0.0
0.0
0.0
0.0
0.0
0.0
0.0
0.0
0.0
0.0
0.0
0.0
0.0
0.0
0.0
0.0
0.0
0.0
0.0
0.0
0.0
0.0
0.0
0.0
0.0
0.0
0.0
0.0
0.0
0.0
0.0
0.0
0.0
0.0
0.0
0.0
0.0
0.0
0.0
0.0
0.0
0.0
0.0
0.0
0.0
0.0
0.0
0.0
0.0
0.0
0.0
0.0
0.0
0.0
0.0
0.0
0.0
0.0
0.0
0.0
0.0
0.0
0.0
0.0
0.0
0.0
0.0
0.0
0.0
0.0
0.0
0.0
0.0
0.0
0.0
0.0
0.0
0.0
0.0
0.0
0.0
0.0
0.0
0.0
0.0
0.0
0.0
0.0
0.0
0.0
0.0
0.0
0.0
0.0
0.0
0.0
0.0
0.0
0.0
0.0
0.0
0.0
0.0
0.0
0.0
0.0
0.0
0.0
0.0
0.0
0.0
0.0
0.0
0.0
0.0
0.0
0.0
0.0
0.0
0.0
0.0
0.0
0.0
0.0
0.0
0.0
0.0
0.0
0.0
0.0
0.0
0.0
0.0
0.0
0.0
0.0
0.0
0.0
0.0
0.0
0.0
0.0
0.0
0.0
0.0
0.0
0.0
0.0
0.0
0.0
0.0
0.0
0.0
0.0
0.0
0.0
0.0
0.0
0.0
0.0
0.0
0.0
0.0
0.0
0.0
0.0
0.0
0.0
0.0
0.0
0.0
0.0
0.0
0.0
0.0
0.0
0.0
0.0
0.0
0.0
0.0
0.0
0.0
0.0
0.0
0.0
0.0
0.0
0.0
0.0
0.0
0.0
0.0
0.0
0.0
0.0
0.0
0.0
0.0
0.0
0.0
0.0
0.0
0.0
0.0
0.0
0.0
0.0
0.0
0.0
0.0
0.0
0.0
0.0
0.0
0.0
0.0
0.0
0.0
0.0
0.0
0.0
0.0
0.0
0.0
0.0
0.0
0.0
0.0
0.0
0.0
0.0
0.0
0.0
0.0
0.0
0.0
0.0
0.0
0.0
0.0
0.0
0.0
0.0
0.0
0.0
0.0
0.0
0.0
0.0
0.0
0.0
0.0
0.0
0.0
0.0
0.0
0.0
0.0
0.0
0.0
0.0
0.0
0.0
0.0
0.0
0.0
0.0
0.0
0.0
0.0
0.0
0.0
0.0
0.0
0.0
0.0
0.0
0.0
0.0
0.0
0.0
0.0
0.0
0.0
0.0
0.0
0.0
0.0
0.0
0.0
0.0
0.0
0.0
0.0
0.0
0.0
0.0
0.0
0.0
0.0
0.0
0.0
0.0
0.0
0.0
0.0
0.0
0.0
0.0
0.0
0.0
0.0
0.0
0.0
0.0
0.0
0.0
0.0
0.0
0.0
0.0
0.0
0.0
0.0
0.0
0.0
0.0
0.0
0.0
0.0
0.0
0.0
0.0
0.0
0.0
0.0
0.0
0.0
0.0
0.0
0.0
0.0
0.0
0.0
0.0
0.0
0.0
0.0
0.0
0.0
0.0
0.0
0.0
0.0
0.0
0.0
0.0
0.0
0.0
0.0
0.0
0.0
0.0
0.0
0.0
0.0
0.0
0.0
0.0
0.0
0.0
0.0
0.0
0.0
0.0
0.0
0.0
0.0
0.0
0.0
0.0
0.0
0.0
0.0
0.0
0.0
0.0
0.0
0.0
0.0
0.0
0.0
0.0
0.0
0.0
0.0
0.0
0.0
0.0
0.0
0.0
0.0
0.0
0.0
0.0
0.0
0.0
0.0
0.0
0.0
0.0
0.0
0.0
0.0
0.0
0.0
0.0
0.0
0.0
0.0
0.0
0.0
0.0
0.0
0.0
0.0
0.0
0.0
0.0
0.0
0.0
0.0
0.0
0.0
0.0
0.0
0.0
0.0
0.0
0.0
0.0
0.0
0.0
0.0
0.0
0.0
0.0
0.0
0.0
0.0
0.0
0.0
0.0
0.0
0.0
0.0
0.0
0.0
0.0
0.0
0.0
0.0
0.0
0.0
0.0
0.0
0.0
0.0
0.0
0.0
0.0
0.0
0.0
0.0
0.0
0.0
0.0
0.0
0.0
0.0
0.0
0.0
0.0
0.0
0.0
0.0
0.0
0.0
0.0
0.0
0.0
0.0
0.0
0.0
0.0
0.0
0.0
0.0
0.0
0.0
0.0
0.0
0.0
0.0
0.0
0.0
0.0
0.0
0.0
0.0
0.0
0.0
0.0
0.0
0.0
0.0
0.0
0.0
0.0
0.0
0.0
0.0
0.0
0.0
0.0
0.0
0.0
0.0
0.0
0.0
0.0
0.0
0.0
0.0
0.0
0.0
0.0
0.0
0.0
0.0
0.0
0.0
0.0
0.0
0.0
0.0
0.0
0.0
0.0
0.0
0.0
0.0
0.0
0.0
0.0
0.0
0.0
0.0
0.0
0.0
0.0
0.0
0.0
0.0
0.0
0.0
0.0
0.0
0.0
0.0
0.0
0.0
0.0
0.0
0.0
0.0
0.0
0.0
0.0
0.0
0.0
0.0
0.0
0.0
0.0
0.0
0.0
0.0
0.0
0.0
0.0
0.0
0.0
0.0
0.0
0.0
0.0
0.0
0.0
0.0
0.0
0.0
0.0
0.0
0.0
0.0
0.0
0.0
0.0
0.0
0.0
0.0
0.0
0.0
0.0
0.0
0.0
0.0
0.0
0.0
0.0
0.0
0.0
0.0
0.0
0.0
0.0
0.0
0.0
0.0
0.0
0.0
0.0
0.0
0.0
0.0
0.0
0.0
0.0
0.0
0.0
0.0
0.0
0.0
0.0
0.0
0.0
0.0
0.0
0.0
0.0
0.0
0.0
0.0
0.0
0.0
0.0
0.0
0.0
0.0
0.0
0.0
0.0
0.0
0.0
0.0
0.0
0.0
0.0
0.0
0.0
0.0
0.0
0.0
0.0
0.0
0.0
0.0
0.0
0.0
0.0
0.0
0.0
0.0
0.0
0.0
0.0
0.0
0.0
0.0
0.0
0.0
0.0
0.0
0.0
0.0
0.0
0.0
0.0
0.0
0.0
0.0
0.0
0.0
0.0
0.0
0.0
0.0
0.0
0.0
0.0
0.0
0.0
0.0
0.0
0.0
0.0
0.0
0.0
0.0
0.0
0.0
0.0
0.0
0.0
0.0
0.0
0.0
0.0
0.0
0.0
0.0
0.0
0.0
0.0
0.0
0.0
0.0
0.0
0.0
0.0
0.0
0.0
0.0
0.0
0.0
0.0
0.0
0.0
0.0
0.0
0.0
0.0
0.0
0.0
0.0
0.0
0.0
0.0
0.0
0.0
0.0
0.0
0.0
0.0
0.0
0.0
0.0
0.0
0.0
0.0
0.0
0.0
0.0
0.0
0.0
0.0
0.0
0.0
0.0
0.0
0.0
0.0
0.0
0.0
0.0
0.0
0.0
0.0
0.0
0.0
0.0
0.0
0.0
0.0
0.0
0.0
0.0
0.0
0.0
0.0
0.0
0.0
0.0
0.0
0.0
0.0
0.0
0.0
0.0
0.0
0.0
0.0
0.0
0.0
0.0
0.0
0.0
0.0
0.0
0.0
0.0
0.0
0.0
0.0
0.0
0.0
0.0
0.0
0.0
0.0
0.0
0.0
0.0
0.0
0.0
0.0
0.0
0.0
0.0
0.0
0.0
0.0
0.0
0.0
0.0
0.0
0.0
0.0
0.0
0.0
0.0
0.0
0.0
0.0
0.0
0.0
0.0
0.0
0.0
0.0
0.0
0.0
0.0
0.0
0.0
0.0
0.0
0.0
0.0
0.0
0.0
0.0
0.0
0.0
0.0
0.0
0.0
0.0
0.0
0.0
0.0
0.0
0.0
0.0
0.0
0.0
0.0
0.0
0.0
0.0
0.0
0.0
0.0
0.0
0.0
0.0
0.0
0.0
0.0
0.0
0.0
0.0
0.0
0.0
0.0
0.0
0.0
0.0
0.0
0.0
0.0
0.0
0.0
0.0
0.0
0.0
0.0
0.0
0.0
0.0
0.0
0.0
0.0
0.0
0.0
0.0
0.0
0.0
0.0
0.0
0.0
0.0
0.0
0.0
0.0
0.0
0.0
0.0
0.0
0.0
0.0
0.0
0.0
0.0
0.0
0.0
0.0
0.0
0.0
0.0
0.0
0.0
0.0
0.0
0.0
0.0
0.0
0.0
0.0
0.0
0.0
0.0
0.0
0.0
0.0
0.0
0.0
0.0
0.0
0.0
0.0
0.0
0.0
0.0
0.0
0.0
0.0
0.0
0.0
0.0
0.0
0.0
0.0
0.0
0.0
0.0
0.0
0.0
0.0
0.0
0.0
0.0
0.0
0.0
0.0
0.0
0.0
0.0
0.0
0.0
0.0
0.0
0.0
0.0
0.0
0.0
0.0
0.0
0.0
0.0
0.0
0.0
0.0
0.0
0.0
0.0
0.0
0.0
0.0
0.0
0.0
0.0
0.0
0.0
0.0
0.0
0.0
0.0
0.0
0.0
0.0
0.0
0.0
0.0
0.0
0.0
0.0
0.0
0.0
0.0
0.0
0.0
0.0
0.0
0.0
0.0
0.0
0.0
0.0
0.0
0.0
0.0
0.0
0.0
0.0
0.0
0.0
0.0
0.0
0.0
0.0
0.0
0.0
0.0
0.0
0.0
0.0
0.0
0.0
0.0
0.0
0.0
0.0
0.0
0.0
0.0
0.0
0.0
0.0
0.0
0.0
0.0
0.0
0.0
0.0
0.0
0.0
0.0
0.0
0.0
0.0
0.0
0.0
0.0
0.0
0.0
0.0
0.0
0.0
0.0
0.0
0.0
0.0
0.0
0.0
0.0
0.0
0.0
0.0
0.0
0.0
0.0
0.0
0.0
0.0
0.0
0.0
0.0
0.0
0.0
0.0
0.0
0.0
0.0
0.0
0.0
0.0
0.0
0.0
0.0
0.0
0.0
0.0
0.0
0.0
0.0
0.0
0.0
0.0
0.0
0.0
0.0
0.0
0.0
0.0
0.0
0.0
0.0
0.0
0.0
0.0
0.0
0.0
0.0
0.0
0.0
0.0
0.0
0.0
0.0
0.0
0.0
0.0
0.0
0.0
0.0
0.0
0.0
0.0
0.0
0.0
0.0
0.0
0.0
0.0
0.0
0.0
0.0
0.0
0.0
0.0
0.0
0.0
0.0
0.0
0.0
0.0
0.0
0.0
0.0
0.0
0.0
0.0
0.0
0.0
0.0
0.0
0.0
0.0
0.0
0.0
0.0
0.0
0.0
0.0
0.0
0.0
0.0
0.0
0.0
0.0
0.0
0.0
0.0
0.0
0.0
0.0
0.0
0.0
0.0
0.0
0.0
0.0
0.0
0.0
0.0
0.0
0.0
0.0
0.0
0.0
0.0
0.0
0.0
0.0
0.0
0.0
0.0
0.0
0.0
0.0
0.0
0.0
0.0
0.0
0.0
0.0
0.0
0.0
0.0
0.0
0.0
0.0
0.0
0.0
0.0
0.0
0.0
0.0
0.0
0.0
0.0
0.0
0.0
0.0
0.0
0.0
0.0
0.0
0.0
0.0
0.0
0.0
0.0
0.0
0.0
0.0
0.0
0.0
0.0
0.0
0.0
0.0
0.0
0.0
0.0
0.0
0.0
0.0
0.0
0.0
0.0
0.0
0.0
0.0
0.0
0.0
0.0
0.0
0.0
0.0
0.0
0.0
0.0
0.0
0.0
0.0
0.0
0.0
0.0
0.0
0.0
0.0
0.0
0.0
0.0
0.0
0.0
0.0
0.0
0.0
0.0
0.0
0.0
0.0
0.0
0.0
0.0
0.0
0.0
0.0
0.0
0.0
0.0
0.0
0.0
0.0
0.0
0.0
0.0
0.0
0.0
0.0
0.0
0.0
0.0
0.0
0.0
0.0
0.0
0.0
0.0
0.0
0.0
0.0
0.0
0.0
0.0
0.0
0.0
0.0
0.0
0.0
0.0
0.0
0.0
0.0
0.0
0.0
0.0
0.0
0.0
0.0
0.0
0.0
0.0
0.0
0.0
0.0
0.0
0.0
0.0
0.0
0.0
0.0
0.0
0.0
0.0
0.0
0.0
0.0
0.0
0.0
0.0
0.0
0.0
0.0
0.0
0.0
0.0
0.0
0.0
0.0
0.0
0.0
0.0
0.0
0.0
0.0
0.0
0.0
0.0
0.0
0.0
0.0
0.0
0.0
0.0
0.0
0.0
0.0
0.0
0.0
0.0
0.0
0.0
0.0
0.0
0.0
0.0
0.0
0.0
0.0
0.0
0.0
0.0
0.0
0.0
0.0
0.0
0.0
0.0
0.0
0.0
0.0
0.0
0.0
0.0
0.0
0.0
0.0
0.0
0.0
0.0
0.0
0.0
0.0
0.0
0.0
0.0
0.0
0.0
0.0
0.0
0.0
0.0
0.0
0.0
0.0
0.0
0.0
0.0
0.0
0.0
0.0
0.0
0.0
0.0
0.0
0.0
0.0
0.0
0.0
0.0
0.0
0.0
0.0
0.0
0.0
0.0
0.0
0.0
0.0
0.0
0.0
0.0
0.0
0.0
0.0
0.0
0.0
0.0
0.0
0.0
0.0
0.0
0.0
0.0
0.0
0.0
0.0
0.0
0.0
0.0
0.0
0.0
0.0
0.0
0.0
0.0
0.0
0.0
0.0
0.0
0.0
0.0
0.0
0.0
0.0
0.0
0.0
0.0
0.0
0.0
0.0
0.0
0.0
0.0
0.0
0.0
0.0
0.0
0.0
0.0
0.0
0.0
0.0
0.0
0.0
0.0
0.0
0.0
0.0
0.0
0.0
0.0
0.0
0.0
0.0
0.0
0.0
0.0
0.0
0.0
0.0
0.0
0.0
0.0
0.0
0.0
0.0
0.0
0.0
0.0
0.0
0.0
0.0
0.0
0.0
0.0
0.0
0.0
0.0
0.0
0.0
0.0
0.0
0.0
0.0
0.0
0.0
0.0
0.0
0.0
0.0
0.0
0.0
0.0
0.0
0.0
0.0
0.0
0.0
0.0
0.0
0.0
0.0
0.0
0.0
0.0
0.0
0.0
0.0
0.0
0.0
0.0
0.0
0.0
0.0
0.0
0.0
0.0
0.0
0.0
0.0
0.0
0.0
0.0
0.0
0.0
0.0
0.0
0.0
0.0
0.0
0.0
0.0
0.0
0.0
0.0
0.0
0.0
0.0
0.0
0.0
0.0
0.0
0.0
0.0
0.0
0.0
0.0
0.0
0.0
0.0
0.0
0.0
0.0
0.0
0.0
0.0
0.0
0.0
0.0
0.0
0.0
0.0
0.0
0.0
0.0
0.0
0.0
0.0
0.0
0.0
0.0
0.0
0.0
0.0
0.0
0.0
0.0
0.0
0.0
0.0
0.0
0.0
0.0
0.0
0.0
0.0
0.0
0.0
0.0
0.0
0.0
0.0
0.0
0.0
0.0
0.0
0.0
0.0
0.0
0.0
0.0
0.0
0.0
0.0
0.0
0.0
0.0
0.0
0.0
0.0
0.0
0.0
0.0
0.0
0.0
0.0
0.0
0.0
0.0
0.0
0.0
0.0
0.0
0.0
0.0
0.0
0.0
0.0
0.0
0.0
0.0
0.0
0.0
0.0
0.0
0.0
0.0
0.0
0.0
0.0
0.0
0.0
0.0
0.0
0.0
0.0
0.0
0.0
0.0
0.0
0.0
0.0
0.0
0.0
0.0
0.0
0.0
0.0
0.0
0.0
0.0
0.0
0.0
0.0
0.0
0.0
0.0
0.0
0.0
0.0
0.0
0.0
0.0
0.0
0.0
0.0
0.0
0.0
0.0
0.0
0.0
0.0
0.0
0.0
0.0
0.0
0.0
0.0
0.0
0.0
0.0
0.0
0.0
0.0
0.0
0.0
0.0
0.0
0.0
0.0
0.0
0.0
0.0
0.0
0.0
0.0
0.0
0.0
0.0
0.0
0.0
0.0
0.0
0.0
0.0
0.0
0.0
0.0
0.0
0.0
0.0
0.0
0.0
0.0
0.0
0.0
0.0
0.0
0.0
0.0
0.0
0.0
0.0
0.0
0.0
0.0
0.0
0.0
0.0
0.0
0.0
0.0
0.0
0.0
0.0
0.0
0.0
0.0
0.0
0.0
0.0
0.0
0.0
0.0
0.0
0.0
0.0
0.0
0.0
0.0
0.0
0.0
0.0
0.0
0.0
0.0
0.0
0.0
0.0
0.0
0.0
0.0
0.0
0.0
0.0
0.0
0.0
0.0
0.0
0.0
0.0
0.0
0.0
0.0
0.0
0.0
0.0
0.0
0.0
0.0
0.0
0.0
0.0
0.0
0.0
0.0
0.0
0.0
0.0
0.0
0.0
0.0
0.0
0.0
0.0
0.0
0.0
0.0
0.0
0.0
0.0
0.0
0.0
0.0
0.0
0.0
0.0
0.0
0.0
0.0
0.0
0.0
0.0
0.0
0.0
0.0
0.0
0.0
0.0
0.0
0.0
0.0
0.0
0.0
0.0
0.0
0.0
0.0
0.0
0.0
0.0
0.0
0.0
0.0
0.0
0.0
0.0
0.0
0.0
0.0
0.0
0.0
0.0
0.0
0.0
0.0
0.0
0.0
0.0
0.0
0.0
0.0
0.0
0.0
0.0
0.0
0.0
0.0
0.0
0.0
0.0
0.0
0.0
0.0
0.0
0.0
0.0
0.0
0.0
0.0
0.0
0.0
0.0
0.0
0.0
0.0
0.0
0.0
0.0
0.0
0.0
0.0
0.0
0.0
0.0
0.0
0.0
0.0
0.0
0.0
0.0
0.0
0.0
0.0
0.0
0.0
0.0
0.0
0.0
0.0
0.0
0.0
0.0
0.0
0.0
0.0
0.0
0.0
0.0
0.0
0.0
0.0
0.0
0.0
0.0
0.0
0.0
0.0
0.0
0.0
0.0
0.0
0.0
0.0
0.0
0.0
0.0
0.0
0.0
0.0
0.0
0.0
0.0
0.0
0.0
0.0
0.0
0.0
0.0
0.0
0.0
0.0
0.0
0.0
0.0
0.0
0.0
0.0
0.0
0.0
0.0
0.0
0.0
0.0
0.0
0.0
0.0
0.0
0.0
0.0
0.0
0.0
0.0
0.0
0.0
0.0
0.0
0.0
0.0
0.0
0.0
0.0
0.0
0.0
0.0
0.0
0.0
0.0
0.0
0.0
0.0
0.0
0.0
0.0
0.0
0.0
0.0
0.0
0.0
0.0
0.0
0.0
0.0
0.0
0.0
0.0
0.0
0.0
0.0
0.0
0.0
0.0
0.0
0.0
0.0
0.0
0.0
0.0
0.0
0.0
0.0
0.0
0.0
0.0
0.0
0.0
0.0
0.0
0.0
0.0
0.0
0.0
0.0
0.0
0.0
0.0
0.0
0.0
0.0
0.0
0.0
0.0
0.0
0.0
0.0
0.0
0.0
0.0
0.0
0.0
0.0
0.0
0.0
0.0
0.0
0.0
0.0
0.0
0.0
0.0
0.0
0.0
0.0
0.0
0.0
0.0
0.0
0.0
0.0
0.0
0.0
0.0
0.0
0.0
0.0
0.0
0.0
0.0
0.0
0.0
0.0
0.0
0.0
0.0
0.0
0.0
0.0
0.0
0.0
0.0
0.0
0.0
0.0
0.0
0.0
0.0
0.0
0.0
0.0
0.0
0.0
0.0
0.0
0.0
0.0
0.0
0.0
0.0
0.0
0.0
0.0
0.0
0.0
0.0
0.0
0.0
0.0
0.0
0.0
0.0
0.0
0.0
0.0
0.0
0.0
0.0
0.0
0.0
0.0
0.0
0.0
0.0
0.0
0.0
0.0
0.0
0.0
0.0
0.0
0.0
0.0
0.0
0.0
0.0
0.0
0.0
0.0
0.0
0.0
0.0
0.0
0.0
0.0
0.0
0.0
0.0
0.0
0.0
0.0
0.0
0.0
0.0
0.0
0.0
0.0
0.0
0.0
0.0
0.0
0.0
0.0
0.0
0.0
0.0
0.0
0.0
0.0
0.0
0.0
0.0
0.0
0.0
0.0
0.0
0.0
0.0
0.0
0.0
0.0
0.0
0.0
0.0
0.0
0.0
0.0
0.0
0.0
0.0
0.0
0.0
0.0
0.0
0.0
0.0
0.0
0.0
0.0
0.0
0.0
0.0
0.0
0.0
0.0
0.0
0.0
0.0
0.0
0.0
0.0
0.0
0.0
0.0
0.0
0.0
0.0
0.0
0.0
0.0
0.0
0.0
0.0
0.0
0.0
0.0
0.0
0.0
0.0
0.0
0.0
0.0
0.0
0.0
0.0
0.0
0.0
0.0
0.0
0.0
0.0
0.0
0.0
0.0
0.0
0.0
0.0
0.0
0.0
0.0
0.0
0.0
0.0
0.0
0.0
0.0
0.0
0.0
0.0
0.0
0.0
0.0
0.0
0.0
0.0
0.0
0.0
0.0
0.0
0.0
0.0
0.0
0.0
0.0
0.0
0.0
0.0
0.0
0.0
0.0
0.0
0.0
0.0
0.0
0.0
0.0
0.0
0.0
0.0
0.0
0.0
0.0
0.0
0.0
0.0
0.0
0.0
0.0
0.0
0.0
0.0
0.0
0.0
0.0
0.0
0.0
0.0
0.0
0.0
0.0
0.0
0.0
0.0
0.0
0.0
0.0
0.0
0.0
0.0
0.0
0.0
0.0
0.0
0.0
0.0
0.0
0.0
0.0
0.0
0.0
0.0
0.0
0.0
0.0
0.0
0.0
0.0
0.0
0.0
0.0
0.0
0.0
0.0
0.0
0.0
0.0
0.0
0.0
0.0
0.0
0.0
0.0
0.0
0.0
0.0
0.0
0.0
0.0
0.0
0.0
0.0
0.0
0.0
0.0
0.0
0.0
0.0
0.0
0.0
0.0
0.0
0.0
0.0
0.0
0.0
0.0
0.0
0.0
0.0
0.0
0.0
0.0
0.0
0.0
0.0
0.0
0.0
0.0
0.0
0.0
0.0
0.0
0.0
0.0
0.0
0.0
0.0
0.0
0.0
0.0
0.0
0.0
0.0
0.0
0.0
0.0
0.0
0.0
0.0
0.0
0.0
0.0
0.0
0.0
0.0
0.0
0.0
0.0
0.0
0.0
0.0
0.0
0.0
0.0
0.0
0.0
0.0
0.0
0.0
0.0
0.0
0.0
0.0
0.0
0.0
0.0
0.0
0.0
0.0
0.0
0.0
0.0
0.0
0.0
0.0
0.0
0.0
0.0
0.0
0.0
0.0
0.0
0.0
0.0
0.0
0.0
0.0
0.0
0.0
0.0
0.0
0.0
0.0
0.0
0.0
0.0
0.0
0.0
0.0
0.0
0.0
0.0
0.0
0.0
0.0
0.0
0.0
0.0
0.0
0.0
0.0
0.0
0.0
0.0
0.0
0.0
0.0
0.0
0.0
0.0
0.0
0.0
0.0
0.0
0.0
0.0
0.0
0.0
0.0
0.0
0.0
0.0
0.0
0.0
0.0
0.0
0.0
0.0
0.0
0.0
0.0
0.0
0.0
0.0
0.0
0.0
0.0
0.0
0.0
0.0
0.0
0.0
0.0
0.0
0.0
0.0
0.0
0.0
0.0
0.0
0.0
0.0
0.0
0.0
0.0
0.0
0.0
0.0
0.0
0.0
0.0
0.0
0.0
0.0
0.0
0.0
0.0
0.0
0.0
0.0
0.0
0.0
0.0
0.0
0.0
0.0
0.0
0.0
0.0
0.0
0.0
0.0
0.0
0.0
0.0
0.0
0.0
0.0
0.0
0.0
0.0
0.0
0.0
0.0
0.0
0.0
0.0
0.0
0.0
0.0
0.0
0.0
0.0
0.0
0.0
0.0
0.0
0.0
0.0
0.0
0.0
0.0
0.0
0.0
0.0
0.0
0.0
0.0
0.0
0.0
0.0
0.0
0.0
0.0
0.0
0.0
0.0
0.0
0.0
0.0
0.0
0.0
0.0
0.0
0.0
0.0
0.0
0.0
0.0
0.0
0.0
0.0
0.0
0.0
0.0
0.0
0.0
0.0
0.0
0.0
0.0
0.0
0.0
0.0
0.0
0.0
0.0
0.0
0.0
0.0
0.0
0.0
0.0
0.0
0.0
0.0
0.0
0.0
0.0
0.0
0.0
0.0
0.0
0.0
0.0
0.0
0.0
0.0
0.0
0.0
0.0
0.0
0.0
0.0
0.0
0.0
0.0
0.0
0.0
0.0
0.0
0.0
0.0
0.0
0.0
0.0
0.0
0.0
0.0
0.0
0.0
0.0
0.0
0.0
0.0
0.0
0.0
0.0
0.0
0.0
0.0
0.0
0.0
0.0
0.0
0.0
0.0
0.0
0.0
0.0
0.0
0.0
0.0
0.0
0.0
0.0
0.0
0.0
0.0
0.0
0.0
0.0
0.0
0.0
0.0
0.0
0.0
0.0
0.0
0.0
0.0
0.0
0.0
0.0
0.0
0.0
0.0
0.0
0.0
0.0
0.0
0.0
0.0
0.0
0.0
0.0
0.0
0.0
0.0
0.0
0.0
0.0
0.0
0.0
0.0
0.0
0.0
0.0
0.0
0.0
0.0
0.0
0.0
0.0
0.0
0.0
0.0
0.0
0.0
0.0
0.0
0.0
0.0
0.0
0.0
0.0
0.0
0.0
0.0
0.0
0.0
0.0
0.0
0.0
0.0
0.0
0.0
0.0
0.0
0.0
0.0
0.0
0.0
0.0
0.0
0.0
0.0
0.0
0.0
0.0
0.0
0.0
0.0
0.0
0.0
0.0
0.0
0.0
0.0
0.0
0.0
0.0
0.0
0.0
0.0
0.0
0.0
0.0
0.0
0.0
0.0
0.0
0.0
0.0
0.0
0.0
0.0
0.0
0.0
0.0
0.0
0.0
0.0
0.0
0.0
0.0
0.0
0.0
0.0
0.0
0.0
0.0
0.0
0.0
0.0
0.0
0.0
0.0
0.0
0.0
0.0
0.0
0.0
0.0
0.0
0.0
0.0
0.0
0.0
0.0
0.0
0.0
0.0
0.0
0.0
0.0
0.0
0.0
0.0
0.0
0.0
0.0
0.0
0.0
0.0
0.0
0.0
0.0
0.0
0.0
0.0
0.0
0.0
0.0
0.0
0.0
0.0
0.0
0.0
0.0
0.0
0.0
0.0
0.0
0.0
0.0
0.0
0.0
0.0
0.0
0.0
0.0
0.0
0.0
0.0
0.0
0.0
0.0
0.0
0.0
0.0
0.0
0.0
0.0
0.0
0.0
0.0
0.0
0.0
0.0
0.0
0.0
0.0
0.0
0.0
0.0
0.0
0.0
0.0
0.0
0.0
0.0
0.0
0.0
0.0
0.0
0.0
0.0
0.0
0.0
0.0
0.0
0.0
0.0
0.0
0.0
0.0
0.0
0.0
0.0
0.0
0.0
0.0
0.0
0.0
0.0
0.0
0.0
0.0
0.0
0.0
0.0
0.0
0.0
0.0
0.0
0.0
0.0
0.0
0.0
0.0
0.0
0.0
0.0
0.0
0.0
0.0
0.0
0.0
0.0
0.0
0.0
0.0
0.0
0.0
0.0
0.0
0.0
0.0
0.0
0.0
0.0
0.0
0.0
0.0
0.0
0.0
0.0
0.0
0.0
0.0
0.0
0.0
0.0
0.0
0.0
0.0
0.0
0.0
0.0
0.0
0.0
0.0
0.0
0.0
0.0
0.0
0.0
0.0
0.0
0.0
0.0
0.0
0.0
0.0
0.0
0.0
0.0
0.0
0.0
0.0
0.0
0.0
0.0
0.0
0.0
0.0
0.0
0.0
0.0
0.0
0.0
0.0
0.0
0.0
0.0
0.0
0.0
0.0
0.0
0.0
0.0
0.0
0.0
0.0
0.0
0.0
0.0
0.0
0.0
0.0
0.0
0.0
0.0
0.0
0.0
0.0
0.0
0.0
0.0
0.0
0.0
0.0
0.0
0.0
0.0
0.0
0.0
0.0
0.0
0.0
0.0
0.0
0.0
0.0
0.0
0.0
0.0
0.0
0.0
0.0
0.0
0.0
0.0
0.0
0.0
0.0
0.0
0.0
0.0
0.0
0.0
0.0
0.0
0.0
0.0
0.0
0.0
0.0
0.0
0.0
0.0
0.0
0.0
0.0
0.0
0.0
0.0
0.0
0.0
0.0
0.0
0.0
0.0
0.0
0.0
0.0
0.0
0.0
0.0
0.0
0.0
0.0
0.0
0.0
0.0
0.0
0.0
0.0
0.0
0.0
0.0
0.0
0.0
0.0
0.0
0.0
0.0
0.0
0.0
0.0
0.0
0.0
0.0
0.0
0.0
0.0
0.0
0.0
0.0
0.0
0.0
0.0
0.0
0.0
0.0
0.0
0.0
0.0
0.0
0.0
0.0
0.0
0.0
0.0
0.0
0.0
0.0
0.0
0.0
0.0
0.0
0.0
0.0
0.0
0.0
0.0
0.0
0.0
0.0
0.0
0.0
0.0
0.0
0.0
0.0
0.0
0.0
0.0
0.0
0.0
0.0
0.0
0.0
0.0
0.0
0.0
0.0
0.0
0.0
0.0
0.0
0.0
0.0
0.0
0.0
0.0
0.0
0.0
0.0
0.0
0.0
0.0
0.0
0.0
0.0
0.0
0.0
0.0
0.0
0.0
0.0
0.0
0.0
0.0
0.0
0.0
0.0
0.0
0.0
0.0
0.0
0.0
0.0
0.0
0.0
0.0
0.0
0.0
0.0
0.0
0.0
0.0
0.0
0.0
0.0
0.0
0.0
0.0
0.0
0.0
0.0
0.0
0.0
0.0
0.0
0.0
0.0
0.0
0.0
0.0
0.0
0.0
0.0
0.0
0.0
0.0
0.0
0.0
0.0
0.0
0.0
0.0
0.0
0.0
0.0
0.0
0.0
0.0
0.0
0.0
0.0
0.0
0.0
0.0
0.0
0.0
0.0
0.0
0.0
0.0
0.0
0.0
0.0
0.0
0.0
0.0
0.0
0.0
0.0
0.0
0.0
0.0
0.0
0.0
0.0
0.0
0.0
0.0
0.0
0.0
0.0
0.0
0.0
0.0
0.0
0.0
0.0
0.0
0.0
0.0
0.0
0.0
0.0
0.0
0.0
0.0
0.0
0.0
0.0
0.0
0.0
0.0
0.0
0.0
0.0
0.0
0.0
0.0
0.0
0.0
0.0
0.0
0.0
0.0
0.0
0.0
0.0
0.0
0.0
0.0
0.0
0.0
0.0
0.0
0.0
0.0
0.0
0.0
0.0
0.0
0.0
0.0
0.0
0.0
0.0
0.0
0.0
0.0
0.0
0.0
0.0
0.0
0.0
0.0
0.0
0.0
0.0
0.0
0.0
0.0
0.0
0.0
0.0
0.0
0.0
0.0
0.0
0.0
0.0
0.0
0.0
0.0
0.0
0.0
0.0
0.0
0.0
0.0
0.0
0.0
0.0
0.0
0.0
0.0
0.0
0.0
0.0
0.0
0.0
0.0
0.0
0.0
0.0
0.0
0.0
0.0
0.0
0.0
0.0
0.0
0.0
0.0
0.0
0.0
0.0
0.0
0.0
0.0
